0 316 0.305208 0.421759 0.067708 0.062037
0 317 0.493229 0.611111 0.065625 0.061111
0 318 0.669792 0.791204 0.047917 0.052778
0 319 0.653125 0.351852 0.056250 0.057407
0 320 0.666667 0.436574 0.073958 0.075000
0 321 0.573958 0.727315 0.052083 0.052778
0 322 0.367448 0.432407 0.063021 0.059259
0 323 0.667969 0.419907 0.082812 0.060185
0 324 0.727865 0.732870 0.067187 0.060185
0 325 0.312760 0.699537 0.084896 0.071296
0 326 0.509635 0.443519 0.071354 0.061111
0 327 0.526042 0.704167 0.062500 0.050926
0 328 0.631510 0.273611 0.141146 0.128704
0 329 0.299219 0.344907 0.138021 0.117593
0 330 0.496094 0.372222 0.035937 0.061111
0 331 0.789844 0.766204 0.021354 0.039815
0 332 0.685677 0.707870 0.066146 0.054630
0 333 0.676823 0.585185 0.063021 0.066667
0 334 0.471615 0.381481 0.020313 0.040741
0 335 0.521615 0.758796 0.023438 0.043519
0 336 0.336979 0.377778 0.037500 0.059259
