0 815 0.346354 0.420370 0.061458 0.061111
0 816 0.626042 0.262963 0.146875 0.131481
0 817 0.299479 0.395370 0.048958 0.022222
0 818 0.329948 0.348148 0.058854 0.055556
0 819 0.685417 0.801852 0.047917 0.061111
0 820 0.629427 0.306481 0.029687 0.061111
0 821 0.296875 0.344444 0.135417 0.124074
0 822 0.560937 0.722685 0.067708 0.058333
0 823 0.531250 0.771296 0.020833 0.038889
0 824 0.640365 0.425000 0.080729 0.053704
0 825 0.710156 0.719444 0.056771 0.051852
0 826 0.295573 0.687500 0.045312 0.076852
0 827 0.481771 0.434722 0.039583 0.071296
0 828 0.473698 0.345370 0.082812 0.064815
0 829 0.502344 0.696759 0.069271 0.062037
0 830 0.653646 0.414815 0.019792 0.070370
0 831 0.792448 0.777315 0.021354 0.039815
0 832 0.663802 0.701389 0.066146 0.054630
0 833 0.649219 0.588889 0.063021 0.066667
0 834 0.456510 0.343981 0.028646 0.041667
0 835 0.469010 0.620370 0.069271 0.061111
