0 1668 0.292969 0.300000 0.088021 0.059259
0 1669 0.486979 0.683796 0.062500 0.050926
0 1670 0.752604 0.830556 0.047917 0.061111
0 1671 0.610156 0.250463 0.077604 0.049074
0 1672 0.641406 0.356481 0.068229 0.066667
0 1673 0.607031 0.605556 0.063021 0.066667
0 1674 0.551302 0.740278 0.056771 0.052778
0 1675 0.593229 0.796296 0.020833 0.038889
0 1676 0.596615 0.423148 0.074479 0.061111
0 1677 0.700260 0.723611 0.057813 0.047222
0 1678 0.286979 0.668519 0.083333 0.077778
0 1679 0.442969 0.450000 0.071354 0.061111
0 1680 0.436198 0.633333 0.069271 0.061111
0 1681 0.442448 0.319444 0.067187 0.061111
0 1682 0.635938 0.254630 0.146875 0.131481
0 1683 0.323958 0.335185 0.135417 0.124074
0 1684 0.839323 0.807870 0.021354 0.039815
0 1685 0.640365 0.681944 0.066146 0.054630
0 1686 0.315885 0.418981 0.071354 0.062037
0 1687 0.433594 0.283796 0.034896 0.043519
0 1688 0.300260 0.300000 0.077604 0.061111
