0 626 0.300000 0.412963 0.048958 0.042593
0 627 0.472656 0.620370 0.069271 0.061111
0 628 0.673438 0.799074 0.047917 0.061111
0 629 0.630208 0.334259 0.086458 0.059259
0 630 0.664062 0.427315 0.040625 0.062037
0 631 0.562500 0.731481 0.068750 0.053704
0 632 0.352083 0.432407 0.054167 0.059259
0 633 0.626823 0.437500 0.045312 0.063889
0 634 0.711198 0.733333 0.068229 0.051852
0 635 0.298177 0.695370 0.065104 0.074074
0 636 0.483073 0.447222 0.071354 0.061111
0 637 0.508854 0.705093 0.062500 0.050926
0 638 0.626042 0.270370 0.146875 0.131481
0 639 0.296615 0.344907 0.134896 0.123148
0 640 0.477083 0.362037 0.084375 0.062963
0 641 0.788802 0.778241 0.021354 0.039815
0 642 0.666927 0.712500 0.066146 0.054630
0 643 0.654948 0.591667 0.063021 0.066667
0 644 0.459635 0.366204 0.028646 0.041667
0 645 0.524479 0.771296 0.021875 0.040741
0 646 0.333333 0.363426 0.060417 0.058333
