0 378 0.336458 0.375000 0.045833 0.059259
0 379 0.304688 0.423148 0.061458 0.057407
0 380 0.489844 0.615741 0.069271 0.061111
0 381 0.669792 0.792593 0.047917 0.055556
0 382 0.647917 0.348148 0.090625 0.059259
0 383 0.301042 0.349537 0.135417 0.117593
0 384 0.572917 0.731944 0.052083 0.052778
0 385 0.367969 0.440741 0.035937 0.061111
0 386 0.667969 0.419907 0.082812 0.060185
0 387 0.723698 0.735648 0.029687 0.056481
0 388 0.309115 0.700463 0.084896 0.071296
0 389 0.505990 0.445370 0.071354 0.061111
0 390 0.523438 0.706019 0.062500 0.050926
0 391 0.633073 0.276852 0.141146 0.129630
0 392 0.663802 0.436111 0.079687 0.074074
0 393 0.491406 0.371759 0.031771 0.060185
0 394 0.521615 0.762500 0.023438 0.043519
0 395 0.682031 0.711574 0.066146 0.054630
0 396 0.674740 0.591667 0.063021 0.066667
0 397 0.470052 0.379630 0.020313 0.040741
0 398 0.790365 0.771759 0.021354 0.039815
