0 1381 0.306510 0.350926 0.045312 0.059259
0 1382 0.460156 0.652778 0.069271 0.061111
0 1383 0.745313 0.840741 0.047917 0.061111
0 1384 0.642708 0.277778 0.146875 0.131481
0 1385 0.655469 0.389815 0.068229 0.066667
0 1386 0.565625 0.750000 0.061458 0.051852
0 1387 0.337240 0.442130 0.067187 0.063889
0 1388 0.619271 0.441667 0.072917 0.059259
0 1389 0.714323 0.745833 0.057813 0.047222
0 1390 0.300781 0.694444 0.061979 0.074074
0 1391 0.471094 0.466204 0.055729 0.063889
0 1392 0.468229 0.339815 0.078125 0.062963
0 1393 0.502083 0.716204 0.062500 0.050926
0 1394 0.328646 0.353704 0.135417 0.124074
0 1395 0.582812 0.807407 0.020833 0.038889
0 1396 0.658073 0.705093 0.066146 0.054630
0 1397 0.634115 0.626852 0.063021 0.066667
0 1398 0.453385 0.322685 0.028646 0.041667
0 1399 0.837760 0.820833 0.021354 0.039815
