0 462 0.303646 0.424074 0.053125 0.051852
0 463 0.484635 0.619444 0.069271 0.061111
0 464 0.669792 0.795370 0.047917 0.059259
0 465 0.642969 0.344444 0.095312 0.057407
0 466 0.655990 0.435648 0.073438 0.069444
0 467 0.568229 0.733796 0.052083 0.052778
0 468 0.365365 0.436111 0.074479 0.064815
0 469 0.667969 0.419907 0.082812 0.060185
0 470 0.722396 0.733796 0.068750 0.050926
0 471 0.304948 0.701389 0.084896 0.071296
0 472 0.501302 0.447222 0.071354 0.061111
0 473 0.519792 0.708796 0.062500 0.050926
0 474 0.630208 0.274074 0.142708 0.129630
0 475 0.300781 0.349074 0.134896 0.118519
0 476 0.486719 0.372222 0.074479 0.055556
0 477 0.789844 0.774537 0.021354 0.039815
0 478 0.676823 0.715278 0.066146 0.054630
0 479 0.665365 0.591667 0.063021 0.066667
0 480 0.467448 0.376852 0.020313 0.040741
0 481 0.522656 0.768056 0.023438 0.043519
0 482 0.336198 0.371759 0.056771 0.060185
