0 1689 0.291667 0.296296 0.087500 0.059259
0 1690 0.485417 0.683796 0.062500 0.050926
0 1691 0.752083 0.829630 0.047917 0.061111
0 1692 0.610156 0.251852 0.043229 0.050000
0 1693 0.639323 0.353704 0.068229 0.066667
0 1694 0.604948 0.605556 0.063021 0.066667
0 1695 0.550260 0.739352 0.056771 0.052778
0 1696 0.593750 0.796296 0.020833 0.038889
0 1697 0.592708 0.421296 0.069792 0.059259
0 1698 0.697656 0.723611 0.057813 0.047222
0 1699 0.285938 0.666667 0.083333 0.077778
0 1700 0.445833 0.443056 0.044792 0.078704
0 1701 0.434115 0.632407 0.069271 0.061111
0 1702 0.440885 0.318056 0.066146 0.060185
0 1703 0.635417 0.252778 0.146875 0.131481
0 1704 0.323437 0.333333 0.135417 0.124074
0 1705 0.839844 0.807870 0.021354 0.039815
0 1706 0.638281 0.681019 0.066146 0.054630
0 1707 0.314063 0.417130 0.062500 0.060185
0 1708 0.431510 0.281019 0.035937 0.043519
0 1709 0.298958 0.297222 0.072917 0.061111
