0 836 0.298958 0.391667 0.048958 0.022222
0 837 0.467448 0.614815 0.069271 0.061111
0 838 0.687500 0.801852 0.047917 0.061111
0 839 0.632552 0.306019 0.078646 0.054630
0 840 0.650521 0.404630 0.067708 0.051852
0 841 0.561198 0.722222 0.066146 0.057407
0 842 0.346094 0.418981 0.057813 0.060185
0 843 0.640104 0.423611 0.080208 0.052778
0 844 0.710938 0.715278 0.034375 0.058333
0 845 0.295573 0.686574 0.045312 0.076852
0 846 0.481510 0.435185 0.071354 0.061111
0 847 0.502865 0.695833 0.068229 0.060185
0 848 0.626042 0.262037 0.146875 0.131481
0 849 0.296875 0.344444 0.135417 0.124074
0 850 0.473958 0.343519 0.084375 0.062963
0 851 0.794531 0.777315 0.021354 0.039815
0 852 0.663802 0.699537 0.066146 0.054630
0 853 0.648698 0.588889 0.063021 0.066667
0 854 0.456510 0.341204 0.028646 0.041667
0 855 0.534375 0.770370 0.020833 0.038889
0 856 0.329948 0.346296 0.058854 0.055556
