0 1542 0.299219 0.321296 0.085938 0.059259
0 1543 0.494792 0.693056 0.062500 0.050926
0 1544 0.753125 0.836111 0.047917 0.061111
0 1545 0.620573 0.270833 0.085938 0.050926
0 1546 0.651823 0.373148 0.068229 0.066667
0 1547 0.622656 0.615741 0.063021 0.066667
0 1548 0.559375 0.743981 0.056250 0.052778
0 1549 0.589583 0.800926 0.020833 0.038889
0 1550 0.610677 0.435648 0.065104 0.058333
0 1551 0.707031 0.731019 0.057813 0.047222
0 1552 0.292187 0.676852 0.083333 0.077778
0 1553 0.457031 0.457407 0.071354 0.061111
0 1554 0.449479 0.643056 0.029167 0.056481
0 1555 0.454688 0.330093 0.065625 0.060185
0 1556 0.640104 0.268519 0.146875 0.131481
0 1557 0.327083 0.348148 0.135417 0.124074
0 1558 0.840365 0.814352 0.021354 0.039815
0 1559 0.650781 0.693056 0.066146 0.054630
0 1560 0.325521 0.430556 0.054167 0.059259
0 1561 0.446094 0.301389 0.028646 0.041667
0 1562 0.314323 0.317593 0.033854 0.068519
