0 1941 0.283073 0.254167 0.034896 0.063889
0 1942 0.478385 0.663426 0.060937 0.056481
0 1943 0.776042 0.828704 0.047917 0.061111
0 1944 0.594531 0.218519 0.059896 0.050000
0 1945 0.623698 0.324074 0.068229 0.066667
0 1946 0.594010 0.593519 0.063021 0.066667
0 1947 0.547656 0.732870 0.056771 0.052778
0 1948 0.608333 0.787963 0.020833 0.038889
0 1949 0.580469 0.410648 0.065104 0.058333
0 1950 0.691927 0.718981 0.057813 0.047222
0 1951 0.284896 0.656019 0.050000 0.045370
0 1952 0.427344 0.438889 0.071354 0.061111
0 1953 0.426302 0.615741 0.069271 0.061111
0 1954 0.422917 0.291204 0.042708 0.063889
0 1955 0.628646 0.227778 0.146875 0.131481
0 1956 0.323437 0.311111 0.135417 0.124074
0 1957 0.854948 0.806019 0.021354 0.039815
0 1958 0.626823 0.665278 0.066146 0.054630
0 1959 0.296615 0.402778 0.032813 0.066667
0 1960 0.420052 0.256019 0.036979 0.043519
0 1961 0.286198 0.271296 0.031771 0.062963
