0 1459 0.301563 0.335648 0.064583 0.058333
0 1460 0.457031 0.647222 0.069271 0.061111
0 1461 0.751042 0.838889 0.047917 0.061111
0 1462 0.627344 0.285185 0.043229 0.053704
0 1463 0.328646 0.352778 0.135417 0.124074
0 1464 0.562760 0.745833 0.056771 0.052778
0 1465 0.331771 0.436111 0.073958 0.064815
0 1466 0.618750 0.441204 0.077083 0.060185
0 1467 0.709375 0.737037 0.037500 0.055556
0 1468 0.297656 0.685185 0.080729 0.074074
0 1469 0.464844 0.464815 0.071354 0.061111
0 1470 0.498958 0.704167 0.062500 0.050926
0 1471 0.642708 0.275926 0.146875 0.131481
0 1472 0.653906 0.384259 0.068229 0.066667
0 1473 0.460677 0.338889 0.068229 0.059259
0 1474 0.587500 0.803704 0.020833 0.038889
0 1475 0.657031 0.702778 0.047396 0.066667
0 1476 0.629427 0.622222 0.063021 0.066667
0 1477 0.450781 0.314352 0.028646 0.041667
0 1478 0.842448 0.820833 0.021354 0.039815
