0 1626 0.295052 0.307407 0.089063 0.059259
0 1627 0.489583 0.683796 0.062500 0.050926
0 1628 0.752604 0.832407 0.047917 0.061111
0 1629 0.613542 0.256944 0.033333 0.054630
0 1630 0.644531 0.362037 0.068229 0.066667
0 1631 0.610677 0.605556 0.063021 0.066667
0 1632 0.554427 0.741204 0.056771 0.052778
0 1633 0.592187 0.798148 0.020833 0.038889
0 1634 0.601042 0.424074 0.030208 0.061111
0 1635 0.705469 0.723611 0.057813 0.047222
0 1636 0.288542 0.671296 0.083333 0.077778
0 1637 0.447396 0.445370 0.032292 0.072222
0 1638 0.439323 0.635185 0.069271 0.061111
0 1639 0.445312 0.322222 0.068750 0.061111
0 1640 0.637500 0.259259 0.146875 0.131481
0 1641 0.325000 0.339815 0.135417 0.124074
0 1642 0.838281 0.807870 0.021354 0.039815
0 1643 0.645052 0.683796 0.066146 0.054630
0 1644 0.320052 0.422685 0.068229 0.062037
0 1645 0.437760 0.289815 0.032813 0.042593
0 1646 0.305729 0.307407 0.079167 0.059259
