0 336 0.336979 0.376852 0.040625 0.059259
0 337 0.305208 0.421759 0.065625 0.060185
0 338 0.491927 0.612963 0.067187 0.061111
0 339 0.669792 0.791667 0.047917 0.053704
0 340 0.649740 0.350926 0.088021 0.061111
0 341 0.300000 0.345833 0.137500 0.117593
0 342 0.573438 0.729167 0.052083 0.052778
0 343 0.366406 0.432407 0.061979 0.059259
0 344 0.667969 0.419907 0.082812 0.060185
0 345 0.726302 0.733796 0.067187 0.060185
0 346 0.311719 0.700463 0.084896 0.071296
0 347 0.508073 0.444444 0.071354 0.061111
0 348 0.525000 0.705093 0.062500 0.050926
0 349 0.632031 0.274537 0.141146 0.128704
0 350 0.665365 0.436111 0.075521 0.074074
0 351 0.494010 0.371296 0.073438 0.057407
0 352 0.521615 0.759722 0.023438 0.043519
0 353 0.684635 0.708796 0.066146 0.054630
0 354 0.676302 0.587037 0.063021 0.066667
0 355 0.471094 0.381481 0.020313 0.040741
0 356 0.790365 0.768981 0.021354 0.039815
