0 295 0.305729 0.421296 0.069792 0.062963
0 296 0.494010 0.608333 0.064062 0.061111
0 297 0.669792 0.790741 0.047917 0.051852
0 298 0.652604 0.350926 0.057292 0.057407
0 299 0.666146 0.436111 0.075000 0.072222
0 300 0.573958 0.726389 0.052083 0.052778
0 301 0.367969 0.431481 0.064062 0.059259
0 302 0.667969 0.419907 0.082812 0.060185
0 303 0.729167 0.731944 0.066667 0.060185
0 304 0.313802 0.699537 0.084896 0.071296
0 305 0.510677 0.444444 0.032813 0.061111
0 306 0.526563 0.704167 0.062500 0.050926
0 307 0.630990 0.272685 0.141146 0.128704
0 308 0.298177 0.343056 0.139063 0.117593
0 309 0.494010 0.369444 0.072396 0.057407
0 310 0.789323 0.763426 0.021354 0.039815
0 311 0.686719 0.706944 0.066146 0.054630
0 312 0.677865 0.583333 0.063021 0.066667
0 313 0.472135 0.382407 0.020313 0.040741
0 314 0.521094 0.756944 0.023438 0.043519
0 315 0.336719 0.378704 0.034896 0.059259
