0 1647 0.294271 0.303704 0.088542 0.059259
0 1648 0.488021 0.683796 0.062500 0.050926
0 1649 0.752604 0.831481 0.047917 0.061111
0 1650 0.612500 0.253241 0.080208 0.049074
0 1651 0.642969 0.359259 0.068229 0.066667
0 1652 0.608594 0.605556 0.063021 0.066667
0 1653 0.552865 0.740278 0.056771 0.052778
0 1654 0.592708 0.797222 0.020833 0.038889
0 1655 0.600781 0.425000 0.079687 0.062963
0 1656 0.702865 0.723611 0.057813 0.047222
0 1657 0.287500 0.670370 0.083333 0.077778
0 1658 0.445573 0.450926 0.071354 0.061111
0 1659 0.437760 0.634259 0.069271 0.061111
0 1660 0.443750 0.321296 0.067708 0.061111
0 1661 0.636979 0.257407 0.146875 0.131481
0 1662 0.324479 0.337037 0.135417 0.124074
0 1663 0.838802 0.807870 0.021354 0.039815
0 1664 0.642448 0.682870 0.066146 0.054630
0 1665 0.313802 0.416667 0.034896 0.068519
0 1666 0.435677 0.286111 0.033854 0.042593
0 1667 0.303385 0.299074 0.033854 0.068519
