0 253 0.306510 0.421296 0.074479 0.066667
0 254 0.496094 0.603704 0.060937 0.061111
0 255 0.668229 0.786111 0.047917 0.051852
0 256 0.653125 0.351389 0.060417 0.058333
0 257 0.665104 0.437037 0.077083 0.068519
0 258 0.574479 0.723611 0.052083 0.052778
0 259 0.369531 0.429630 0.066146 0.059259
0 260 0.666667 0.426389 0.030208 0.058333
0 261 0.728646 0.729630 0.052083 0.051852
0 262 0.316406 0.699537 0.084896 0.071296
0 263 0.510677 0.440741 0.071354 0.061111
0 264 0.527604 0.702315 0.062500 0.050926
0 265 0.630469 0.270833 0.141146 0.128704
0 266 0.296875 0.339352 0.140625 0.117593
0 267 0.494531 0.367593 0.071354 0.057407
0 268 0.788281 0.759722 0.021354 0.039815
0 269 0.689323 0.705093 0.066146 0.054630
0 270 0.679427 0.578704 0.063021 0.066667
0 271 0.473698 0.384259 0.020313 0.040741
0 272 0.521094 0.755093 0.023438 0.043519
0 273 0.339062 0.385648 0.050000 0.054630
