0 1815 0.285938 0.280093 0.081250 0.058333
0 1816 0.474740 0.673611 0.060937 0.056481
0 1817 0.759375 0.828704 0.047917 0.061111
0 1818 0.597396 0.237037 0.072917 0.051852
0 1819 0.633594 0.337963 0.068229 0.066667
0 1820 0.596094 0.601852 0.063021 0.066667
0 1821 0.547656 0.735648 0.056771 0.052778
0 1822 0.596875 0.792593 0.020833 0.038889
0 1823 0.580990 0.415278 0.065104 0.058333
0 1824 0.691927 0.721759 0.057813 0.047222
0 1825 0.282813 0.659722 0.075000 0.069444
0 1826 0.433073 0.444444 0.071354 0.061111
0 1827 0.428906 0.624074 0.069271 0.061111
0 1828 0.426563 0.305556 0.061458 0.066667
0 1829 0.631771 0.239815 0.146875 0.131481
0 1830 0.322917 0.322222 0.135417 0.124074
0 1831 0.843490 0.807870 0.021354 0.039815
0 1832 0.633854 0.670833 0.038542 0.062037
0 1833 0.302344 0.406481 0.038021 0.066667
0 1834 0.423177 0.267130 0.039062 0.043519
0 1835 0.289844 0.286574 0.073438 0.058333
