0 1563 0.298698 0.318519 0.091146 0.059259
0 1564 0.493229 0.690278 0.062500 0.050926
0 1565 0.753125 0.835185 0.047917 0.061111
0 1566 0.618229 0.270833 0.029167 0.049074
0 1567 0.649740 0.370370 0.068229 0.066667
0 1568 0.619010 0.612037 0.063021 0.066667
0 1569 0.557813 0.743056 0.056250 0.052778
0 1570 0.590104 0.800000 0.020833 0.038889
0 1571 0.607552 0.432870 0.032813 0.063889
0 1572 0.706510 0.729167 0.057813 0.047222
0 1573 0.291667 0.675926 0.083333 0.077778
0 1574 0.455469 0.450463 0.041146 0.073148
0 1575 0.444531 0.637963 0.069271 0.061111
0 1576 0.449479 0.326852 0.070833 0.061111
0 1577 0.639583 0.266667 0.146875 0.131481
0 1578 0.326562 0.346296 0.135417 0.124074
0 1579 0.839844 0.812500 0.021354 0.039815
0 1580 0.649219 0.691204 0.066146 0.054630
0 1581 0.325781 0.428704 0.072396 0.062963
0 1582 0.444010 0.297685 0.029687 0.041667
0 1583 0.311719 0.316204 0.079687 0.063889
