0 127 0.303906 0.419907 0.066146 0.063889
0 128 0.499479 0.595370 0.078125 0.066667
0 129 0.664062 0.768519 0.047917 0.051852
0 130 0.652344 0.347685 0.031771 0.069444
0 131 0.657292 0.440278 0.033333 0.058333
0 132 0.575260 0.718981 0.048438 0.052778
0 133 0.374740 0.429167 0.068229 0.060185
0 134 0.667969 0.419907 0.082812 0.060185
0 135 0.729427 0.728241 0.069271 0.052778
0 136 0.316146 0.695370 0.077083 0.070370
0 137 0.511979 0.434259 0.045833 0.061111
0 138 0.527083 0.695370 0.057292 0.053704
0 139 0.627865 0.265741 0.141146 0.127778
0 140 0.293490 0.331481 0.145313 0.118519
0 141 0.494531 0.362500 0.068229 0.058333
0 142 0.786719 0.746759 0.021354 0.039815
0 143 0.690104 0.697685 0.038542 0.052778
0 144 0.685156 0.569444 0.063021 0.066667
0 145 0.473177 0.382870 0.027604 0.041667
0 146 0.516927 0.744907 0.023438 0.043519
0 147 0.339323 0.385648 0.064062 0.054630
