0 85 0.302865 0.419444 0.063021 0.062963
0 86 0.500781 0.589815 0.073438 0.062963
0 87 0.664583 0.765741 0.047917 0.051852
0 88 0.654948 0.350463 0.082812 0.063889
0 89 0.660937 0.440278 0.085417 0.052778
0 90 0.577344 0.716204 0.056771 0.052778
0 91 0.372917 0.421296 0.039583 0.059259
0 92 0.672917 0.423148 0.030208 0.061111
0 93 0.730729 0.725463 0.041667 0.050926
0 94 0.316406 0.693056 0.074479 0.069444
0 95 0.514583 0.429630 0.070833 0.061111
0 96 0.529687 0.693519 0.063542 0.050000
0 97 0.628385 0.262963 0.141146 0.127778
0 98 0.293490 0.329630 0.145313 0.118519
0 99 0.498958 0.362037 0.041667 0.059259
0 100 0.786719 0.743056 0.021354 0.039815
0 101 0.691927 0.689352 0.055729 0.052778
0 102 0.687240 0.566667 0.063021 0.066667
0 103 0.473438 0.382870 0.030208 0.041667
0 104 0.516406 0.742130 0.023438 0.043519
0 105 0.339062 0.386111 0.068750 0.055556
