0 773 0.347396 0.424537 0.068750 0.063889
0 774 0.626042 0.264815 0.146875 0.131481
0 775 0.300000 0.401852 0.048958 0.025926
0 776 0.329948 0.353704 0.058854 0.055556
0 777 0.680729 0.801852 0.047917 0.061111
0 778 0.629948 0.323148 0.028646 0.050000
0 779 0.296875 0.344444 0.135417 0.124074
0 780 0.555469 0.722685 0.038021 0.060185
0 781 0.528646 0.772222 0.020833 0.038889
0 782 0.626563 0.427315 0.036458 0.054630
0 783 0.708073 0.723148 0.052604 0.048148
0 784 0.295052 0.689352 0.045312 0.076852
0 785 0.482031 0.438889 0.071354 0.061111
0 786 0.473177 0.350463 0.079687 0.069444
0 787 0.505208 0.697685 0.062500 0.050926
0 788 0.648958 0.414352 0.062500 0.060185
0 789 0.791406 0.777315 0.021354 0.039815
0 790 0.664323 0.704167 0.066146 0.054630
0 791 0.649740 0.589815 0.063021 0.066667
0 792 0.456510 0.350463 0.028646 0.041667
0 793 0.470052 0.620370 0.069271 0.061111
