0 1048 0.634896 0.262037 0.146875 0.131481
0 1049 0.712500 0.807407 0.047917 0.061111
0 1050 0.652604 0.387500 0.064583 0.065741
0 1051 0.644531 0.593519 0.063021 0.066667
0 1052 0.563542 0.713889 0.033333 0.057407
0 1053 0.633073 0.415278 0.064062 0.054630
0 1054 0.708854 0.712037 0.031250 0.061111
0 1055 0.297135 0.684722 0.045312 0.076852
0 1056 0.479427 0.435185 0.071354 0.061111
0 1057 0.464323 0.619444 0.069271 0.061111
0 1058 0.472917 0.328704 0.084375 0.062963
0 1059 0.507292 0.691667 0.065625 0.053704
0 1060 0.309375 0.333333 0.135417 0.124074
0 1061 0.554167 0.772222 0.020833 0.038889
0 1062 0.664844 0.692130 0.066146 0.054630
0 1063 0.346094 0.417130 0.058854 0.060185
0 1064 0.453385 0.321759 0.028646 0.041667
0 1065 0.812760 0.786574 0.021354 0.039815
