0 1192 0.461198 0.640741 0.069271 0.061111
0 1193 0.730208 0.834259 0.047917 0.061111
0 1194 0.640104 0.274074 0.146875 0.131481
0 1195 0.655208 0.393056 0.067708 0.065741
0 1196 0.639323 0.612037 0.063021 0.066667
0 1197 0.563281 0.739352 0.056771 0.052778
0 1198 0.626563 0.438426 0.035417 0.069444
0 1199 0.714323 0.732870 0.057813 0.047222
0 1200 0.298438 0.690278 0.051042 0.076852
0 1201 0.475781 0.456019 0.071354 0.060185
0 1202 0.471354 0.337963 0.084375 0.062963
0 1203 0.503646 0.711574 0.062500 0.050926
0 1204 0.320833 0.350000 0.135417 0.124074
0 1205 0.567708 0.796296 0.020833 0.038889
0 1206 0.663281 0.706019 0.066146 0.054630
0 1207 0.343750 0.438889 0.054167 0.059259
0 1208 0.453385 0.328241 0.028646 0.041667
0 1209 0.822656 0.807870 0.021354 0.039815
