0 441 0.303646 0.423611 0.055208 0.052778
0 442 0.485677 0.616667 0.031771 0.064815
0 443 0.669792 0.794907 0.047917 0.058333
0 444 0.645312 0.345833 0.094792 0.058333
0 445 0.657552 0.436111 0.080729 0.072222
0 446 0.570312 0.733796 0.052083 0.052778
0 447 0.365885 0.437963 0.032813 0.066667
0 448 0.667969 0.419907 0.082812 0.060185
0 449 0.723177 0.734722 0.050521 0.047222
0 450 0.305990 0.701389 0.084896 0.071296
0 451 0.502344 0.446296 0.071354 0.061111
0 452 0.519792 0.705556 0.044792 0.064815
0 453 0.630990 0.275000 0.142187 0.129630
0 454 0.301302 0.350000 0.134896 0.118519
0 455 0.488281 0.366204 0.072396 0.067593
0 456 0.789844 0.773611 0.021354 0.039815
0 457 0.678906 0.715278 0.066146 0.054630
0 458 0.667969 0.591667 0.063021 0.066667
0 459 0.467969 0.377778 0.020313 0.040741
0 460 0.522135 0.767130 0.023438 0.043519
0 461 0.336458 0.372685 0.054167 0.060185
