0 1710 0.287500 0.293056 0.035417 0.058333
0 1711 0.482292 0.681481 0.036458 0.061111
0 1712 0.752083 0.828704 0.047917 0.061111
0 1713 0.605990 0.247222 0.073438 0.050000
0 1714 0.637760 0.350926 0.068229 0.066667
0 1715 0.602865 0.605556 0.063021 0.066667
0 1716 0.548698 0.738426 0.056771 0.052778
0 1717 0.594271 0.795370 0.020833 0.038889
0 1718 0.588802 0.419907 0.065104 0.058333
0 1719 0.695052 0.723611 0.057813 0.047222
0 1720 0.284896 0.665741 0.083333 0.077778
0 1721 0.438281 0.449074 0.071354 0.061111
0 1722 0.432552 0.631481 0.069271 0.061111
0 1723 0.434896 0.319444 0.029167 0.062963
0 1724 0.634896 0.250926 0.146875 0.131481
0 1725 0.322917 0.331481 0.135417 0.124074
0 1726 0.840365 0.807870 0.021354 0.039815
0 1727 0.635677 0.680093 0.066146 0.054630
0 1728 0.312500 0.415741 0.054167 0.059259
0 1729 0.430208 0.278704 0.037500 0.044444
0 1730 0.297917 0.298611 0.023958 0.058333
