0 1030 0.464844 0.616667 0.069271 0.061111
0 1031 0.709375 0.802778 0.047917 0.061111
0 1032 0.633854 0.262037 0.146875 0.131481
0 1033 0.652344 0.386574 0.064062 0.065741
0 1034 0.645052 0.591667 0.063021 0.066667
0 1035 0.561198 0.713889 0.065104 0.057407
0 1036 0.634635 0.412963 0.077604 0.053704
0 1037 0.712240 0.711574 0.057813 0.047222
0 1038 0.297135 0.683796 0.045312 0.076852
0 1039 0.479948 0.432407 0.048438 0.077778
0 1040 0.472917 0.327778 0.084375 0.062963
0 1041 0.506510 0.690278 0.066146 0.054630
0 1042 0.308333 0.328704 0.135417 0.124074
0 1043 0.553125 0.768519 0.020833 0.038889
0 1044 0.664844 0.689352 0.066146 0.054630
0 1045 0.346875 0.416667 0.063542 0.061111
0 1046 0.453385 0.320833 0.028646 0.041667
0 1047 0.811719 0.782870 0.021354 0.039815
