0 1248 0.307292 0.357407 0.085417 0.053704
0 1249 0.461198 0.646296 0.069271 0.061111
0 1250 0.734896 0.839815 0.047917 0.061111
0 1251 0.641667 0.279630 0.146875 0.131481
0 1252 0.655469 0.393519 0.068229 0.066667
0 1253 0.563802 0.743981 0.056771 0.052778
0 1254 0.340625 0.439815 0.077083 0.061111
0 1255 0.627344 0.439815 0.074479 0.061111
0 1256 0.710938 0.737963 0.028125 0.062963
0 1257 0.300000 0.693056 0.060417 0.076852
0 1258 0.475260 0.460648 0.071354 0.060185
0 1259 0.470573 0.339815 0.082812 0.062963
0 1260 0.505208 0.714352 0.062500 0.050926
0 1261 0.325521 0.352778 0.135417 0.124074
0 1262 0.572917 0.801852 0.020833 0.038889
0 1263 0.663542 0.710648 0.037500 0.069444
0 1264 0.638802 0.614815 0.063021 0.066667
0 1265 0.453385 0.327315 0.028646 0.041667
0 1266 0.828385 0.815278 0.021354 0.039815
