0 1400 0.305208 0.347222 0.050000 0.059259
0 1401 0.459115 0.650926 0.069271 0.061111
0 1402 0.746875 0.840741 0.047917 0.061111
0 1403 0.642708 0.277778 0.146875 0.131481
0 1404 0.655469 0.389815 0.068229 0.066667
0 1405 0.563802 0.747222 0.058854 0.051852
0 1406 0.337500 0.438889 0.054167 0.059259
0 1407 0.620833 0.443056 0.078125 0.060185
0 1408 0.713281 0.743981 0.057813 0.047222
0 1409 0.302083 0.692130 0.079167 0.071296
0 1410 0.470313 0.464815 0.040625 0.066667
0 1411 0.462760 0.340741 0.077604 0.062963
0 1412 0.501563 0.712500 0.062500 0.050926
0 1413 0.328646 0.353704 0.135417 0.124074
0 1414 0.583854 0.806481 0.020833 0.038889
0 1415 0.657552 0.704167 0.066146 0.054630
0 1416 0.632552 0.625926 0.063021 0.066667
0 1417 0.453385 0.321759 0.028646 0.041667
0 1418 0.838802 0.820833 0.021354 0.039815
