0 169 0.304688 0.420370 0.068750 0.064815
0 170 0.496354 0.595833 0.054167 0.060185
0 171 0.665104 0.775000 0.047917 0.051852
0 172 0.653385 0.350926 0.066146 0.061111
0 173 0.663021 0.438426 0.081250 0.060185
0 174 0.573698 0.720833 0.040104 0.052778
0 175 0.373437 0.430093 0.067708 0.065741
0 176 0.667969 0.419907 0.082812 0.060185
0 177 0.727604 0.727315 0.057292 0.045370
0 178 0.316406 0.696296 0.079687 0.070370
0 179 0.510677 0.435185 0.071354 0.061111
0 180 0.529427 0.697222 0.067187 0.053704
0 181 0.628385 0.266667 0.141146 0.127778
0 182 0.294010 0.332870 0.144271 0.117593
0 183 0.494531 0.364352 0.069271 0.058333
0 184 0.786719 0.752315 0.021354 0.039815
0 185 0.689323 0.698611 0.066146 0.054630
0 186 0.683073 0.571296 0.063021 0.066667
0 187 0.473438 0.383333 0.025000 0.040741
0 188 0.518490 0.748611 0.023438 0.043519
0 189 0.339062 0.385648 0.059375 0.054630
