0 710 0.300000 0.409259 0.048958 0.035185
0 711 0.471094 0.620370 0.069271 0.061111
0 712 0.676042 0.800926 0.047917 0.061111
0 713 0.630208 0.329630 0.031250 0.048148
0 714 0.651823 0.421296 0.056771 0.061111
0 715 0.561198 0.726389 0.067187 0.054630
0 716 0.351302 0.431019 0.072396 0.063889
0 717 0.624479 0.435185 0.043750 0.055556
0 718 0.708333 0.727778 0.056250 0.048148
0 719 0.294792 0.692593 0.071875 0.075926
0 720 0.482552 0.442593 0.071354 0.061111
0 721 0.506250 0.704167 0.062500 0.050926
0 722 0.626042 0.266667 0.146875 0.131481
0 723 0.296875 0.344444 0.135417 0.124074
0 724 0.475000 0.358333 0.084375 0.062963
0 725 0.790365 0.777315 0.021354 0.039815
0 726 0.665104 0.703241 0.034375 0.067593
0 727 0.651823 0.590741 0.063021 0.066667
0 728 0.458073 0.358796 0.028646 0.041667
0 729 0.526042 0.772222 0.020833 0.038889
0 730 0.331250 0.358796 0.059375 0.056481
