0 1174 0.460677 0.638889 0.069271 0.061111
0 1175 0.728646 0.831481 0.047917 0.061111
0 1176 0.639583 0.272222 0.146875 0.131481
0 1177 0.654948 0.392130 0.067187 0.065741
0 1178 0.640365 0.609259 0.063021 0.066667
0 1179 0.562760 0.737500 0.056771 0.052778
0 1180 0.627344 0.433796 0.066146 0.058333
0 1181 0.713802 0.731019 0.057813 0.047222
0 1182 0.297917 0.689352 0.047917 0.076852
0 1183 0.475781 0.454167 0.071354 0.060185
0 1184 0.471354 0.337037 0.084375 0.062963
0 1185 0.503646 0.710648 0.062500 0.050926
0 1186 0.319271 0.348148 0.135417 0.124074
0 1187 0.565625 0.794444 0.020833 0.038889
0 1188 0.663802 0.705093 0.066146 0.054630
0 1189 0.345052 0.437963 0.074479 0.061111
0 1190 0.453385 0.327315 0.028646 0.041667
0 1191 0.821094 0.806019 0.021354 0.039815
