0 957 0.664323 0.690278 0.066146 0.054630
0 958 0.465885 0.615741 0.069271 0.061111
0 959 0.700521 0.801852 0.047917 0.061111
0 960 0.630208 0.262037 0.146875 0.131481
0 961 0.651042 0.395833 0.071875 0.063889
0 962 0.646615 0.586111 0.063021 0.066667
0 963 0.561198 0.717130 0.057813 0.052778
0 964 0.637240 0.418519 0.074479 0.053704
0 965 0.710938 0.713426 0.057292 0.047222
0 966 0.454948 0.326389 0.028646 0.041667
0 967 0.480469 0.435185 0.071354 0.061111
0 968 0.474219 0.330093 0.040104 0.073148
0 969 0.506510 0.688889 0.046354 0.062963
0 970 0.302604 0.332407 0.135417 0.124074
0 971 0.547396 0.768519 0.020833 0.038889
0 972 0.297135 0.681019 0.045312 0.076852
0 973 0.344010 0.415278 0.036979 0.065741
0 974 0.806510 0.780093 0.021354 0.039815
0 975 0.329427 0.336111 0.058854 0.055556
