0 232 0.305729 0.420833 0.072917 0.065741
0 233 0.497396 0.601852 0.059375 0.061111
0 234 0.667708 0.784259 0.047917 0.051852
0 235 0.653385 0.350926 0.061979 0.059259
0 236 0.664583 0.437037 0.078125 0.066667
0 237 0.575000 0.722685 0.052083 0.052778
0 238 0.370833 0.429630 0.067708 0.059259
0 239 0.667969 0.419907 0.082812 0.060185
0 240 0.728385 0.734722 0.050521 0.047222
0 241 0.316146 0.698148 0.083333 0.070370
0 242 0.510677 0.438889 0.071354 0.061111
0 243 0.527604 0.701389 0.062500 0.050926
0 244 0.629948 0.269444 0.141146 0.127778
0 245 0.296354 0.338426 0.141667 0.117593
0 246 0.494271 0.367130 0.070833 0.058333
0 247 0.787760 0.757870 0.021354 0.039815
0 248 0.689323 0.703241 0.066146 0.054630
0 249 0.680469 0.576852 0.063021 0.066667
0 250 0.473177 0.383333 0.021354 0.040741
0 251 0.520573 0.753241 0.023438 0.043519
0 252 0.338542 0.385648 0.052083 0.054630
