0 857 0.298958 0.391667 0.048958 0.022222
0 858 0.468490 0.614352 0.041146 0.063889
0 859 0.690104 0.801852 0.047917 0.061111
0 860 0.632552 0.302315 0.088021 0.054630
0 861 0.649219 0.403704 0.064062 0.055556
0 862 0.561198 0.720833 0.065104 0.056481
0 863 0.345833 0.417593 0.054167 0.059259
0 864 0.639844 0.422222 0.079687 0.051852
0 865 0.710417 0.717593 0.057292 0.050000
0 866 0.296094 0.685648 0.045312 0.076852
0 867 0.480990 0.435185 0.071354 0.061111
0 868 0.504167 0.694907 0.067708 0.058333
0 869 0.626042 0.262037 0.146875 0.131481
0 870 0.296875 0.344444 0.135417 0.124074
0 871 0.472135 0.338889 0.077604 0.066667
0 872 0.797135 0.777315 0.021354 0.039815
0 873 0.663802 0.698611 0.066146 0.054630
0 874 0.648698 0.587963 0.063021 0.066667
0 875 0.456510 0.338426 0.028646 0.041667
0 876 0.538021 0.769444 0.020833 0.038889
0 877 0.329427 0.343519 0.058854 0.055556
