0 584 0.300000 0.414815 0.048958 0.046296
0 585 0.473698 0.620370 0.069271 0.061111
0 586 0.672396 0.798148 0.047917 0.061111
0 587 0.636198 0.337500 0.040104 0.060185
0 588 0.656250 0.435185 0.019792 0.057407
0 589 0.563281 0.733796 0.069271 0.052778
0 590 0.355990 0.435648 0.072396 0.062037
0 591 0.643229 0.438889 0.016667 0.059259
0 592 0.711719 0.732870 0.063021 0.050926
0 593 0.300000 0.697685 0.070833 0.073148
0 594 0.490885 0.444444 0.040104 0.068519
0 595 0.509896 0.706019 0.062500 0.050926
0 596 0.627083 0.270833 0.145833 0.130556
0 597 0.297656 0.346296 0.134896 0.122222
0 598 0.478125 0.363889 0.084375 0.062963
0 599 0.788281 0.779167 0.021354 0.039815
0 600 0.667448 0.714352 0.066146 0.054630
0 601 0.655990 0.591667 0.063021 0.066667
0 602 0.460156 0.368056 0.028646 0.041667
0 603 0.523958 0.770370 0.021875 0.040741
0 604 0.334115 0.365741 0.060937 0.059259
