0 1229 0.307292 0.358796 0.092708 0.052778
0 1230 0.461198 0.644444 0.069271 0.061111
0 1231 0.733333 0.837963 0.047917 0.061111
0 1232 0.641146 0.277778 0.146875 0.131481
0 1233 0.655469 0.393519 0.068229 0.066667
0 1234 0.563802 0.742130 0.056771 0.052778
0 1235 0.341146 0.440278 0.080208 0.062037
0 1236 0.628906 0.438889 0.075521 0.061111
0 1237 0.714844 0.735648 0.057813 0.047222
0 1238 0.299479 0.692130 0.057292 0.076852
0 1239 0.475260 0.458796 0.071354 0.060185
0 1240 0.470833 0.339815 0.083333 0.062963
0 1241 0.503646 0.714352 0.062500 0.050926
0 1242 0.323958 0.351852 0.135417 0.124074
0 1243 0.571875 0.800926 0.020833 0.038889
0 1244 0.662760 0.707870 0.066146 0.054630
0 1245 0.638802 0.614815 0.063021 0.066667
0 1246 0.453385 0.328241 0.028646 0.041667
0 1247 0.826302 0.812500 0.021354 0.039815
