0 1267 0.307812 0.356944 0.078125 0.054630
0 1268 0.464323 0.646759 0.039062 0.062037
0 1269 0.736979 0.841667 0.047917 0.061111
0 1270 0.642708 0.281481 0.146875 0.131481
0 1271 0.655469 0.392593 0.068229 0.066667
0 1272 0.563802 0.745833 0.056771 0.052778
0 1273 0.340365 0.439815 0.074479 0.061111
0 1274 0.625781 0.439352 0.073438 0.060185
0 1275 0.715885 0.739352 0.057813 0.047222
0 1276 0.300521 0.693519 0.063542 0.077778
0 1277 0.474740 0.462500 0.071354 0.060185
0 1278 0.470313 0.339815 0.082292 0.062963
0 1279 0.505990 0.713889 0.043229 0.066667
0 1280 0.327083 0.353704 0.135417 0.124074
0 1281 0.574479 0.803704 0.020833 0.038889
0 1282 0.661719 0.709722 0.066146 0.054630
0 1283 0.638802 0.614815 0.063021 0.066667
0 1284 0.453385 0.326389 0.028646 0.041667
0 1285 0.830469 0.818056 0.021354 0.039815
