0 43 0.302604 0.418981 0.060417 0.062037
0 44 0.503906 0.587037 0.041146 0.061111
0 45 0.664583 0.760185 0.047917 0.051852
0 46 0.655990 0.349537 0.084896 0.060185
0 47 0.661979 0.439352 0.066667 0.058333
0 48 0.579427 0.714352 0.065104 0.052778
0 49 0.377865 0.422685 0.068229 0.060185
0 50 0.672396 0.419907 0.078125 0.060185
0 51 0.734896 0.726852 0.065625 0.050000
0 52 0.316146 0.692130 0.071875 0.069444
0 53 0.518490 0.429630 0.069271 0.061111
0 54 0.532292 0.692130 0.069792 0.047222
0 55 0.628906 0.261111 0.141146 0.127778
0 56 0.293490 0.327778 0.145313 0.118519
0 57 0.499219 0.362500 0.052604 0.056481
0 58 0.786719 0.739352 0.021354 0.039815
0 59 0.694271 0.689352 0.072917 0.052778
0 60 0.689844 0.563889 0.063021 0.066667
0 61 0.473177 0.381944 0.032813 0.041667
0 62 0.515885 0.738426 0.023438 0.043519
0 63 0.339323 0.385185 0.030729 0.053704
