0 1605 0.296615 0.311111 0.090104 0.059259
0 1606 0.490625 0.684722 0.062500 0.050926
0 1607 0.752604 0.833333 0.047917 0.061111
0 1608 0.616927 0.258333 0.084896 0.050000
0 1609 0.646615 0.364815 0.068229 0.066667
0 1610 0.612760 0.605556 0.063021 0.066667
0 1611 0.555469 0.742130 0.056771 0.052778
0 1612 0.591146 0.798148 0.020833 0.038889
0 1613 0.598698 0.426389 0.065104 0.058333
0 1614 0.705990 0.725463 0.057813 0.047222
0 1615 0.289583 0.673148 0.083333 0.077778
0 1616 0.450781 0.452778 0.071354 0.061111
0 1617 0.440885 0.636111 0.069271 0.061111
0 1618 0.446615 0.324074 0.069271 0.061111
0 1619 0.638021 0.262037 0.146875 0.131481
0 1620 0.325521 0.341667 0.135417 0.124074
0 1621 0.838802 0.808796 0.021354 0.039815
0 1622 0.646615 0.685648 0.066146 0.054630
0 1623 0.322135 0.424074 0.067187 0.061111
0 1624 0.439844 0.292593 0.031771 0.042593
0 1625 0.307292 0.309722 0.079167 0.060185
