0 1752 0.286198 0.290741 0.075521 0.057407
0 1753 0.481771 0.682870 0.062500 0.050926
0 1754 0.753646 0.828704 0.047917 0.061111
0 1755 0.605208 0.244444 0.090625 0.053704
0 1756 0.638281 0.344444 0.068229 0.066667
0 1757 0.599219 0.605556 0.063021 0.066667
0 1758 0.547656 0.737500 0.056771 0.052778
0 1759 0.595313 0.794444 0.020833 0.038889
0 1760 0.585677 0.418056 0.065104 0.058333
0 1761 0.690104 0.723148 0.038542 0.068519
0 1762 0.282813 0.662963 0.083333 0.077778
0 1763 0.436198 0.447222 0.071354 0.061111
0 1764 0.430469 0.628704 0.069271 0.061111
0 1765 0.430469 0.311111 0.068229 0.061111
0 1766 0.633333 0.246296 0.146875 0.131481
0 1767 0.322917 0.327778 0.135417 0.124074
0 1768 0.841406 0.807870 0.021354 0.039815
0 1769 0.634115 0.678241 0.042188 0.065741
0 1770 0.308073 0.415741 0.079687 0.066667
0 1771 0.427344 0.273611 0.038021 0.043519
0 1772 0.294531 0.291204 0.066146 0.060185
