0 483 0.303125 0.424074 0.051042 0.050000
0 484 0.483073 0.620370 0.069271 0.061111
0 485 0.669792 0.795833 0.047917 0.060185
0 486 0.641406 0.343519 0.096354 0.057407
0 487 0.653906 0.435648 0.071354 0.069444
0 488 0.566667 0.733796 0.052083 0.052778
0 489 0.360938 0.437963 0.054167 0.059259
0 490 0.667969 0.419907 0.082812 0.060185
0 491 0.719792 0.733333 0.066667 0.051852
0 492 0.303906 0.702315 0.084896 0.071296
0 493 0.498698 0.447222 0.071354 0.061111
0 494 0.517188 0.707870 0.062500 0.050926
0 495 0.629948 0.273148 0.143229 0.129630
0 496 0.300260 0.348611 0.134896 0.119444
0 497 0.483073 0.369444 0.050521 0.059259
0 498 0.789323 0.775463 0.021354 0.039815
0 499 0.675260 0.715278 0.066146 0.054630
0 500 0.663281 0.591667 0.063021 0.066667
0 501 0.466927 0.375926 0.020313 0.040741
0 502 0.522656 0.769907 0.023438 0.043519
0 503 0.335938 0.370833 0.059375 0.060185
