0 1305 0.307552 0.356019 0.063021 0.056481
0 1306 0.461719 0.651852 0.069271 0.061111
0 1307 0.739583 0.843519 0.047917 0.061111
0 1308 0.642708 0.279630 0.146875 0.131481
0 1309 0.655469 0.391667 0.068229 0.066667
0 1310 0.566927 0.752778 0.036979 0.055556
0 1311 0.339323 0.439352 0.068229 0.060185
0 1312 0.622656 0.440278 0.071354 0.060185
0 1313 0.715885 0.742130 0.057813 0.047222
0 1314 0.301563 0.695370 0.069792 0.077778
0 1315 0.474219 0.466204 0.071354 0.060185
0 1316 0.469531 0.339815 0.080729 0.062963
0 1317 0.504167 0.718981 0.062500 0.050926
0 1318 0.328646 0.354630 0.135417 0.124074
0 1319 0.577083 0.806481 0.020833 0.038889
0 1320 0.660677 0.709722 0.066146 0.054630
0 1321 0.638802 0.614815 0.063021 0.066667
0 1322 0.453385 0.325463 0.028646 0.041667
0 1323 0.833594 0.820833 0.021354 0.039815
