0 503 0.336458 0.371296 0.062500 0.061111
0 504 0.303125 0.425463 0.048958 0.049074
0 505 0.480469 0.619907 0.030729 0.062037
0 506 0.669792 0.797222 0.047917 0.061111
0 507 0.639844 0.342593 0.097396 0.057407
0 508 0.299740 0.347685 0.134896 0.119444
0 509 0.564583 0.732870 0.052083 0.052778
0 510 0.360417 0.436574 0.068750 0.062037
0 511 0.667969 0.419907 0.082812 0.060185
0 512 0.717708 0.732870 0.064583 0.052778
0 513 0.302865 0.700463 0.081771 0.071296
0 514 0.496094 0.447222 0.071354 0.061111
0 515 0.514583 0.706944 0.062500 0.050926
0 516 0.629167 0.273611 0.143750 0.130556
0 517 0.652083 0.435648 0.069792 0.069444
0 518 0.486198 0.366204 0.036979 0.065741
0 519 0.522917 0.769444 0.022917 0.042593
0 520 0.673177 0.715278 0.066146 0.054630
0 521 0.660677 0.591667 0.063021 0.066667
0 522 0.466667 0.375926 0.020833 0.040741
0 523 0.789323 0.776389 0.021354 0.039815
