0 1419 0.303385 0.343056 0.054688 0.058333
0 1420 0.458594 0.650000 0.069271 0.061111
0 1421 0.747917 0.839815 0.047917 0.061111
0 1422 0.630990 0.290278 0.094271 0.050926
0 1423 0.328646 0.353704 0.135417 0.124074
0 1424 0.562760 0.745833 0.056771 0.052778
0 1425 0.334635 0.437037 0.030729 0.061111
0 1426 0.622917 0.444444 0.083333 0.061111
0 1427 0.712240 0.742130 0.057813 0.047222
0 1428 0.300260 0.689815 0.079687 0.072222
0 1429 0.469010 0.468519 0.071354 0.061111
0 1430 0.503385 0.709259 0.041146 0.061111
0 1431 0.642708 0.276852 0.146875 0.131481
0 1432 0.655469 0.389815 0.068229 0.066667
0 1433 0.462760 0.344907 0.027604 0.063889
0 1434 0.585417 0.805556 0.020833 0.038889
0 1435 0.656510 0.703241 0.066146 0.054630
0 1436 0.631510 0.625000 0.063021 0.066667
0 1437 0.453385 0.321759 0.028646 0.041667
0 1438 0.840365 0.820833 0.021354 0.039815
