0 1920 0.285938 0.262037 0.090625 0.059259
0 1921 0.477865 0.665278 0.060937 0.056481
0 1922 0.772396 0.828704 0.047917 0.061111
0 1923 0.594531 0.221296 0.059896 0.050000
0 1924 0.625260 0.325926 0.068229 0.066667
0 1925 0.594531 0.595370 0.063021 0.066667
0 1926 0.547656 0.733796 0.056771 0.052778
0 1927 0.605729 0.788889 0.020833 0.038889
0 1928 0.579948 0.411574 0.065104 0.058333
0 1929 0.691927 0.719907 0.057813 0.047222
0 1930 0.284375 0.656944 0.054167 0.049074
0 1931 0.427865 0.439352 0.044271 0.069444
0 1932 0.426823 0.617593 0.069271 0.061111
0 1933 0.426042 0.297685 0.085417 0.071296
0 1934 0.629167 0.229630 0.146875 0.131481
0 1935 0.322917 0.312963 0.135417 0.124074
0 1936 0.852344 0.806019 0.021354 0.039815
0 1937 0.627344 0.667130 0.066146 0.054630
0 1938 0.299479 0.405093 0.061458 0.065741
0 1939 0.418750 0.256481 0.036458 0.040741
0 1940 0.287500 0.275926 0.070833 0.062963
