0 64 0.302865 0.418981 0.061979 0.062037
0 65 0.501823 0.587037 0.071354 0.061111
0 66 0.664583 0.764815 0.047917 0.051852
0 67 0.653646 0.349074 0.039583 0.061111
0 68 0.659896 0.427315 0.026042 0.063889
0 69 0.578385 0.715278 0.060937 0.052778
0 70 0.376042 0.425463 0.067708 0.062037
0 71 0.670312 0.419907 0.080208 0.060185
0 72 0.734115 0.729630 0.065104 0.051852
0 73 0.316146 0.693056 0.072917 0.069444
0 74 0.514583 0.429630 0.031250 0.061111
0 75 0.530729 0.693056 0.066667 0.049074
0 76 0.628385 0.262037 0.141146 0.127778
0 77 0.293490 0.328704 0.145313 0.118519
0 78 0.498958 0.362037 0.046875 0.057407
0 79 0.786719 0.741204 0.021354 0.039815
0 80 0.697396 0.689352 0.036458 0.052778
0 81 0.688281 0.565741 0.063021 0.066667
0 82 0.472917 0.381944 0.031250 0.041667
0 83 0.515885 0.740278 0.023438 0.043519
0 84 0.339323 0.387037 0.071354 0.055556
