0 1324 0.308073 0.355556 0.055729 0.057407
0 1325 0.462500 0.652315 0.040625 0.063889
0 1326 0.741146 0.842593 0.047917 0.061111
0 1327 0.642708 0.279630 0.146875 0.131481
0 1328 0.655469 0.391667 0.068229 0.066667
0 1329 0.569010 0.756481 0.068229 0.051852
0 1330 0.339062 0.439352 0.065625 0.060185
0 1331 0.621094 0.440741 0.070312 0.059259
0 1332 0.715885 0.743981 0.057813 0.047222
0 1333 0.302083 0.696296 0.072917 0.077778
0 1334 0.474219 0.468519 0.071354 0.061111
0 1335 0.469271 0.339815 0.080208 0.062963
0 1336 0.504167 0.719907 0.062500 0.050926
0 1337 0.328646 0.354630 0.135417 0.124074
0 1338 0.578646 0.807407 0.020833 0.038889
0 1339 0.660156 0.708796 0.066146 0.054630
0 1340 0.637240 0.619444 0.063021 0.066667
0 1341 0.453385 0.324537 0.028646 0.041667
0 1342 0.834635 0.820833 0.021354 0.039815
