0 1286 0.307552 0.356481 0.070312 0.055556
0 1287 0.461198 0.650000 0.069271 0.061111
0 1288 0.738542 0.844444 0.047917 0.061111
0 1289 0.642708 0.280556 0.146875 0.131481
0 1290 0.655469 0.392593 0.068229 0.066667
0 1291 0.564323 0.747685 0.056771 0.052778
0 1292 0.339844 0.439815 0.071354 0.061111
0 1293 0.624219 0.440278 0.072396 0.060185
0 1294 0.716406 0.741204 0.057813 0.047222
0 1295 0.301042 0.694444 0.066667 0.077778
0 1296 0.473177 0.463426 0.041146 0.075000
0 1297 0.470052 0.339815 0.081771 0.062963
0 1298 0.504687 0.717130 0.062500 0.050926
0 1299 0.328646 0.355556 0.135417 0.124074
0 1300 0.576042 0.804630 0.020833 0.038889
0 1301 0.661719 0.711574 0.066146 0.054630
0 1302 0.638802 0.614815 0.063021 0.066667
0 1303 0.453385 0.326389 0.028646 0.041667
0 1304 0.832552 0.821759 0.021354 0.039815
