0 1 0.301823 0.419444 0.057813 0.061111
0 2 0.509115 0.587037 0.072396 0.061111
0 3 0.664323 0.760185 0.023438 0.051852
0 4 0.660677 0.349074 0.032813 0.061111
0 5 0.659896 0.429630 0.031250 0.068519
0 6 0.581771 0.714352 0.047917 0.052778
0 7 0.382292 0.424537 0.079167 0.052778
0 8 0.677344 0.419907 0.073438 0.060185
0 9 0.736979 0.723611 0.067708 0.047222
0 10 0.316406 0.691204 0.069271 0.069444
0 11 0.519531 0.429630 0.028646 0.061111
0 12 0.534896 0.691667 0.076042 0.044444
0 13 0.629427 0.259259 0.141146 0.127778
0 14 0.293490 0.326852 0.145313 0.118519
0 15 0.499740 0.364352 0.064062 0.054630
0 16 0.786719 0.736574 0.021354 0.039815
0 17 0.697396 0.689352 0.036458 0.052778
0 18 0.692969 0.560185 0.063021 0.066667
0 19 0.473438 0.382407 0.035417 0.042593
0 20 0.515885 0.734722 0.023438 0.043519
0 21 0.342448 0.386574 0.058854 0.049074
