0 1773 0.286198 0.287037 0.077604 0.057407
0 1774 0.480990 0.675463 0.036979 0.062037
0 1775 0.755729 0.828704 0.047917 0.061111
0 1776 0.604688 0.243519 0.098958 0.055556
0 1777 0.636719 0.342593 0.068229 0.066667
0 1778 0.597135 0.605556 0.063021 0.066667
0 1779 0.547656 0.736574 0.056771 0.052778
0 1780 0.595833 0.793519 0.020833 0.038889
0 1781 0.584115 0.417130 0.065104 0.058333
0 1782 0.692448 0.722685 0.057813 0.047222
0 1783 0.281771 0.661111 0.083333 0.077778
0 1784 0.435156 0.446296 0.071354 0.061111
0 1785 0.429688 0.627778 0.038542 0.066667
0 1786 0.429427 0.312037 0.028646 0.062963
0 1787 0.632812 0.244444 0.146875 0.131481
0 1788 0.322917 0.325926 0.135417 0.124074
0 1789 0.841927 0.807870 0.021354 0.039815
0 1790 0.632031 0.676389 0.066146 0.054630
0 1791 0.306771 0.413426 0.084375 0.063889
0 1792 0.426042 0.270833 0.038542 0.043519
0 1793 0.292187 0.289815 0.068750 0.059259
