0 564 0.300000 0.416204 0.048958 0.049074
0 565 0.477344 0.619907 0.039062 0.063889
0 566 0.671354 0.798148 0.047917 0.061111
0 567 0.635156 0.339352 0.100521 0.056481
0 568 0.648177 0.433796 0.073438 0.062037
0 569 0.357292 0.435185 0.076042 0.062963
0 570 0.564063 0.735648 0.069792 0.052778
0 571 0.713281 0.732407 0.063021 0.051852
0 572 0.300781 0.698611 0.073438 0.073148
0 573 0.488802 0.448148 0.071354 0.061111
0 574 0.510938 0.706019 0.062500 0.050926
0 575 0.627344 0.271759 0.145313 0.130556
0 576 0.298177 0.346759 0.134896 0.121296
0 577 0.478646 0.364815 0.084375 0.062963
0 578 0.788281 0.778241 0.021354 0.039815
0 579 0.667969 0.716204 0.066146 0.054630
0 580 0.657031 0.591667 0.063021 0.066667
0 581 0.460677 0.369907 0.028646 0.041667
0 582 0.523698 0.770833 0.022396 0.041667
0 583 0.334896 0.366667 0.061458 0.059259
