0 1794 0.285938 0.283333 0.079167 0.057407
0 1795 0.474219 0.675463 0.060937 0.056481
0 1796 0.757292 0.828704 0.047917 0.061111
0 1797 0.600781 0.239815 0.085938 0.053704
0 1798 0.631250 0.337500 0.039583 0.062037
0 1799 0.596615 0.603704 0.063021 0.066667
0 1800 0.547656 0.736574 0.056771 0.052778
0 1801 0.596354 0.792593 0.020833 0.038889
0 1802 0.582552 0.417593 0.034896 0.075926
0 1803 0.692448 0.722685 0.057813 0.047222
0 1804 0.282292 0.660648 0.079167 0.073148
0 1805 0.434115 0.445370 0.071354 0.061111
0 1806 0.429427 0.625926 0.069271 0.061111
0 1807 0.428385 0.308796 0.074479 0.063889
0 1808 0.632292 0.241667 0.146875 0.131481
0 1809 0.322917 0.324074 0.135417 0.124074
0 1810 0.842969 0.807870 0.021354 0.039815
0 1811 0.631510 0.675463 0.066146 0.054630
0 1812 0.305729 0.411574 0.088542 0.062037
0 1813 0.424479 0.268981 0.038542 0.043519
0 1814 0.289844 0.288889 0.071354 0.057407
