0 752 0.348177 0.426852 0.072396 0.064815
0 753 0.626042 0.265741 0.146875 0.131481
0 754 0.300000 0.404630 0.048958 0.029630
0 755 0.330469 0.356481 0.058854 0.055556
0 756 0.678646 0.801852 0.047917 0.061111
0 757 0.629427 0.323148 0.059896 0.055556
0 758 0.296875 0.344444 0.135417 0.124074
0 759 0.560156 0.725000 0.066146 0.055556
0 760 0.527604 0.772222 0.020833 0.038889
0 761 0.625521 0.431019 0.038542 0.054630
0 762 0.707552 0.726389 0.050521 0.047222
0 763 0.295052 0.690278 0.045312 0.076852
0 764 0.482031 0.439815 0.071354 0.061111
0 765 0.472917 0.353241 0.078125 0.071296
0 766 0.504687 0.703241 0.062500 0.050926
0 767 0.647396 0.417130 0.061458 0.060185
0 768 0.791406 0.777315 0.021354 0.039815
0 769 0.664323 0.705093 0.066146 0.054630
0 770 0.650260 0.590741 0.063021 0.066667
0 771 0.457031 0.353241 0.028646 0.041667
0 772 0.470052 0.620370 0.069271 0.061111
