0 1012 0.464583 0.612500 0.031250 0.063889
0 1013 0.707292 0.801852 0.047917 0.061111
0 1014 0.632812 0.262037 0.146875 0.131481
0 1015 0.652344 0.386574 0.064062 0.065741
0 1016 0.645573 0.589815 0.063021 0.066667
0 1017 0.561198 0.714815 0.061979 0.055556
0 1018 0.637760 0.416667 0.083854 0.053704
0 1019 0.711719 0.712500 0.057813 0.047222
0 1020 0.297135 0.682870 0.045312 0.076852
0 1021 0.479948 0.435185 0.071354 0.061111
0 1022 0.473438 0.326852 0.084375 0.062963
0 1023 0.504167 0.687037 0.042708 0.068519
0 1024 0.307292 0.324074 0.135417 0.124074
0 1025 0.551562 0.768519 0.020833 0.038889
0 1026 0.664844 0.686574 0.066146 0.054630
0 1027 0.347396 0.417130 0.068750 0.062037
0 1028 0.453385 0.320833 0.028646 0.041667
0 1029 0.810156 0.781944 0.021354 0.039815
