0 878 0.466927 0.614815 0.069271 0.061111
0 879 0.692187 0.801852 0.047917 0.061111
0 880 0.626563 0.262037 0.146875 0.131481
0 881 0.647917 0.402315 0.060417 0.058333
0 882 0.561458 0.720370 0.063542 0.055556
0 883 0.348177 0.418056 0.067187 0.062037
0 884 0.636198 0.419444 0.038021 0.053704
0 885 0.710417 0.716667 0.057292 0.050000
0 886 0.296094 0.684722 0.045312 0.076852
0 887 0.483073 0.432407 0.045312 0.064815
0 888 0.504687 0.693519 0.066667 0.057407
0 889 0.298958 0.391667 0.048958 0.022222
0 890 0.296875 0.344444 0.135417 0.124074
0 891 0.470833 0.335185 0.070833 0.070370
0 892 0.799219 0.778241 0.021354 0.039815
0 893 0.664323 0.696759 0.066146 0.054630
0 894 0.648177 0.587963 0.063021 0.066667
0 895 0.456510 0.335648 0.028646 0.041667
0 896 0.541667 0.769444 0.020833 0.038889
0 897 0.329427 0.340741 0.058854 0.055556
