0 689 0.300000 0.410185 0.048958 0.037037
0 690 0.471615 0.620370 0.069271 0.061111
0 691 0.675000 0.800926 0.047917 0.061111
0 692 0.630208 0.330556 0.053125 0.050000
0 693 0.657031 0.421296 0.052604 0.061111
0 694 0.561198 0.728241 0.067187 0.054630
0 695 0.352344 0.433333 0.072396 0.062963
0 696 0.624219 0.435185 0.046354 0.057407
0 697 0.709375 0.729167 0.059375 0.049074
0 698 0.296094 0.693519 0.056771 0.075926
0 699 0.482552 0.443519 0.071354 0.061111
0 700 0.506771 0.704167 0.062500 0.050926
0 701 0.626042 0.267593 0.146875 0.131481
0 702 0.296875 0.344444 0.135417 0.124074
0 703 0.473438 0.355556 0.069792 0.068519
0 704 0.789844 0.778241 0.021354 0.039815
0 705 0.665365 0.708796 0.066146 0.054630
0 706 0.652344 0.590741 0.063021 0.066667
0 707 0.458594 0.362500 0.028646 0.041667
0 708 0.525521 0.772222 0.020833 0.038889
0 709 0.331771 0.359722 0.059375 0.056481
