0 794 0.347135 0.422685 0.065104 0.062037
0 795 0.626042 0.263889 0.146875 0.131481
0 796 0.300000 0.399074 0.048958 0.022222
0 797 0.329948 0.350926 0.058854 0.055556
0 798 0.683333 0.801852 0.047917 0.061111
0 799 0.630208 0.310648 0.104167 0.060185
0 800 0.296875 0.344444 0.135417 0.124074
0 801 0.561198 0.724074 0.069271 0.059259
0 802 0.529687 0.771296 0.020833 0.038889
0 803 0.640625 0.426389 0.081250 0.054630
0 804 0.709115 0.721296 0.054688 0.050000
0 805 0.295573 0.688426 0.045312 0.076852
0 806 0.482031 0.437037 0.071354 0.061111
0 807 0.473438 0.348611 0.081250 0.067593
0 808 0.505208 0.692130 0.062500 0.050926
0 809 0.650781 0.411111 0.064062 0.059259
0 810 0.791927 0.777315 0.021354 0.039815
0 811 0.663802 0.703241 0.066146 0.054630
0 812 0.649740 0.589815 0.063021 0.066667
0 813 0.456510 0.346759 0.028646 0.041667
0 814 0.467708 0.618056 0.032292 0.067593
