0 399 0.304167 0.423148 0.059375 0.055556
0 400 0.488802 0.616667 0.069271 0.061111
0 401 0.669792 0.793981 0.047917 0.056481
0 402 0.646875 0.347222 0.091667 0.059259
0 403 0.663021 0.435648 0.081250 0.073148
0 404 0.572396 0.732870 0.052083 0.052778
0 405 0.364063 0.435185 0.058333 0.059259
0 406 0.667969 0.419907 0.082812 0.060185
0 407 0.724219 0.737963 0.059896 0.053704
0 408 0.308073 0.700463 0.084896 0.071296
0 409 0.504948 0.445370 0.071354 0.061111
0 410 0.522396 0.706944 0.062500 0.050926
0 411 0.632031 0.275926 0.141146 0.129630
0 412 0.302344 0.351389 0.134896 0.117593
0 413 0.489323 0.372222 0.065104 0.051852
0 414 0.790365 0.772685 0.021354 0.039815
0 415 0.680990 0.712500 0.066146 0.054630
0 416 0.672135 0.591667 0.063021 0.066667
0 417 0.469010 0.378704 0.020313 0.040741
0 418 0.522135 0.764352 0.023438 0.043519
0 419 0.336198 0.374537 0.048438 0.060185
