0 544 0.301042 0.418981 0.048958 0.049074
0 545 0.477344 0.620370 0.069271 0.061111
0 546 0.670833 0.797222 0.047917 0.061111
0 547 0.636719 0.340278 0.099479 0.056481
0 548 0.651823 0.435648 0.070312 0.069444
0 549 0.358594 0.434722 0.079687 0.063889
0 550 0.563281 0.731481 0.032813 0.064815
0 551 0.714063 0.731944 0.062500 0.052778
0 552 0.301302 0.699074 0.076563 0.072222
0 553 0.490885 0.448148 0.071354 0.061111
0 554 0.511458 0.706019 0.062500 0.050926
0 555 0.628125 0.271759 0.144792 0.130556
0 556 0.298698 0.347685 0.134896 0.121296
0 557 0.479167 0.365741 0.084375 0.062963
0 558 0.788802 0.777315 0.021354 0.039815
0 559 0.669531 0.715278 0.066146 0.054630
0 560 0.657552 0.591667 0.063021 0.066667
0 561 0.462500 0.371296 0.026042 0.040741
0 562 0.523177 0.769907 0.022396 0.041667
0 563 0.334896 0.368056 0.061458 0.060185
