0 1521 0.299740 0.325000 0.080729 0.059259
0 1522 0.496354 0.695833 0.062500 0.050926
0 1523 0.753646 0.837037 0.047917 0.061111
0 1524 0.622396 0.275926 0.086458 0.051852
0 1525 0.652344 0.375926 0.068229 0.066667
0 1526 0.625781 0.619444 0.063021 0.066667
0 1527 0.560417 0.744907 0.056250 0.052778
0 1528 0.589063 0.800926 0.020833 0.038889
0 1529 0.612500 0.436574 0.067708 0.058333
0 1530 0.707552 0.732870 0.057813 0.047222
0 1531 0.294010 0.679167 0.082812 0.076852
0 1532 0.459115 0.459259 0.071354 0.061111
0 1533 0.450781 0.642593 0.069271 0.061111
0 1534 0.454427 0.331019 0.069271 0.062037
0 1535 0.641146 0.271296 0.146875 0.131481
0 1536 0.327604 0.350000 0.135417 0.124074
0 1537 0.840885 0.815278 0.021354 0.039815
0 1538 0.654687 0.699074 0.047917 0.066667
0 1539 0.326823 0.431019 0.058854 0.060185
0 1540 0.447135 0.304167 0.028646 0.041667
0 1541 0.315885 0.321296 0.055729 0.062963
