0 1120 0.461198 0.631481 0.069271 0.061111
0 1121 0.723437 0.825926 0.047917 0.061111
0 1122 0.637500 0.266667 0.146875 0.131481
0 1123 0.653906 0.390278 0.066146 0.065741
0 1124 0.642448 0.600926 0.063021 0.066667
0 1125 0.562240 0.731944 0.056771 0.052778
0 1126 0.631771 0.429630 0.068750 0.057407
0 1127 0.712760 0.726389 0.057813 0.047222
0 1128 0.297135 0.687500 0.045312 0.076852
0 1129 0.476823 0.450000 0.071354 0.061111
0 1130 0.471875 0.333333 0.084375 0.062963
0 1131 0.505729 0.702315 0.062500 0.050926
0 1132 0.314583 0.345370 0.135417 0.124074
0 1133 0.559896 0.787037 0.020833 0.038889
0 1134 0.664844 0.702315 0.066146 0.054630
0 1135 0.346354 0.428704 0.073958 0.059259
0 1136 0.453385 0.324537 0.028646 0.041667
0 1137 0.816927 0.802315 0.021354 0.039815
