0 898 0.466927 0.615741 0.069271 0.061111
0 899 0.694271 0.801852 0.047917 0.061111
0 900 0.627604 0.262037 0.146875 0.131481
0 901 0.647135 0.400926 0.056771 0.061111
0 902 0.561198 0.719444 0.061979 0.055556
0 903 0.348177 0.417593 0.034896 0.062963
0 904 0.638542 0.418056 0.060417 0.060185
0 905 0.710417 0.716204 0.057292 0.049074
0 906 0.296094 0.683796 0.045312 0.076852
0 907 0.480990 0.435185 0.071354 0.061111
0 908 0.505729 0.692593 0.065625 0.055556
0 909 0.298958 0.391667 0.048958 0.022222
0 910 0.297917 0.340741 0.135417 0.124074
0 911 0.470833 0.335185 0.032292 0.068519
0 912 0.801302 0.778241 0.021354 0.039815
0 913 0.664323 0.694907 0.066146 0.054630
0 914 0.647656 0.587037 0.063021 0.066667
0 915 0.456510 0.332870 0.028646 0.041667
0 916 0.542708 0.768519 0.020833 0.038889
0 917 0.329427 0.337963 0.058854 0.055556
