0 1584 0.297396 0.314815 0.090625 0.059259
0 1585 0.492188 0.687500 0.062500 0.050926
0 1586 0.753125 0.834259 0.047917 0.061111
0 1587 0.617969 0.262037 0.084896 0.050000
0 1588 0.648177 0.367593 0.068229 0.066667
0 1589 0.615885 0.608333 0.063021 0.066667
0 1590 0.557292 0.739815 0.036458 0.059259
0 1591 0.590625 0.799074 0.020833 0.038889
0 1592 0.602865 0.429167 0.065104 0.058333
0 1593 0.705990 0.727315 0.057813 0.047222
0 1594 0.290625 0.674074 0.083333 0.077778
0 1595 0.453385 0.453704 0.071354 0.061111
0 1596 0.442969 0.637037 0.069271 0.061111
0 1597 0.448177 0.325000 0.070312 0.061111
0 1598 0.639062 0.263889 0.146875 0.131481
0 1599 0.326042 0.343519 0.135417 0.124074
0 1600 0.839323 0.810648 0.021354 0.039815
0 1601 0.647656 0.688426 0.066146 0.054630
0 1602 0.322396 0.419444 0.034375 0.059259
0 1603 0.441927 0.294907 0.030729 0.041667
0 1604 0.309375 0.312500 0.079167 0.062037
