0 1878 0.286198 0.269444 0.086979 0.059259
0 1879 0.476823 0.668981 0.060937 0.056481
0 1880 0.764583 0.829630 0.047917 0.061111
0 1881 0.594010 0.227778 0.059896 0.050000
0 1882 0.628385 0.330556 0.068229 0.066667
0 1883 0.595052 0.598148 0.063021 0.066667
0 1884 0.546094 0.732407 0.036979 0.062963
0 1885 0.600521 0.790741 0.020833 0.038889
0 1886 0.578385 0.412500 0.065104 0.058333
0 1887 0.691927 0.720833 0.057813 0.047222
0 1888 0.283854 0.658333 0.062500 0.057407
0 1889 0.430469 0.441667 0.071354 0.061111
0 1890 0.427865 0.620370 0.069271 0.061111
0 1891 0.426563 0.301389 0.079167 0.067593
0 1892 0.630208 0.233333 0.146875 0.131481
0 1893 0.322917 0.316667 0.135417 0.124074
0 1894 0.847135 0.806944 0.021354 0.039815
0 1895 0.628906 0.669907 0.066146 0.054630
0 1896 0.297656 0.405556 0.041146 0.066667
0 1897 0.420573 0.259722 0.036979 0.043519
0 1898 0.289844 0.276852 0.032813 0.062963
