0 918 0.466406 0.615741 0.069271 0.061111
0 919 0.696354 0.801852 0.047917 0.061111
0 920 0.628646 0.262037 0.146875 0.131481
0 921 0.648177 0.398611 0.061979 0.062037
0 922 0.561198 0.718981 0.060937 0.054630
0 923 0.348698 0.418981 0.068229 0.062037
0 924 0.640365 0.418981 0.073438 0.062037
0 925 0.710417 0.714815 0.057292 0.048148
0 926 0.296615 0.682870 0.045312 0.076852
0 927 0.480469 0.435185 0.071354 0.061111
0 928 0.506250 0.691667 0.064583 0.053704
0 929 0.298958 0.391667 0.048958 0.022222
0 930 0.299479 0.337963 0.135417 0.124074
0 931 0.471354 0.333796 0.063542 0.067593
0 932 0.803906 0.779167 0.021354 0.039815
0 933 0.664323 0.693981 0.066146 0.054630
0 934 0.647656 0.587037 0.063021 0.066667
0 935 0.455990 0.330093 0.028646 0.041667
0 936 0.544271 0.768519 0.020833 0.038889
0 937 0.329427 0.336111 0.058854 0.055556
