0 605 0.300000 0.413889 0.048958 0.044444
0 606 0.473177 0.620370 0.069271 0.061111
0 607 0.672917 0.799074 0.047917 0.061111
0 608 0.633073 0.335185 0.063021 0.059259
0 609 0.663542 0.428704 0.039583 0.061111
0 610 0.563021 0.732870 0.068750 0.052778
0 611 0.350260 0.437037 0.035937 0.055556
0 612 0.630990 0.434722 0.039062 0.060185
0 613 0.709115 0.731019 0.028646 0.052778
0 614 0.298958 0.697222 0.067708 0.074074
0 615 0.483594 0.449074 0.071354 0.061111
0 616 0.509375 0.705093 0.062500 0.050926
0 617 0.626302 0.269907 0.146354 0.130556
0 618 0.297135 0.345370 0.134896 0.122222
0 619 0.475260 0.362963 0.038021 0.070370
0 620 0.788802 0.778241 0.021354 0.039815
0 621 0.666927 0.713426 0.066146 0.054630
0 622 0.655469 0.591667 0.063021 0.066667
0 623 0.459635 0.367130 0.028646 0.041667
0 624 0.524479 0.771296 0.021875 0.040741
0 625 0.333594 0.364352 0.060937 0.058333
