0 190 0.304948 0.420370 0.070312 0.064815
0 191 0.495573 0.598148 0.067187 0.061111
0 192 0.666667 0.780556 0.047917 0.051852
0 193 0.653125 0.351389 0.064583 0.060185
0 194 0.663542 0.437500 0.080208 0.062037
0 195 0.572656 0.722685 0.035937 0.052778
0 196 0.373177 0.429167 0.053646 0.062037
0 197 0.667969 0.419907 0.082812 0.060185
0 198 0.728646 0.727315 0.058333 0.052778
0 199 0.315885 0.697222 0.080729 0.070370
0 200 0.510677 0.436111 0.071354 0.061111
0 201 0.529427 0.697685 0.068229 0.054630
0 202 0.628906 0.267593 0.141146 0.127778
0 203 0.294531 0.334722 0.143229 0.117593
0 204 0.494271 0.365278 0.069792 0.058333
0 205 0.787240 0.754167 0.021354 0.039815
0 206 0.688802 0.701389 0.031771 0.052778
0 207 0.682031 0.573148 0.063021 0.066667
0 208 0.473438 0.383333 0.023958 0.040741
0 209 0.519010 0.749537 0.023438 0.043519
0 210 0.338802 0.385648 0.056771 0.054630
