0 1102 0.636979 0.264815 0.146875 0.131481
0 1103 0.721875 0.824074 0.047917 0.061111
0 1104 0.653646 0.389352 0.065625 0.065741
0 1105 0.643490 0.599074 0.063021 0.066667
0 1106 0.562240 0.731019 0.056771 0.052778
0 1107 0.635677 0.425463 0.076563 0.058333
0 1108 0.712240 0.725463 0.057813 0.047222
0 1109 0.297135 0.686574 0.045312 0.076852
0 1110 0.477344 0.446296 0.071354 0.061111
0 1111 0.462240 0.628704 0.069271 0.061111
0 1112 0.472396 0.332407 0.084375 0.062963
0 1113 0.507812 0.696759 0.062500 0.050926
0 1114 0.313021 0.344444 0.135417 0.124074
0 1115 0.558333 0.784259 0.020833 0.038889
0 1116 0.665365 0.701389 0.066146 0.054630
0 1117 0.344010 0.427778 0.041146 0.059259
0 1118 0.453385 0.324537 0.028646 0.041667
0 1119 0.815885 0.797685 0.021354 0.039815
