0 994 0.465365 0.615741 0.069271 0.061111
0 995 0.705208 0.801852 0.047917 0.061111
0 996 0.632292 0.262037 0.146875 0.131481
0 997 0.655208 0.388426 0.058333 0.062037
0 998 0.646094 0.587963 0.063021 0.066667
0 999 0.561458 0.715741 0.059375 0.053704
0 1000 0.630990 0.411574 0.034896 0.065741
0 1001 0.711719 0.712500 0.057813 0.047222
0 1002 0.297135 0.681944 0.045312 0.076852
0 1003 0.479948 0.435185 0.071354 0.061111
0 1004 0.472917 0.328241 0.080208 0.063889
0 1005 0.505990 0.687037 0.068229 0.055556
0 1006 0.305729 0.326852 0.135417 0.124074
0 1007 0.550000 0.768519 0.020833 0.038889
0 1008 0.663542 0.687500 0.029167 0.073148
0 1009 0.348177 0.416667 0.073438 0.062963
0 1010 0.453906 0.322685 0.028646 0.041667
0 1011 0.809115 0.781019 0.021354 0.039815
