0 274 0.305729 0.421296 0.071875 0.064815
0 275 0.496615 0.604630 0.038021 0.064815
0 276 0.669271 0.787963 0.047917 0.051852
0 277 0.652865 0.351389 0.058854 0.058333
0 278 0.665625 0.436111 0.076042 0.070370
0 279 0.574479 0.724537 0.052083 0.052778
0 280 0.369010 0.430556 0.065104 0.059259
0 281 0.667969 0.419907 0.082812 0.060185
0 282 0.728646 0.730556 0.059375 0.055556
0 283 0.314844 0.699537 0.084896 0.071296
0 284 0.510677 0.441667 0.071354 0.061111
0 285 0.527604 0.703241 0.062500 0.050926
0 286 0.630469 0.271759 0.141146 0.128704
0 287 0.297656 0.341204 0.140104 0.117593
0 288 0.494271 0.368519 0.071875 0.057407
0 289 0.788802 0.761574 0.021354 0.039815
0 290 0.688281 0.706019 0.066146 0.054630
0 291 0.678906 0.580556 0.063021 0.066667
0 292 0.472656 0.383333 0.020313 0.040741
0 293 0.521094 0.756019 0.023438 0.043519
0 294 0.336979 0.379630 0.032292 0.059259
