0 148 0.304427 0.419907 0.067187 0.063889
0 149 0.497396 0.594444 0.041667 0.059259
0 150 0.664062 0.770370 0.047917 0.051852
0 151 0.653646 0.350926 0.067708 0.061111
0 152 0.662500 0.438426 0.082292 0.058333
0 153 0.574740 0.719907 0.044271 0.052778
0 154 0.372135 0.429630 0.025521 0.059259
0 155 0.667969 0.419907 0.082812 0.060185
0 156 0.727344 0.727778 0.025521 0.050000
0 157 0.316146 0.695370 0.078125 0.070370
0 158 0.510677 0.434259 0.071354 0.061111
0 159 0.528385 0.696296 0.035937 0.055556
0 160 0.628385 0.265741 0.141146 0.127778
0 161 0.293490 0.332407 0.145313 0.118519
0 162 0.494792 0.363426 0.068750 0.058333
0 163 0.786719 0.749537 0.021354 0.039815
0 164 0.689323 0.697685 0.066146 0.054630
0 165 0.684115 0.570370 0.063021 0.066667
0 166 0.473177 0.382407 0.026562 0.040741
0 167 0.517448 0.746759 0.023438 0.043519
0 168 0.339062 0.385648 0.061458 0.054630
