0 976 0.465885 0.615741 0.069271 0.061111
0 977 0.702604 0.801852 0.047917 0.061111
0 978 0.631250 0.262037 0.146875 0.131481
0 979 0.654167 0.398148 0.019792 0.070370
0 980 0.646615 0.586111 0.063021 0.066667
0 981 0.561719 0.717130 0.056771 0.052778
0 982 0.637240 0.417593 0.077604 0.053704
0 983 0.711198 0.713426 0.057813 0.047222
0 984 0.297135 0.681019 0.045312 0.076852
0 985 0.479948 0.435185 0.071354 0.061111
0 986 0.472396 0.329630 0.076042 0.064815
0 987 0.507812 0.690278 0.062500 0.050926
0 988 0.304167 0.329630 0.135417 0.124074
0 989 0.548438 0.768519 0.020833 0.038889
0 990 0.664323 0.689352 0.066146 0.054630
0 991 0.349219 0.417130 0.078646 0.063889
0 992 0.454427 0.324537 0.028646 0.041667
0 993 0.807552 0.781019 0.021354 0.039815
