0 524 0.302083 0.421759 0.048958 0.049074
0 525 0.479427 0.620370 0.069271 0.061111
0 526 0.670312 0.797222 0.047917 0.061111
0 527 0.638281 0.341204 0.098437 0.056481
0 528 0.649219 0.435648 0.063021 0.069444
0 529 0.360417 0.435185 0.083333 0.064815
0 530 0.562500 0.732870 0.052083 0.052778
0 531 0.715625 0.732407 0.062500 0.053704
0 532 0.302083 0.700000 0.079167 0.072222
0 533 0.493490 0.447222 0.071354 0.061111
0 534 0.511979 0.706944 0.062500 0.050926
0 535 0.628385 0.272685 0.144271 0.130556
0 536 0.299219 0.348148 0.134896 0.120370
0 537 0.480208 0.366667 0.084375 0.062963
0 538 0.788802 0.776389 0.021354 0.039815
0 539 0.671615 0.715278 0.066146 0.054630
0 540 0.658594 0.592593 0.063021 0.066667
0 541 0.464323 0.373148 0.023438 0.040741
0 542 0.522917 0.770370 0.022917 0.042593
0 543 0.335677 0.368981 0.061979 0.060185
