0 106 0.303646 0.419444 0.064583 0.062963
0 107 0.499740 0.592593 0.075521 0.064815
0 108 0.664062 0.767593 0.047917 0.051852
0 109 0.653646 0.349074 0.057292 0.066667
0 110 0.661458 0.439352 0.084375 0.054630
0 111 0.576302 0.717130 0.052604 0.052778
0 112 0.373698 0.429630 0.058854 0.059259
0 113 0.667969 0.419907 0.082812 0.060185
0 114 0.730729 0.728241 0.054167 0.052778
0 115 0.315885 0.693981 0.075521 0.069444
0 116 0.513021 0.431481 0.058333 0.061111
0 117 0.528646 0.694444 0.060417 0.051852
0 118 0.627865 0.263889 0.141146 0.127778
0 119 0.293490 0.330556 0.145313 0.118519
0 120 0.494792 0.362037 0.067708 0.059259
0 121 0.786719 0.744907 0.021354 0.039815
0 122 0.689844 0.695833 0.065104 0.052778
0 123 0.686198 0.567593 0.063021 0.066667
0 124 0.473177 0.382870 0.028646 0.041667
0 125 0.516406 0.743981 0.023438 0.043519
0 126 0.339062 0.386111 0.066667 0.055556
