0 1066 0.635938 0.262037 0.146875 0.131481
0 1067 0.715625 0.812963 0.047917 0.061111
0 1068 0.652865 0.388426 0.065104 0.065741
0 1069 0.644531 0.595370 0.063021 0.066667
0 1070 0.561979 0.721296 0.059375 0.053704
0 1071 0.631510 0.418519 0.050521 0.055556
0 1072 0.712760 0.716204 0.057813 0.047222
0 1073 0.297135 0.684722 0.045312 0.076852
0 1074 0.478906 0.438889 0.071354 0.061111
0 1075 0.464583 0.620833 0.035417 0.069444
0 1076 0.472396 0.330556 0.084375 0.062963
0 1077 0.507292 0.693056 0.064583 0.052778
0 1078 0.310417 0.337963 0.135417 0.124074
0 1079 0.555729 0.775926 0.020833 0.038889
0 1080 0.664844 0.694907 0.066146 0.054630
0 1081 0.345833 0.417593 0.054167 0.059259
0 1082 0.453385 0.322685 0.028646 0.041667
0 1083 0.813802 0.790278 0.021354 0.039815
