0 1156 0.460677 0.637037 0.069271 0.061111
0 1157 0.726562 0.829630 0.047917 0.061111
0 1158 0.638542 0.270370 0.146875 0.131481
0 1159 0.654687 0.391204 0.066667 0.065741
0 1160 0.640885 0.606481 0.063021 0.066667
0 1161 0.562760 0.735648 0.056771 0.052778
0 1162 0.626042 0.432407 0.061458 0.057407
0 1163 0.713281 0.730093 0.057813 0.047222
0 1164 0.297656 0.689352 0.045312 0.076852
0 1165 0.476302 0.452315 0.071354 0.060185
0 1166 0.468229 0.343056 0.030208 0.073148
0 1167 0.504167 0.705556 0.037500 0.064815
0 1168 0.317708 0.347222 0.135417 0.124074
0 1169 0.563542 0.792593 0.020833 0.038889
0 1170 0.664323 0.704167 0.066146 0.054630
0 1171 0.343490 0.433333 0.030729 0.057407
0 1172 0.453385 0.326389 0.028646 0.041667
0 1173 0.819531 0.805093 0.021354 0.039815
