0 938 0.664323 0.692130 0.066146 0.054630
0 939 0.466406 0.615741 0.069271 0.061111
0 940 0.698438 0.801852 0.047917 0.061111
0 941 0.629167 0.262037 0.146875 0.131481
0 942 0.649479 0.397222 0.066667 0.062963
0 943 0.647135 0.586111 0.063021 0.066667
0 944 0.561458 0.717593 0.059375 0.053704
0 945 0.628385 0.418519 0.027604 0.057407
0 946 0.710938 0.714815 0.057292 0.048148
0 947 0.455469 0.328241 0.028646 0.041667
0 948 0.480469 0.435185 0.071354 0.061111
0 949 0.471354 0.332407 0.067708 0.066667
0 950 0.507292 0.690278 0.063542 0.052778
0 951 0.301042 0.335185 0.135417 0.124074
0 952 0.545833 0.768519 0.020833 0.038889
0 953 0.296615 0.681944 0.045312 0.076852
0 954 0.348177 0.418519 0.066146 0.061111
0 955 0.804948 0.779167 0.021354 0.039815
0 956 0.329427 0.336111 0.058854 0.055556
