0 1899 0.285938 0.265741 0.088542 0.059259
0 1900 0.477344 0.667130 0.060937 0.056481
0 1901 0.768229 0.828704 0.047917 0.061111
0 1902 0.594531 0.225000 0.059896 0.050000
0 1903 0.626823 0.328704 0.068229 0.066667
0 1904 0.594531 0.596296 0.063021 0.066667
0 1905 0.547656 0.733796 0.056771 0.052778
0 1906 0.603125 0.789815 0.020833 0.038889
0 1907 0.578906 0.411574 0.065104 0.058333
0 1908 0.691927 0.719907 0.057813 0.047222
0 1909 0.283854 0.657407 0.058333 0.053704
0 1910 0.429427 0.440741 0.071354 0.061111
0 1911 0.427344 0.618519 0.069271 0.061111
0 1912 0.426563 0.299537 0.082292 0.069444
0 1913 0.629687 0.231481 0.146875 0.131481
0 1914 0.322917 0.314815 0.135417 0.124074
0 1915 0.849740 0.806944 0.021354 0.039815
0 1916 0.628385 0.668056 0.066146 0.054630
0 1917 0.301302 0.403704 0.064062 0.059259
0 1918 0.419792 0.257870 0.036458 0.043519
0 1919 0.287760 0.277778 0.054688 0.062963
