0 420 0.304167 0.423611 0.057292 0.054630
0 421 0.487240 0.617593 0.069271 0.061111
0 422 0.669792 0.794444 0.047917 0.057407
0 423 0.646094 0.345833 0.093229 0.058333
0 424 0.660417 0.435648 0.081250 0.073148
0 425 0.572396 0.734722 0.052083 0.052778
0 426 0.364063 0.435185 0.063542 0.061111
0 427 0.667969 0.419907 0.082812 0.060185
0 428 0.723437 0.736111 0.055208 0.050000
0 429 0.307031 0.701389 0.084896 0.071296
0 430 0.503385 0.446296 0.071354 0.061111
0 431 0.521354 0.706944 0.062500 0.050926
0 432 0.631250 0.275000 0.141667 0.129630
0 433 0.301823 0.350463 0.134896 0.117593
0 434 0.488281 0.371759 0.068229 0.052778
0 435 0.789844 0.773611 0.021354 0.039815
0 436 0.682813 0.708333 0.034375 0.074074
0 437 0.670052 0.591667 0.063021 0.066667
0 438 0.468490 0.378704 0.020313 0.040741
0 439 0.522135 0.765278 0.023438 0.043519
0 440 0.336719 0.373611 0.051562 0.060185
