0 1961 0.288281 0.269444 0.065104 0.062963
0 1962 0.595052 0.215741 0.059896 0.050000
0 1963 0.325000 0.310185 0.135417 0.124074
0 1964 0.691927 0.718981 0.057813 0.047222
0 1965 0.426563 0.291204 0.079167 0.067593
0 1966 0.277083 0.640741 0.063542 0.042593
0 1967 0.479427 0.661574 0.060937 0.056481
0 1968 0.610938 0.787963 0.020833 0.038889
0 1969 0.626302 0.664352 0.066146 0.054630
0 1970 0.300781 0.404630 0.075521 0.064815
0 1971 0.420573 0.252778 0.036979 0.042593
0 1972 0.593490 0.592593 0.063021 0.066667
0 1973 0.285677 0.255093 0.094271 0.060185
0 1974 0.779687 0.827778 0.047917 0.061111
0 1975 0.628906 0.316667 0.031771 0.059259
0 1976 0.580990 0.410648 0.065104 0.058333
0 1977 0.285417 0.656019 0.045833 0.041667
0 1978 0.428906 0.437963 0.071354 0.061111
0 1979 0.425781 0.614815 0.069271 0.061111
0 1980 0.629687 0.225926 0.146875 0.131481
0 1981 0.547656 0.732870 0.056771 0.052778
0 1982 0.857552 0.806019 0.021354 0.039815
