0 1138 0.460677 0.635185 0.069271 0.061111
0 1139 0.725000 0.827778 0.047917 0.061111
0 1140 0.638021 0.268519 0.146875 0.131481
0 1141 0.654167 0.391204 0.066667 0.065741
0 1142 0.641927 0.603704 0.063021 0.066667
0 1143 0.562760 0.733796 0.056771 0.052778
0 1144 0.627865 0.430556 0.031771 0.059259
0 1145 0.712760 0.728241 0.057813 0.047222
0 1146 0.297135 0.688426 0.045312 0.076852
0 1147 0.476302 0.450926 0.071354 0.061111
0 1148 0.471875 0.335185 0.084375 0.062963
0 1149 0.503646 0.707870 0.062500 0.050926
0 1150 0.316146 0.346296 0.135417 0.124074
0 1151 0.561458 0.789815 0.020833 0.038889
0 1152 0.664323 0.703241 0.066146 0.054630
0 1153 0.345313 0.431481 0.068750 0.059259
0 1154 0.453385 0.325463 0.028646 0.041667
0 1155 0.818490 0.803241 0.021354 0.039815
