0 1362 0.308594 0.355093 0.041146 0.060185
0 1363 0.460677 0.653704 0.069271 0.061111
0 1364 0.743750 0.841667 0.047917 0.061111
0 1365 0.642708 0.278704 0.146875 0.131481
0 1366 0.655469 0.390741 0.068229 0.066667
0 1367 0.566667 0.751852 0.063542 0.051852
0 1368 0.337240 0.445833 0.029687 0.063889
0 1369 0.617969 0.441667 0.068229 0.059259
0 1370 0.715365 0.747685 0.057813 0.047222
0 1371 0.300260 0.697685 0.045312 0.076852
0 1372 0.472135 0.468519 0.071354 0.061111
0 1373 0.465365 0.351852 0.031771 0.062963
0 1374 0.503125 0.718981 0.062500 0.050926
0 1375 0.328646 0.353704 0.135417 0.124074
0 1376 0.581250 0.808333 0.020833 0.038889
0 1377 0.658594 0.706019 0.066146 0.054630
0 1378 0.635156 0.628704 0.063021 0.066667
0 1379 0.453385 0.323611 0.028646 0.041667
0 1380 0.836719 0.820833 0.021354 0.039815
