0 647 0.300000 0.412037 0.048958 0.040741
0 648 0.472656 0.620370 0.069271 0.061111
0 649 0.673958 0.800000 0.047917 0.061111
0 650 0.630729 0.335185 0.038542 0.055556
0 651 0.664583 0.425926 0.041667 0.062963
0 652 0.562240 0.730556 0.068229 0.053704
0 653 0.349479 0.435185 0.065625 0.059259
0 654 0.626042 0.436574 0.045833 0.062037
0 655 0.710156 0.731944 0.065104 0.050926
0 656 0.297917 0.694907 0.062500 0.075000
0 657 0.483073 0.446296 0.071354 0.061111
0 658 0.508333 0.705093 0.062500 0.050926
0 659 0.626042 0.269444 0.146875 0.131481
0 660 0.296875 0.345370 0.135417 0.124074
0 661 0.474219 0.359722 0.070312 0.069444
0 662 0.789323 0.778241 0.021354 0.039815
0 663 0.666406 0.710648 0.066146 0.054630
0 664 0.653906 0.590741 0.063021 0.066667
0 665 0.459115 0.364352 0.028646 0.041667
0 666 0.524740 0.771759 0.021354 0.039815
0 667 0.332552 0.362037 0.059896 0.057407
