0 1479 0.301042 0.331944 0.069792 0.058333
0 1480 0.500521 0.700463 0.033333 0.060185
0 1481 0.752083 0.837963 0.047917 0.061111
0 1482 0.626042 0.283796 0.090625 0.054630
0 1483 0.653385 0.381481 0.068229 0.066667
0 1484 0.627865 0.621296 0.063021 0.066667
0 1485 0.562240 0.745833 0.056771 0.052778
0 1486 0.588021 0.802778 0.020833 0.038889
0 1487 0.616667 0.439815 0.073958 0.059259
0 1488 0.709115 0.736574 0.057813 0.047222
0 1489 0.296615 0.682870 0.081771 0.075000
0 1490 0.462760 0.462963 0.071354 0.061111
0 1491 0.454427 0.644907 0.033854 0.062037
0 1492 0.457813 0.336111 0.027083 0.066667
0 1493 0.642708 0.275926 0.146875 0.131481
0 1494 0.328646 0.352778 0.135417 0.124074
0 1495 0.841927 0.818981 0.021354 0.039815
0 1496 0.654427 0.699537 0.066146 0.054630
0 1497 0.330469 0.434259 0.069271 0.062963
0 1498 0.449740 0.311574 0.028646 0.041667
0 1499 0.320312 0.324074 0.016667 0.066667
