0 3398 0.309635 0.194907 0.094271 0.060185
0 3399 0.515885 0.664352 0.031771 0.056481
0 3400 0.985156 0.879167 0.028646 0.054630
0 3401 0.613802 0.143519 0.088021 0.053704
0 3402 0.642969 0.285185 0.068229 0.066667
0 3403 0.604948 0.606481 0.063021 0.066667
0 3404 0.654948 0.793056 0.056771 0.052778
0 3405 0.585677 0.451389 0.065104 0.058333
0 3406 0.756510 0.782870 0.057813 0.047222
0 3407 0.351823 0.723148 0.059896 0.048148
0 3408 0.441406 0.471296 0.071354 0.061111
0 3409 0.459896 0.629167 0.032292 0.060185
0 3410 0.427604 0.315278 0.065625 0.060185
0 3411 0.322656 0.651389 0.071354 0.043519
0 3412 0.662760 0.201852 0.146354 0.100000
0 3413 0.401823 0.286574 0.125521 0.095370
0 3414 0.817708 0.849074 0.020833 0.038889
0 3415 0.661198 0.649537 0.066146 0.054630
0 3416 0.306771 0.447222 0.054167 0.059259
0 3417 0.425781 0.207870 0.028646 0.041667
0 3418 0.294531 0.273611 0.069271 0.058333
