0 4022 0.320573 0.192593 0.090104 0.062963
0 4023 0.489844 0.655556 0.069271 0.061111
0 4024 0.622656 0.139815 0.079687 0.051852
0 4025 0.649219 0.316667 0.068229 0.066667
0 4026 0.628906 0.636111 0.063021 0.066667
0 4027 0.724219 0.844907 0.056771 0.052778
0 4028 0.602344 0.488426 0.065104 0.058333
0 4029 0.821094 0.842130 0.057813 0.047222
0 4030 0.412240 0.788426 0.060937 0.054630
0 4031 0.458594 0.502315 0.071354 0.060185
0 4032 0.551823 0.691204 0.060937 0.056481
0 4033 0.354427 0.682407 0.071354 0.055556
0 4034 0.687760 0.210185 0.146354 0.100000
0 4035 0.445052 0.279167 0.125521 0.091667
0 4036 0.437500 0.360648 0.042708 0.065741
0 4037 0.936979 0.898148 0.020833 0.038889
0 4038 0.684115 0.677315 0.066146 0.054630
0 4039 0.326302 0.491204 0.065104 0.054630
0 4040 0.432812 0.216667 0.040625 0.042593
0 4041 0.307552 0.318519 0.061979 0.062963
