0 3782 0.315885 0.190741 0.090104 0.062963
0 3783 0.477865 0.645370 0.069271 0.061111
0 3784 0.621094 0.134259 0.079687 0.051852
0 3785 0.647135 0.300926 0.068229 0.066667
0 3786 0.621094 0.622222 0.063021 0.066667
0 3787 0.697135 0.825463 0.056771 0.052778
0 3788 0.595052 0.472685 0.065104 0.058333
0 3789 0.795573 0.818981 0.057813 0.047222
0 3790 0.389844 0.759722 0.060937 0.054630
0 3791 0.449740 0.487963 0.071354 0.061111
0 3792 0.537760 0.675463 0.060937 0.056481
0 3793 0.343490 0.665741 0.071354 0.055556
0 3794 0.679427 0.205556 0.146354 0.100000
0 3795 0.432552 0.277315 0.125521 0.095370
0 3796 0.432812 0.340278 0.065625 0.060185
0 3797 0.891146 0.880556 0.020833 0.038889
0 3798 0.674740 0.663426 0.066146 0.054630
0 3799 0.318750 0.474074 0.054167 0.059259
0 3800 0.430990 0.208796 0.028646 0.041667
0 3801 0.302083 0.296296 0.033333 0.062963
