0 2247 0.306771 0.252778 0.028125 0.059259
0 2248 0.620052 0.186111 0.075521 0.051852
0 2249 0.350521 0.301389 0.132292 0.115741
0 2250 0.721615 0.709722 0.059896 0.056481
0 2251 0.440625 0.274537 0.030208 0.062037
0 2252 0.303906 0.618981 0.071354 0.043519
0 2253 0.503385 0.645833 0.060937 0.056481
0 2254 0.660417 0.783333 0.020833 0.038889
0 2255 0.646615 0.641204 0.066146 0.054630
0 2256 0.317448 0.388889 0.032813 0.062963
0 2257 0.438281 0.226389 0.028646 0.041667
0 2258 0.610156 0.585185 0.063021 0.066667
0 2259 0.307552 0.220370 0.035937 0.072222
0 2260 0.828385 0.823611 0.046354 0.058333
0 2261 0.649219 0.292593 0.068229 0.066667
0 2262 0.592448 0.402315 0.065104 0.058333
0 2263 0.311198 0.644907 0.060937 0.039815
0 2264 0.446615 0.430556 0.071354 0.061111
0 2265 0.447656 0.600000 0.069271 0.061111
0 2266 0.644792 0.212963 0.146875 0.131481
0 2267 0.579948 0.723148 0.056771 0.055556
0 2268 0.901823 0.800463 0.021354 0.039815
