0 2027 0.291667 0.265741 0.071875 0.062963
0 2028 0.603906 0.209259 0.082812 0.051852
0 2029 0.331250 0.309259 0.135417 0.124074
0 2030 0.699740 0.717130 0.057813 0.047222
0 2031 0.430208 0.287500 0.075000 0.065741
0 2032 0.280990 0.635648 0.071354 0.043519
0 2033 0.480990 0.656944 0.060937 0.056481
0 2034 0.622917 0.787037 0.020833 0.038889
0 2035 0.631510 0.657870 0.066146 0.054630
0 2036 0.304948 0.402778 0.074479 0.064815
0 2037 0.424479 0.247222 0.038542 0.042593
0 2038 0.594531 0.588889 0.063021 0.066667
0 2039 0.290365 0.248611 0.094271 0.060185
0 2040 0.791146 0.827778 0.047917 0.061111
0 2041 0.634115 0.313889 0.034896 0.064815
0 2042 0.583073 0.408796 0.065104 0.058333
0 2043 0.289323 0.653241 0.060937 0.039815
0 2044 0.434115 0.436111 0.071354 0.061111
0 2045 0.430990 0.611111 0.069271 0.061111
0 2046 0.633854 0.223148 0.146875 0.131481
0 2047 0.555469 0.731019 0.056771 0.052778
0 2048 0.871094 0.811574 0.021354 0.039815
