0 2841 0.287760 0.253241 0.043229 0.060185
0 2842 0.608073 0.161111 0.082812 0.055556
0 2843 0.367969 0.292130 0.125521 0.095370
0 2844 0.730990 0.740278 0.057813 0.047222
0 2845 0.426563 0.282870 0.065625 0.060185
0 2846 0.303385 0.629167 0.071354 0.043519
0 2847 0.498177 0.647685 0.060937 0.056481
0 2848 0.726042 0.812037 0.020833 0.038889
0 2849 0.644531 0.640278 0.074479 0.056481
0 2850 0.301042 0.417593 0.066667 0.066667
0 2851 0.422917 0.208333 0.036458 0.044444
0 2852 0.595052 0.589815 0.063021 0.066667
0 2853 0.303385 0.199537 0.094271 0.060185
0 2854 0.894531 0.847685 0.045312 0.056481
0 2855 0.638281 0.277778 0.068229 0.066667
0 2856 0.579427 0.421759 0.065104 0.058333
0 2857 0.321615 0.679630 0.059896 0.048148
0 2858 0.433594 0.446759 0.032813 0.065741
0 2859 0.441927 0.609259 0.069271 0.061111
0 2860 0.650260 0.198148 0.146354 0.101852
0 2861 0.603385 0.756019 0.056771 0.052778
0 2862 0.961719 0.825463 0.021354 0.039815
