0 2753 0.291406 0.251389 0.057813 0.060185
0 2754 0.605469 0.162500 0.081771 0.058333
0 2755 0.367448 0.291204 0.125521 0.095370
0 2756 0.728906 0.732870 0.057813 0.047222
0 2757 0.428125 0.277315 0.065625 0.060185
0 2758 0.301823 0.624537 0.071354 0.043519
0 2759 0.496615 0.645833 0.060937 0.056481
0 2760 0.714063 0.803704 0.020833 0.038889
0 2761 0.642708 0.639352 0.083333 0.058333
0 2762 0.303906 0.412037 0.072396 0.062963
0 2763 0.424740 0.209722 0.040104 0.045370
0 2764 0.594010 0.586111 0.063021 0.066667
0 2765 0.303385 0.199537 0.094271 0.060185
0 2766 0.884635 0.841204 0.045312 0.056481
0 2767 0.638802 0.276852 0.068229 0.066667
0 2768 0.581510 0.416204 0.065104 0.058333
0 2769 0.316927 0.673148 0.059896 0.048148
0 2770 0.434635 0.438889 0.071354 0.061111
0 2771 0.440365 0.605556 0.069271 0.061111
0 2772 0.650000 0.196759 0.146875 0.104630
0 2773 0.599219 0.749537 0.056771 0.052778
0 2774 0.951823 0.819907 0.021354 0.039815
