0 2951 0.291927 0.256481 0.067187 0.059259
0 2952 0.607552 0.160185 0.030729 0.055556
0 2953 0.372135 0.292130 0.125521 0.095370
0 2954 0.735156 0.748611 0.057813 0.047222
0 2955 0.425521 0.289352 0.065625 0.060185
0 2956 0.305990 0.635648 0.071354 0.043519
0 2957 0.500260 0.649537 0.060937 0.056481
0 2958 0.741667 0.822222 0.020833 0.038889
0 2959 0.647656 0.642130 0.066146 0.054630
0 2960 0.301563 0.425000 0.057292 0.059259
0 2961 0.423177 0.208796 0.028646 0.041667
0 2962 0.595573 0.593519 0.063021 0.066667
0 2963 0.303906 0.199537 0.094271 0.060185
0 2964 0.913281 0.855093 0.045312 0.056481
0 2965 0.638802 0.278704 0.068229 0.066667
0 2966 0.576562 0.429630 0.033333 0.066667
0 2967 0.327344 0.687963 0.059896 0.048148
0 2968 0.437240 0.450926 0.071354 0.061111
0 2969 0.446615 0.612963 0.069271 0.061111
0 2970 0.651823 0.200000 0.146354 0.100000
0 2971 0.609635 0.764352 0.056771 0.052778
0 2972 0.976823 0.832870 0.021354 0.039815
