0 4102 0.320052 0.191667 0.090104 0.062963
0 4103 0.491927 0.657407 0.069271 0.061111
0 4104 0.621094 0.137963 0.079687 0.053704
0 4105 0.648177 0.321296 0.068229 0.066667
0 4106 0.629948 0.637963 0.063021 0.066667
0 4107 0.733073 0.850463 0.056771 0.052778
0 4108 0.601823 0.491204 0.065104 0.058333
0 4109 0.825781 0.847685 0.057813 0.047222
0 4110 0.416927 0.794907 0.060937 0.054630
0 4111 0.461719 0.504167 0.034896 0.067593
0 4112 0.553906 0.693981 0.060937 0.056481
0 4113 0.355990 0.685185 0.071354 0.055556
0 4114 0.687760 0.211111 0.146354 0.100000
0 4115 0.447656 0.277315 0.125521 0.091667
0 4116 0.436979 0.364352 0.065625 0.060185
0 4117 0.950521 0.902778 0.020833 0.038889
0 4118 0.685156 0.680093 0.066146 0.054630
0 4119 0.325781 0.493981 0.066146 0.054630
0 4120 0.431510 0.217130 0.040104 0.041667
0 4121 0.306510 0.324074 0.064062 0.062963
