0 3377 0.309635 0.194907 0.094271 0.060185
0 3378 0.514844 0.659722 0.060937 0.056481
0 3379 0.983073 0.879630 0.032813 0.055556
0 3380 0.613281 0.144444 0.085938 0.053704
0 3381 0.642969 0.285185 0.068229 0.066667
0 3382 0.604948 0.606481 0.063021 0.066667
0 3383 0.653385 0.791204 0.056771 0.052778
0 3384 0.585677 0.450463 0.065104 0.058333
0 3385 0.757031 0.781019 0.058854 0.049074
0 3386 0.351302 0.721296 0.059896 0.048148
0 3387 0.441406 0.471296 0.071354 0.061111
0 3388 0.459115 0.625926 0.069271 0.061111
0 3389 0.427604 0.315278 0.065625 0.060185
0 3390 0.322135 0.650463 0.071354 0.043519
0 3391 0.662760 0.202778 0.146354 0.100000
0 3392 0.401302 0.288426 0.125521 0.095370
0 3393 0.814583 0.849074 0.020833 0.038889
0 3394 0.661198 0.648611 0.066146 0.054630
0 3395 0.306771 0.447222 0.054167 0.059259
0 3396 0.425781 0.208796 0.028646 0.041667
0 3397 0.294792 0.273611 0.070833 0.058333
