0 3882 0.318490 0.192593 0.090104 0.062963
0 3883 0.484115 0.650926 0.069271 0.061111
0 3884 0.622656 0.134722 0.079687 0.050926
0 3885 0.648177 0.308333 0.068229 0.066667
0 3886 0.625781 0.629630 0.063021 0.066667
0 3887 0.709115 0.835648 0.056771 0.052778
0 3888 0.598177 0.480093 0.065104 0.058333
0 3889 0.806510 0.829167 0.057813 0.047222
0 3890 0.399219 0.773611 0.060937 0.054630
0 3891 0.457552 0.496296 0.041146 0.068519
0 3892 0.544010 0.682870 0.060937 0.056481
0 3893 0.349219 0.673148 0.071354 0.055556
0 3894 0.684115 0.208333 0.146354 0.100000
0 3895 0.440365 0.278241 0.125521 0.093519
0 3896 0.434896 0.349537 0.065625 0.060185
0 3897 0.911458 0.889815 0.020833 0.038889
0 3898 0.679427 0.670833 0.066146 0.054630
0 3899 0.322396 0.481481 0.057292 0.057407
0 3900 0.431771 0.213426 0.034375 0.043519
0 3901 0.307552 0.307407 0.069271 0.062963
