0 2071 0.295052 0.262963 0.074479 0.062963
0 2072 0.610677 0.206019 0.098437 0.052778
0 2073 0.334896 0.308333 0.135417 0.124074
0 2074 0.704948 0.716204 0.057813 0.047222
0 2075 0.429688 0.281944 0.029167 0.069444
0 2076 0.285156 0.631944 0.071354 0.043519
0 2077 0.485677 0.654167 0.060937 0.056481
0 2078 0.631250 0.786111 0.020833 0.038889
0 2079 0.635156 0.654167 0.066146 0.054630
0 2080 0.308073 0.401852 0.074479 0.064815
0 2081 0.427083 0.242130 0.039583 0.041667
0 2082 0.597656 0.587963 0.063021 0.066667
0 2083 0.292969 0.243981 0.094271 0.060185
0 2084 0.798958 0.826852 0.047917 0.061111
0 2085 0.637240 0.309259 0.068229 0.066667
0 2086 0.584635 0.407870 0.065104 0.058333
0 2087 0.293490 0.651389 0.060937 0.039815
0 2088 0.437760 0.434259 0.071354 0.061111
0 2089 0.434635 0.610185 0.036979 0.061111
0 2090 0.636458 0.220370 0.146875 0.131481
0 2091 0.561198 0.731019 0.056771 0.052778
0 2092 0.876823 0.807870 0.021354 0.039815
