0 3314 0.310156 0.195833 0.094271 0.060185
0 3315 0.512760 0.659722 0.060937 0.056481
0 3316 0.976823 0.879167 0.045312 0.056481
0 3317 0.613021 0.147222 0.081250 0.053704
0 3318 0.642448 0.284259 0.068229 0.066667
0 3319 0.604427 0.605556 0.063021 0.066667
0 3320 0.648177 0.788426 0.056771 0.052778
0 3321 0.586979 0.455556 0.035417 0.059259
0 3322 0.759635 0.778241 0.061979 0.056481
0 3323 0.349219 0.717593 0.059896 0.048148
0 3324 0.445052 0.469444 0.039062 0.072222
0 3325 0.458594 0.624074 0.069271 0.061111
0 3326 0.427083 0.310648 0.065625 0.060185
0 3327 0.321094 0.648611 0.071354 0.043519
0 3328 0.661198 0.201852 0.146354 0.100000
0 3329 0.397656 0.288426 0.125521 0.095370
0 3330 0.804167 0.845370 0.020833 0.038889
0 3331 0.660677 0.648611 0.066146 0.054630
0 3332 0.306771 0.444444 0.054167 0.059259
0 3333 0.425781 0.208796 0.028646 0.041667
0 3334 0.296875 0.273611 0.059375 0.058333
