0 3209 0.311198 0.198611 0.094271 0.060185
0 3210 0.509635 0.658796 0.060937 0.056481
0 3211 0.958073 0.872685 0.045312 0.056481
0 3212 0.613802 0.151389 0.076563 0.054630
0 3213 0.641406 0.282407 0.068229 0.066667
0 3214 0.603385 0.605556 0.063021 0.066667
0 3215 0.639844 0.782870 0.056771 0.052778
0 3216 0.584115 0.443981 0.065104 0.058333
0 3217 0.750260 0.768981 0.057813 0.047222
0 3218 0.345052 0.710185 0.059896 0.048148
0 3219 0.441406 0.465278 0.071354 0.060185
0 3220 0.458073 0.621296 0.069271 0.061111
0 3221 0.427083 0.302315 0.065625 0.060185
0 3222 0.317969 0.645833 0.071354 0.043519
0 3223 0.658594 0.201852 0.146354 0.100000
0 3224 0.392448 0.289352 0.125521 0.095370
0 3225 0.786979 0.838889 0.020833 0.038889
0 3226 0.659635 0.647685 0.066146 0.054630
0 3227 0.306771 0.439815 0.054167 0.059259
0 3228 0.425781 0.210648 0.028646 0.041667
0 3229 0.296615 0.266667 0.065104 0.057407
