0 3662 0.311198 0.187963 0.090104 0.062963
0 3663 0.467969 0.634259 0.069271 0.061111
0 3664 0.614844 0.134259 0.079687 0.051852
0 3665 0.644010 0.290741 0.068229 0.066667
0 3666 0.611198 0.611111 0.063021 0.066667
0 3667 0.679948 0.806944 0.056771 0.052778
0 3668 0.590365 0.463426 0.065104 0.058333
0 3669 0.782031 0.802315 0.057813 0.047222
0 3670 0.376823 0.740741 0.060937 0.053704
0 3671 0.444010 0.476852 0.071354 0.061111
0 3672 0.528385 0.665278 0.060937 0.056481
0 3673 0.333594 0.655556 0.071354 0.053704
0 3674 0.671615 0.200000 0.146354 0.100000
0 3675 0.415885 0.274537 0.125521 0.095370
0 3676 0.429167 0.325463 0.065625 0.060185
0 3677 0.864062 0.864815 0.020833 0.038889
0 3678 0.667448 0.651389 0.066146 0.054630
0 3679 0.313021 0.460185 0.054167 0.059259
0 3680 0.427865 0.203241 0.028646 0.041667
0 3681 0.298177 0.283333 0.059896 0.061111
