0 2929 0.290885 0.255556 0.068229 0.059259
0 2930 0.610677 0.161111 0.083854 0.053704
0 2931 0.370052 0.292130 0.125521 0.095370
0 2932 0.733594 0.747685 0.057813 0.047222
0 2933 0.428125 0.277315 0.065625 0.060185
0 2934 0.305469 0.633796 0.071354 0.043519
0 2935 0.499740 0.648611 0.060937 0.056481
0 2936 0.738021 0.821296 0.020833 0.038889
0 2937 0.646615 0.642130 0.066146 0.054630
0 2938 0.301302 0.423148 0.055729 0.059259
0 2939 0.422656 0.208796 0.028646 0.041667
0 2940 0.595573 0.592593 0.063021 0.066667
0 2941 0.303385 0.199537 0.094271 0.060185
0 2942 0.909635 0.853241 0.045312 0.056481
0 2943 0.638281 0.278704 0.068229 0.066667
0 2944 0.580469 0.426389 0.065104 0.058333
0 2945 0.326302 0.686111 0.059896 0.048148
0 2946 0.437240 0.449074 0.071354 0.061111
0 2947 0.443750 0.617593 0.037500 0.062963
0 2948 0.651302 0.200000 0.146354 0.100000
0 2949 0.607031 0.763426 0.056771 0.052778
0 2950 0.973698 0.831944 0.021354 0.039815
