0 3188 0.311719 0.198611 0.094271 0.060185
0 3189 0.508594 0.657870 0.060937 0.056481
0 3190 0.954427 0.870833 0.045312 0.056481
0 3191 0.617448 0.153241 0.029687 0.054630
0 3192 0.641406 0.282407 0.068229 0.066667
0 3193 0.602865 0.603704 0.063021 0.066667
0 3194 0.638281 0.781944 0.056771 0.052778
0 3195 0.583594 0.442130 0.065104 0.058333
0 3196 0.749740 0.767130 0.057813 0.047222
0 3197 0.343490 0.708333 0.059896 0.048148
0 3198 0.441406 0.464352 0.071354 0.060185
0 3199 0.458073 0.620370 0.069271 0.061111
0 3200 0.427083 0.301389 0.065625 0.060185
0 3201 0.316927 0.644907 0.071354 0.043519
0 3202 0.658073 0.201852 0.146354 0.100000
0 3203 0.391406 0.289352 0.125521 0.095370
0 3204 0.783854 0.837963 0.020833 0.038889
0 3205 0.659635 0.647685 0.066146 0.054630
0 3206 0.306771 0.438889 0.054167 0.059259
0 3207 0.425781 0.210648 0.028646 0.041667
0 3208 0.296094 0.265741 0.066146 0.057407
