0 3440 0.309896 0.193056 0.093750 0.060185
0 3441 0.516927 0.660648 0.060937 0.056481
0 3442 0.989844 0.880093 0.020313 0.054630
0 3443 0.613542 0.141204 0.086458 0.052778
0 3444 0.642969 0.285185 0.068229 0.066667
0 3445 0.605469 0.607407 0.063021 0.066667
0 3446 0.658594 0.793981 0.056771 0.052778
0 3447 0.585677 0.452315 0.065104 0.058333
0 3448 0.762240 0.784722 0.044271 0.050926
0 3449 0.353385 0.725926 0.059896 0.048148
0 3450 0.441406 0.471296 0.071354 0.061111
0 3451 0.460156 0.626852 0.069271 0.061111
0 3452 0.427604 0.316204 0.065625 0.060185
0 3453 0.323698 0.652315 0.071354 0.043519
0 3454 0.663802 0.200926 0.146354 0.100000
0 3455 0.402865 0.283796 0.125521 0.095370
0 3456 0.824479 0.850926 0.020833 0.038889
0 3457 0.661719 0.648611 0.066146 0.054630
0 3458 0.307292 0.448148 0.054167 0.059259
0 3459 0.425781 0.206019 0.028646 0.041667
0 3460 0.294010 0.274537 0.066146 0.058333
