0 2621 0.296094 0.248148 0.059896 0.059259
0 2622 0.610677 0.168519 0.078646 0.055556
0 2623 0.366927 0.290278 0.125521 0.095370
0 2624 0.727344 0.723611 0.057813 0.047222
0 2625 0.428646 0.277778 0.036458 0.066667
0 2626 0.301823 0.620833 0.071354 0.043519
0 2627 0.496615 0.644907 0.060937 0.056481
0 2628 0.700000 0.792593 0.020833 0.038889
0 2629 0.647135 0.637500 0.066146 0.054630
0 2630 0.305208 0.403241 0.077083 0.065741
0 2631 0.430729 0.210648 0.039583 0.043519
0 2632 0.599219 0.583333 0.063021 0.066667
0 2633 0.303906 0.200463 0.094271 0.060185
0 2634 0.870052 0.832870 0.045312 0.056481
0 2635 0.641927 0.276852 0.068229 0.066667
0 2636 0.585677 0.407870 0.065104 0.058333
0 2637 0.315104 0.662500 0.060417 0.043519
0 2638 0.437240 0.432407 0.071354 0.061111
0 2639 0.443490 0.604167 0.028646 0.063889
0 2640 0.649740 0.197222 0.147396 0.111111
0 2641 0.595573 0.740278 0.056771 0.052778
0 2642 0.936719 0.813426 0.021354 0.039815
