0 3542 0.309375 0.190278 0.091667 0.062037
0 3543 0.462240 0.628704 0.069271 0.061111
0 3544 0.613281 0.137037 0.082812 0.051852
0 3545 0.642969 0.285185 0.068229 0.066667
0 3546 0.666927 0.797685 0.056771 0.052778
0 3547 0.309375 0.451852 0.054167 0.059259
0 3548 0.583073 0.454630 0.032813 0.062963
0 3549 0.772135 0.791667 0.054688 0.053704
0 3550 0.363281 0.732407 0.059896 0.050000
0 3551 0.443490 0.469907 0.032813 0.067593
0 3552 0.522135 0.662500 0.060937 0.056481
0 3553 0.327865 0.653241 0.071354 0.047222
0 3554 0.666406 0.199074 0.146354 0.100000
0 3555 0.405469 0.277315 0.125521 0.095370
0 3556 0.427604 0.317130 0.065625 0.060185
0 3557 0.840625 0.854630 0.020833 0.038889
0 3558 0.663802 0.647685 0.066146 0.054630
0 3559 0.608073 0.608333 0.063021 0.066667
0 3560 0.425781 0.203241 0.028646 0.041667
0 3561 0.294271 0.275463 0.059375 0.058333
