0 2687 0.294271 0.249074 0.068750 0.059259
0 2688 0.608073 0.162037 0.059896 0.050000
0 2689 0.367448 0.291204 0.125521 0.095370
0 2690 0.727344 0.728241 0.057813 0.047222
0 2691 0.429167 0.273611 0.065625 0.060185
0 2692 0.301823 0.622685 0.071354 0.043519
0 2693 0.496615 0.644907 0.060937 0.056481
0 2694 0.705729 0.798148 0.020833 0.038889
0 2695 0.646615 0.638426 0.066146 0.054630
0 2696 0.304688 0.406481 0.065625 0.061111
0 2697 0.427344 0.209722 0.038021 0.043519
0 2698 0.596094 0.584259 0.063021 0.066667
0 2699 0.303385 0.199537 0.094271 0.060185
0 2700 0.877344 0.837500 0.045312 0.056481
0 2701 0.639323 0.275926 0.068229 0.066667
0 2702 0.583594 0.412500 0.065104 0.058333
0 2703 0.315885 0.667130 0.059896 0.045370
0 2704 0.435156 0.434259 0.071354 0.061111
0 2705 0.444010 0.602778 0.069271 0.061111
0 2706 0.649740 0.194907 0.147396 0.106481
0 2707 0.596615 0.744907 0.056771 0.052778
0 2708 0.944010 0.817130 0.021354 0.039815
