0 3822 0.316927 0.191667 0.090104 0.062963
0 3823 0.481510 0.649074 0.069271 0.061111
0 3824 0.623177 0.134259 0.079687 0.051852
0 3825 0.648177 0.304630 0.068229 0.066667
0 3826 0.624219 0.626852 0.063021 0.066667
0 3827 0.702865 0.831944 0.056771 0.052778
0 3828 0.597396 0.476389 0.029167 0.067593
0 3829 0.800260 0.824537 0.057813 0.047222
0 3830 0.394010 0.767130 0.060937 0.054630
0 3831 0.456510 0.489815 0.039062 0.064815
0 3832 0.540885 0.679167 0.060937 0.056481
0 3833 0.347135 0.669444 0.071354 0.055556
0 3834 0.682552 0.207407 0.146354 0.100000
0 3835 0.438281 0.278241 0.125521 0.095370
0 3836 0.434375 0.345833 0.065625 0.060185
0 3837 0.900521 0.886111 0.020833 0.038889
0 3838 0.677344 0.668056 0.066146 0.054630
0 3839 0.320833 0.478704 0.054167 0.059259
0 3840 0.432031 0.210648 0.028646 0.041667
0 3841 0.307552 0.302778 0.060937 0.062963
