0 2115 0.297656 0.261111 0.032813 0.062963
0 2116 0.610938 0.200926 0.085417 0.051852
0 2117 0.339062 0.307407 0.135417 0.124074
0 2118 0.710156 0.715278 0.057813 0.047222
0 2119 0.435156 0.283333 0.069271 0.062963
0 2120 0.289844 0.629167 0.071354 0.043519
0 2121 0.489844 0.652315 0.060937 0.056481
0 2122 0.639583 0.786111 0.020833 0.038889
0 2123 0.642708 0.649537 0.037500 0.060185
0 2124 0.310937 0.400926 0.073958 0.064815
0 2125 0.429688 0.238426 0.040625 0.041667
0 2126 0.600781 0.587037 0.063021 0.066667
0 2127 0.296094 0.240278 0.094271 0.060185
0 2128 0.806771 0.826852 0.047917 0.061111
0 2129 0.641406 0.303704 0.068229 0.066667
0 2130 0.586198 0.406944 0.065104 0.058333
0 2131 0.298177 0.649537 0.060937 0.039815
0 2132 0.441406 0.433333 0.071354 0.061111
0 2133 0.437760 0.607407 0.047396 0.061111
0 2134 0.639062 0.218519 0.146875 0.131481
0 2135 0.566406 0.730093 0.056771 0.052778
0 2136 0.882552 0.804167 0.021354 0.039815
