0 3419 0.309375 0.193981 0.093750 0.060185
0 3420 0.516406 0.660648 0.060937 0.056481
0 3421 0.987240 0.879167 0.024479 0.054630
0 3422 0.613281 0.142130 0.086979 0.052778
0 3423 0.642969 0.285185 0.068229 0.066667
0 3424 0.604948 0.606481 0.063021 0.066667
0 3425 0.656510 0.793056 0.056771 0.052778
0 3426 0.585677 0.451389 0.065104 0.058333
0 3427 0.759375 0.783796 0.051042 0.049074
0 3428 0.352865 0.724074 0.059896 0.048148
0 3429 0.441406 0.471296 0.071354 0.061111
0 3430 0.459635 0.626852 0.069271 0.061111
0 3431 0.427604 0.315278 0.065625 0.060185
0 3432 0.323177 0.651389 0.071354 0.043519
0 3433 0.663281 0.201852 0.146354 0.100000
0 3434 0.402344 0.285648 0.125521 0.095370
0 3435 0.820833 0.850000 0.020833 0.038889
0 3436 0.661719 0.648611 0.066146 0.054630
0 3437 0.307292 0.448148 0.054167 0.059259
0 3438 0.425781 0.206944 0.028646 0.041667
0 3439 0.294271 0.273611 0.067708 0.058333
