0 2379 0.307031 0.249537 0.050521 0.062037
0 2380 0.620573 0.175926 0.076563 0.050000
0 2381 0.362500 0.291667 0.127083 0.100000
0 2382 0.725260 0.711111 0.058854 0.051852
0 2383 0.439063 0.273611 0.065625 0.060185
0 2384 0.304427 0.618056 0.071354 0.043519
0 2385 0.501302 0.643981 0.060937 0.056481
0 2386 0.679688 0.782407 0.020833 0.038889
0 2387 0.648177 0.638426 0.066146 0.054630
0 2388 0.316667 0.393519 0.073958 0.061111
0 2389 0.440885 0.218981 0.028646 0.041667
0 2390 0.607552 0.582407 0.063021 0.066667
0 2391 0.309896 0.208333 0.085417 0.053704
0 2392 0.848698 0.822685 0.045312 0.056481
0 2393 0.653385 0.280556 0.068229 0.066667
0 2394 0.594531 0.400463 0.065104 0.058333
0 2395 0.313802 0.649537 0.060937 0.039815
0 2396 0.446615 0.428704 0.071354 0.061111
0 2397 0.449479 0.599537 0.035417 0.063889
0 2398 0.647917 0.208333 0.146875 0.131481
0 2399 0.588802 0.725000 0.056771 0.055556
0 2400 0.919531 0.799537 0.021354 0.039815
