0 2269 0.307812 0.250926 0.065625 0.059259
0 2270 0.620052 0.183796 0.075521 0.050926
0 2271 0.352865 0.299074 0.131771 0.112963
0 2272 0.722135 0.708333 0.060937 0.061111
0 2273 0.439063 0.277315 0.065625 0.060185
0 2274 0.306510 0.618056 0.071354 0.043519
0 2275 0.505469 0.644907 0.060937 0.056481
0 2276 0.664062 0.782407 0.020833 0.038889
0 2277 0.646615 0.640278 0.066146 0.054630
0 2278 0.316667 0.391667 0.068750 0.059259
0 2279 0.438802 0.225463 0.028646 0.041667
0 2280 0.609635 0.584259 0.063021 0.066667
0 2281 0.303385 0.224537 0.094271 0.060185
0 2282 0.832552 0.823148 0.046354 0.057407
0 2283 0.654167 0.281944 0.029167 0.062037
0 2284 0.593490 0.401389 0.065104 0.058333
0 2285 0.313802 0.644907 0.060937 0.039815
0 2286 0.446615 0.429630 0.071354 0.061111
0 2287 0.448698 0.599074 0.069271 0.061111
0 2288 0.645312 0.212037 0.146875 0.131481
0 2289 0.581510 0.720370 0.056771 0.057407
0 2290 0.904948 0.800463 0.021354 0.039815
