0 4002 0.320052 0.192593 0.090104 0.062963
0 4003 0.489323 0.654630 0.069271 0.061111
0 4004 0.622656 0.138889 0.079687 0.051852
0 4005 0.649219 0.315741 0.068229 0.066667
0 4006 0.628385 0.635185 0.063021 0.066667
0 4007 0.722135 0.843981 0.056771 0.052778
0 4008 0.601823 0.487500 0.065104 0.058333
0 4009 0.819010 0.840278 0.057813 0.047222
0 4010 0.410156 0.786574 0.060937 0.054630
0 4011 0.458073 0.501389 0.071354 0.060185
0 4012 0.550781 0.689352 0.060937 0.056481
0 4013 0.353906 0.681481 0.071354 0.055556
0 4014 0.687240 0.210185 0.146354 0.100000
0 4015 0.444531 0.279167 0.125521 0.091667
0 4016 0.436458 0.357870 0.065625 0.060185
0 4017 0.933333 0.897222 0.020833 0.038889
0 4018 0.683594 0.676389 0.066146 0.054630
0 4019 0.325781 0.489352 0.064062 0.054630
0 4020 0.432552 0.217130 0.041146 0.043519
0 4021 0.307552 0.316667 0.063021 0.062963
