0 3039 0.293750 0.258796 0.029167 0.058333
0 3040 0.613021 0.156944 0.082292 0.054630
0 3041 0.379427 0.291204 0.125521 0.095370
0 3042 0.740365 0.756019 0.057813 0.047222
0 3043 0.426042 0.293056 0.065625 0.060185
0 3044 0.309115 0.639352 0.071354 0.043519
0 3045 0.502344 0.652315 0.060937 0.056481
0 3046 0.757292 0.828704 0.020833 0.038889
0 3047 0.653125 0.642130 0.080208 0.065741
0 3048 0.302604 0.431481 0.029167 0.070370
0 3049 0.424219 0.209722 0.028646 0.041667
0 3050 0.598177 0.597222 0.063021 0.066667
0 3051 0.307031 0.199537 0.094271 0.060185
0 3052 0.928385 0.861574 0.045312 0.056481
0 3053 0.639844 0.280556 0.068229 0.066667
0 3054 0.581510 0.432870 0.065104 0.058333
0 3055 0.332552 0.695370 0.059896 0.048148
0 3056 0.439323 0.456481 0.071354 0.061111
0 3057 0.451302 0.615741 0.069271 0.061111
0 3058 0.653906 0.200926 0.146354 0.100000
0 3059 0.620573 0.770833 0.056771 0.052778
0 3060 0.989323 0.840278 0.021354 0.039815
