0 3335 0.310156 0.195833 0.094271 0.060185
0 3336 0.513802 0.659722 0.060937 0.056481
0 3337 0.978906 0.878704 0.041146 0.055556
0 3338 0.612760 0.146296 0.082812 0.053704
0 3339 0.642448 0.284259 0.068229 0.066667
0 3340 0.604427 0.606481 0.063021 0.066667
0 3341 0.649740 0.789352 0.056771 0.052778
0 3342 0.585677 0.449537 0.065104 0.058333
0 3343 0.758594 0.778704 0.060937 0.053704
0 3344 0.349740 0.718519 0.059896 0.048148
0 3345 0.441406 0.469444 0.071354 0.061111
0 3346 0.458594 0.625000 0.069271 0.061111
0 3347 0.427083 0.311574 0.065625 0.060185
0 3348 0.321615 0.649537 0.071354 0.043519
0 3349 0.661719 0.201852 0.146354 0.100000
0 3350 0.398698 0.288426 0.125521 0.095370
0 3351 0.807292 0.846296 0.020833 0.038889
0 3352 0.660677 0.653241 0.039062 0.058333
0 3353 0.306771 0.445370 0.054167 0.059259
0 3354 0.425781 0.208796 0.028646 0.041667
0 3355 0.293750 0.273611 0.033333 0.058333
