0 2665 0.295052 0.249074 0.072396 0.059259
0 2666 0.608594 0.163889 0.066146 0.051852
0 2667 0.367448 0.291204 0.125521 0.095370
0 2668 0.727344 0.726389 0.057813 0.047222
0 2669 0.429688 0.272685 0.065625 0.060185
0 2670 0.301823 0.621759 0.071354 0.043519
0 2671 0.496615 0.644907 0.060937 0.056481
0 2672 0.703646 0.796296 0.020833 0.038889
0 2673 0.645573 0.634722 0.029687 0.063889
0 2674 0.305208 0.404630 0.054167 0.059259
0 2675 0.428646 0.210648 0.037500 0.043519
0 2676 0.597135 0.584259 0.063021 0.066667
0 2677 0.300781 0.196296 0.033854 0.062963
0 2678 0.874740 0.835648 0.045312 0.056481
0 2679 0.639844 0.275926 0.068229 0.066667
0 2680 0.584115 0.410648 0.065104 0.058333
0 2681 0.315625 0.665741 0.060417 0.044444
0 2682 0.435156 0.433333 0.071354 0.061111
0 2683 0.444531 0.601852 0.069271 0.061111
0 2684 0.650000 0.195370 0.147917 0.107407
0 2685 0.596094 0.743056 0.056771 0.052778
0 2686 0.941406 0.815278 0.021354 0.039815
