0 3293 0.310677 0.196759 0.094271 0.060185
0 3294 0.512240 0.659722 0.060937 0.056481
0 3295 0.973177 0.877315 0.045312 0.056481
0 3296 0.612760 0.148148 0.079687 0.053704
0 3297 0.641927 0.283333 0.068229 0.066667
0 3298 0.603906 0.605556 0.063021 0.066667
0 3299 0.646615 0.787500 0.056771 0.052778
0 3300 0.585677 0.449537 0.065104 0.058333
0 3301 0.760677 0.777315 0.063021 0.058333
0 3302 0.348698 0.715741 0.059896 0.048148
0 3303 0.441406 0.468056 0.071354 0.060185
0 3304 0.458594 0.623148 0.069271 0.061111
0 3305 0.427083 0.308796 0.065625 0.060185
0 3306 0.320573 0.647685 0.071354 0.043519
0 3307 0.660677 0.201852 0.146354 0.100000
0 3308 0.396615 0.288426 0.125521 0.095370
0 3309 0.800521 0.843519 0.020833 0.038889
0 3310 0.660156 0.648611 0.066146 0.054630
0 3311 0.306771 0.443519 0.054167 0.059259
0 3312 0.425781 0.209722 0.028646 0.041667
0 3313 0.296354 0.271759 0.060417 0.058333
