0 3962 0.319531 0.192593 0.090104 0.062963
0 3963 0.490625 0.657407 0.034375 0.064815
0 3964 0.622656 0.137500 0.079687 0.050926
0 3965 0.648698 0.312963 0.068229 0.066667
0 3966 0.627344 0.633333 0.063021 0.066667
0 3967 0.717448 0.841204 0.056771 0.052778
0 3968 0.600781 0.484722 0.065104 0.058333
0 3969 0.814844 0.836574 0.057813 0.047222
0 3970 0.406510 0.781944 0.060937 0.054630
0 3971 0.456510 0.498611 0.071354 0.060185
0 3972 0.548698 0.687500 0.060937 0.056481
0 3973 0.352344 0.678704 0.071354 0.055556
0 3974 0.686198 0.209259 0.146354 0.100000
0 3975 0.442969 0.278704 0.125521 0.092593
0 3976 0.435937 0.355093 0.065625 0.060185
0 3977 0.926042 0.894444 0.020833 0.038889
0 3978 0.682031 0.674537 0.066146 0.054630
0 3979 0.324479 0.487037 0.061458 0.055556
0 3980 0.431250 0.218056 0.041667 0.045370
0 3981 0.307552 0.313889 0.065104 0.062963
