0 2335 0.308594 0.245370 0.071354 0.059259
0 2336 0.620313 0.178704 0.076042 0.050000
0 2337 0.358594 0.295370 0.128646 0.105556
0 2338 0.724219 0.710185 0.059896 0.055556
0 2339 0.439063 0.274537 0.065625 0.060185
0 2340 0.304948 0.618056 0.071354 0.043519
0 2341 0.503385 0.644907 0.060937 0.056481
0 2342 0.674479 0.781481 0.020833 0.038889
0 2343 0.647656 0.639352 0.066146 0.054630
0 2344 0.316667 0.393056 0.071875 0.060185
0 2345 0.439844 0.221759 0.028646 0.041667
0 2346 0.608594 0.583333 0.063021 0.066667
0 2347 0.307552 0.214352 0.094271 0.060185
0 2348 0.843750 0.822685 0.045833 0.056481
0 2349 0.654948 0.279630 0.068229 0.066667
0 2350 0.596615 0.399537 0.065104 0.058333
0 2351 0.313802 0.647685 0.060937 0.039815
0 2352 0.446615 0.429630 0.071354 0.061111
0 2353 0.449219 0.598148 0.069271 0.061111
0 2354 0.646875 0.210185 0.146875 0.131481
0 2355 0.585677 0.721296 0.056771 0.057407
0 2356 0.914844 0.798611 0.021354 0.039815
