0 2401 0.306771 0.249537 0.068750 0.062037
0 2402 0.620573 0.173611 0.076563 0.049074
0 2403 0.364583 0.290278 0.126042 0.097222
0 2404 0.726042 0.712037 0.058333 0.050000
0 2405 0.439063 0.272685 0.065625 0.060185
0 2406 0.303906 0.618056 0.071354 0.043519
0 2407 0.500781 0.643981 0.060937 0.056481
0 2408 0.681771 0.783333 0.020833 0.038889
0 2409 0.648698 0.637500 0.066146 0.054630
0 2410 0.316667 0.394444 0.075000 0.061111
0 2411 0.441406 0.218056 0.028646 0.041667
0 2412 0.607031 0.581481 0.063021 0.066667
0 2413 0.304948 0.210648 0.094271 0.060185
0 2414 0.850781 0.823611 0.045312 0.056481
0 2415 0.652865 0.280556 0.068229 0.066667
0 2416 0.592448 0.400926 0.040104 0.066667
0 2417 0.313802 0.650463 0.060937 0.039815
0 2418 0.446615 0.428704 0.071354 0.061111
0 2419 0.448437 0.599074 0.068750 0.057407
0 2420 0.648438 0.207407 0.146875 0.131481
0 2421 0.589844 0.727315 0.056771 0.054630
0 2422 0.920573 0.800463 0.021354 0.039815
