0 2159 0.302865 0.262500 0.073438 0.049074
0 2160 0.614583 0.196296 0.031250 0.051852
0 2161 0.343229 0.306481 0.135417 0.124074
0 2162 0.715885 0.714352 0.057813 0.047222
0 2163 0.437500 0.280556 0.066667 0.061111
0 2164 0.294531 0.625463 0.071354 0.043519
0 2165 0.494531 0.650463 0.060937 0.056481
0 2166 0.646354 0.785185 0.020833 0.038889
0 2167 0.642448 0.645833 0.066146 0.054630
0 2168 0.313802 0.400000 0.073438 0.064815
0 2169 0.434375 0.232870 0.032292 0.041667
0 2170 0.603906 0.586111 0.063021 0.066667
0 2171 0.299219 0.235648 0.094271 0.060185
0 2172 0.813802 0.825463 0.047396 0.060185
0 2173 0.646094 0.299074 0.068229 0.066667
0 2174 0.589063 0.405556 0.034375 0.064815
0 2175 0.302344 0.648611 0.060937 0.039815
0 2176 0.441927 0.428704 0.046354 0.066667
0 2177 0.441146 0.605556 0.058333 0.061111
0 2178 0.641667 0.216667 0.146875 0.131481
0 2179 0.571615 0.729167 0.056771 0.052778
0 2180 0.888802 0.802315 0.021354 0.039815
