0 2049 0.293490 0.264815 0.073438 0.062963
0 2050 0.607292 0.207870 0.090625 0.052778
0 2051 0.333333 0.308333 0.135417 0.124074
0 2052 0.702344 0.717130 0.057813 0.047222
0 2053 0.431510 0.286111 0.073438 0.064815
0 2054 0.283073 0.633796 0.071354 0.043519
0 2055 0.483073 0.656019 0.060937 0.056481
0 2056 0.627083 0.786111 0.020833 0.038889
0 2057 0.636458 0.655093 0.034375 0.065741
0 2058 0.306510 0.402778 0.074479 0.064815
0 2059 0.425781 0.244444 0.039062 0.042593
0 2060 0.596094 0.588889 0.063021 0.066667
0 2061 0.291927 0.245833 0.094271 0.060185
0 2062 0.795312 0.826852 0.047917 0.061111
0 2063 0.634635 0.311111 0.068229 0.066667
0 2064 0.584115 0.408796 0.065104 0.058333
0 2065 0.291406 0.652315 0.060937 0.039815
0 2066 0.436198 0.435185 0.071354 0.061111
0 2067 0.432812 0.610185 0.053125 0.061111
0 2068 0.634896 0.222222 0.146875 0.131481
0 2069 0.558594 0.731019 0.056771 0.052778
0 2070 0.873698 0.809722 0.021354 0.039815
