0 3167 0.311719 0.199537 0.094271 0.060185
0 3168 0.511719 0.657870 0.034896 0.060185
0 3169 0.950781 0.869907 0.045312 0.056481
0 3170 0.616406 0.154167 0.080729 0.056481
0 3171 0.641406 0.282407 0.068229 0.066667
0 3172 0.601823 0.602778 0.063021 0.066667
0 3173 0.636719 0.781019 0.056771 0.052778
0 3174 0.583594 0.441204 0.065104 0.058333
0 3175 0.749219 0.766204 0.057813 0.047222
0 3176 0.341927 0.706481 0.059896 0.048148
0 3177 0.441406 0.463426 0.071354 0.060185
0 3178 0.457031 0.625463 0.030729 0.060185
0 3179 0.432031 0.301852 0.032813 0.064815
0 3180 0.315885 0.643981 0.071354 0.043519
0 3181 0.657552 0.201852 0.146354 0.100000
0 3182 0.390365 0.289352 0.125521 0.095370
0 3183 0.780208 0.837037 0.020833 0.038889
0 3184 0.659635 0.647685 0.066146 0.054630
0 3185 0.306771 0.437963 0.054167 0.059259
0 3186 0.425781 0.210648 0.028646 0.041667
0 3187 0.296094 0.264815 0.067187 0.057407
