0 3522 0.309635 0.190741 0.092188 0.061111
0 3523 0.461719 0.628704 0.069271 0.061111
0 3524 0.613021 0.137963 0.083333 0.051852
0 3525 0.642969 0.285185 0.068229 0.066667
0 3526 0.665365 0.796759 0.056771 0.052778
0 3527 0.308854 0.450926 0.054167 0.059259
0 3528 0.585677 0.454167 0.065104 0.058333
0 3529 0.771354 0.789352 0.054167 0.054630
0 3530 0.360677 0.731019 0.059896 0.049074
0 3531 0.441406 0.471296 0.071354 0.061111
0 3532 0.520573 0.661574 0.060937 0.056481
0 3533 0.326823 0.653704 0.071354 0.046296
0 3534 0.665885 0.199074 0.146354 0.100000
0 3535 0.404948 0.278241 0.125521 0.095370
0 3536 0.422917 0.315278 0.030208 0.063889
0 3537 0.837500 0.853704 0.020833 0.038889
0 3538 0.663281 0.647685 0.066146 0.054630
0 3539 0.607552 0.608333 0.063021 0.066667
0 3540 0.425781 0.203241 0.028646 0.041667
0 3541 0.293750 0.274537 0.060417 0.058333
