0 2819 0.289583 0.251852 0.067708 0.059259
0 2820 0.607552 0.161574 0.082812 0.056481
0 2821 0.367969 0.292130 0.125521 0.095370
0 2822 0.730469 0.738426 0.057813 0.047222
0 2823 0.426563 0.281944 0.065625 0.060185
0 2824 0.302865 0.628241 0.071354 0.043519
0 2825 0.497656 0.646759 0.060937 0.056481
0 2826 0.722917 0.810185 0.020833 0.038889
0 2827 0.644010 0.639352 0.076563 0.056481
0 2828 0.301042 0.416667 0.070833 0.068519
0 2829 0.423177 0.208796 0.039062 0.045370
0 2830 0.594531 0.588889 0.063021 0.066667
0 2831 0.303385 0.199537 0.094271 0.060185
0 2832 0.891927 0.845833 0.045312 0.056481
0 2833 0.637760 0.279630 0.030729 0.064815
0 2834 0.579427 0.420833 0.065104 0.058333
0 2835 0.320052 0.677778 0.059896 0.048148
0 2836 0.434635 0.444444 0.071354 0.061111
0 2837 0.440885 0.608333 0.069271 0.061111
0 2838 0.650000 0.197222 0.146875 0.101852
0 2839 0.602344 0.754167 0.056771 0.052778
0 2840 0.959115 0.823611 0.021354 0.039815
