0 2577 0.296875 0.248611 0.071875 0.060185
0 2578 0.612500 0.168981 0.082292 0.054630
0 2579 0.366927 0.290278 0.125521 0.095370
0 2580 0.727344 0.721759 0.057813 0.047222
0 2581 0.432812 0.272685 0.065625 0.060185
0 2582 0.301823 0.618981 0.071354 0.043519
0 2583 0.496615 0.643981 0.060937 0.056481
0 2584 0.696354 0.790741 0.020833 0.038889
0 2585 0.647656 0.637500 0.066146 0.054630
0 2586 0.307812 0.400463 0.079167 0.065741
0 2587 0.433073 0.212037 0.042188 0.044444
0 2588 0.601302 0.582407 0.063021 0.066667
0 2589 0.304427 0.202315 0.094271 0.060185
0 2590 0.865365 0.831019 0.045312 0.056481
0 2591 0.644010 0.273611 0.028646 0.063889
0 2592 0.587240 0.406019 0.065104 0.058333
0 2593 0.314323 0.659722 0.060937 0.041667
0 2594 0.439323 0.431481 0.071354 0.061111
0 2595 0.445573 0.601852 0.069271 0.061111
0 2596 0.649740 0.199537 0.147396 0.115741
0 2597 0.595052 0.738426 0.056771 0.052778
0 2598 0.932552 0.810648 0.021354 0.039815
