0 2973 0.292187 0.256019 0.065625 0.058333
0 2974 0.611198 0.159259 0.082812 0.053704
0 2975 0.373698 0.292130 0.125521 0.095370
0 2976 0.736198 0.750463 0.057813 0.047222
0 2977 0.425521 0.290278 0.065625 0.060185
0 2978 0.306510 0.636574 0.071354 0.043519
0 2979 0.500260 0.649537 0.060937 0.056481
0 2980 0.745833 0.824074 0.020833 0.038889
0 2981 0.650260 0.640278 0.042188 0.069444
0 2982 0.302083 0.425926 0.059375 0.059259
0 2983 0.423177 0.208796 0.028646 0.041667
0 2984 0.596094 0.594444 0.063021 0.066667
0 2985 0.303385 0.199537 0.041146 0.067593
0 2986 0.916927 0.856944 0.045312 0.056481
0 2987 0.638802 0.279630 0.068229 0.066667
0 2988 0.580990 0.429167 0.065104 0.058333
0 2989 0.328385 0.689815 0.059896 0.048148
0 2990 0.437760 0.451852 0.071354 0.061111
0 2991 0.447656 0.613889 0.069271 0.061111
0 2992 0.652344 0.200000 0.146354 0.100000
0 2993 0.612240 0.766204 0.056771 0.052778
0 2994 0.979948 0.834722 0.021354 0.039815
