0 2643 0.296615 0.248148 0.076563 0.059259
0 2644 0.609635 0.163889 0.035937 0.053704
0 2645 0.366927 0.290278 0.125521 0.095370
0 2646 0.727344 0.725463 0.057813 0.047222
0 2647 0.430208 0.272685 0.065625 0.060185
0 2648 0.301823 0.620833 0.071354 0.043519
0 2649 0.496615 0.644907 0.060937 0.056481
0 2650 0.702083 0.794444 0.020833 0.038889
0 2651 0.647135 0.637500 0.066146 0.054630
0 2652 0.304167 0.405093 0.076042 0.065741
0 2653 0.429688 0.210648 0.038542 0.043519
0 2654 0.598177 0.583333 0.063021 0.066667
0 2655 0.303906 0.200463 0.094271 0.060185
0 2656 0.872135 0.834722 0.045312 0.056481
0 2657 0.640885 0.275926 0.068229 0.066667
0 2658 0.584635 0.409722 0.065104 0.058333
0 2659 0.315104 0.664815 0.060417 0.044444
0 2660 0.436198 0.432407 0.071354 0.061111
0 2661 0.444531 0.601852 0.069271 0.061111
0 2662 0.649740 0.196296 0.147396 0.109259
0 2663 0.596094 0.742130 0.056771 0.052778
0 2664 0.938802 0.814352 0.021354 0.039815
