0 3502 0.310417 0.189815 0.039583 0.068519
0 3503 0.461719 0.627778 0.069271 0.061111
0 3504 0.613281 0.138426 0.083854 0.052778
0 3505 0.642969 0.285185 0.068229 0.066667
0 3506 0.663802 0.796759 0.056771 0.052778
0 3507 0.308333 0.450000 0.054167 0.059259
0 3508 0.585677 0.453241 0.065104 0.058333
0 3509 0.770052 0.788426 0.053646 0.056481
0 3510 0.358594 0.730093 0.059896 0.049074
0 3511 0.441406 0.471296 0.071354 0.061111
0 3512 0.519531 0.661574 0.060937 0.056481
0 3513 0.325781 0.653241 0.071354 0.045370
0 3514 0.665365 0.200000 0.146354 0.100000
0 3515 0.404427 0.280093 0.125521 0.095370
0 3516 0.427604 0.317130 0.065625 0.060185
0 3517 0.834375 0.852778 0.020833 0.038889
0 3518 0.662760 0.648611 0.066146 0.054630
0 3519 0.607031 0.608333 0.063021 0.066667
0 3520 0.425781 0.204167 0.028646 0.041667
0 3521 0.294531 0.274537 0.034896 0.058333
