0 3862 0.317969 0.192593 0.090104 0.062963
0 3863 0.483073 0.650000 0.069271 0.061111
0 3864 0.622656 0.134722 0.079687 0.050926
0 3865 0.650000 0.307870 0.031250 0.065741
0 3866 0.625260 0.628704 0.063021 0.066667
0 3867 0.707031 0.833796 0.056771 0.052778
0 3868 0.597656 0.478241 0.065104 0.058333
0 3869 0.804427 0.827315 0.057813 0.047222
0 3870 0.397656 0.770833 0.060937 0.054630
0 3871 0.453385 0.493519 0.071354 0.061111
0 3872 0.542969 0.681019 0.060937 0.056481
0 3873 0.348177 0.671296 0.071354 0.055556
0 3874 0.683594 0.207407 0.146354 0.100000
0 3875 0.439323 0.277778 0.125521 0.094444
0 3876 0.434896 0.348611 0.065625 0.060185
0 3877 0.907813 0.887963 0.020833 0.038889
0 3878 0.678906 0.669907 0.066146 0.054630
0 3879 0.321875 0.481019 0.056250 0.058333
0 3880 0.431771 0.212037 0.032292 0.042593
0 3881 0.307552 0.305556 0.070312 0.062963
