0 2313 0.308854 0.248148 0.029167 0.059259
0 2314 0.620313 0.181019 0.076042 0.050926
0 2315 0.356510 0.296759 0.129688 0.108333
0 2316 0.723177 0.709259 0.059896 0.057407
0 2317 0.441927 0.271759 0.030729 0.062037
0 2318 0.305469 0.618056 0.071354 0.043519
0 2319 0.502344 0.641204 0.038021 0.076852
0 2320 0.670833 0.781481 0.020833 0.038889
0 2321 0.647656 0.639352 0.066146 0.054630
0 2322 0.316667 0.392130 0.070833 0.060185
0 2323 0.439323 0.222685 0.028646 0.041667
0 2324 0.608594 0.583333 0.063021 0.066667
0 2325 0.310677 0.208796 0.066146 0.062037
0 2326 0.839583 0.822685 0.045833 0.056481
0 2327 0.655469 0.278704 0.068229 0.066667
0 2328 0.595573 0.399537 0.065104 0.058333
0 2329 0.313802 0.646759 0.060937 0.039815
0 2330 0.446615 0.429630 0.071354 0.061111
0 2331 0.452083 0.597685 0.030208 0.058333
0 2332 0.646354 0.211111 0.146875 0.131481
0 2333 0.584115 0.719907 0.056771 0.058333
0 2334 0.911198 0.799537 0.021354 0.039815
