0 2137 0.300000 0.261111 0.053125 0.055556
0 2138 0.613281 0.198148 0.082812 0.051852
0 2139 0.341146 0.306481 0.135417 0.124074
0 2140 0.713281 0.715278 0.057813 0.047222
0 2141 0.436198 0.281944 0.068229 0.062037
0 2142 0.292448 0.627315 0.071354 0.043519
0 2143 0.492448 0.651389 0.060937 0.056481
0 2144 0.642708 0.785185 0.020833 0.038889
0 2145 0.640365 0.647685 0.066146 0.054630
0 2146 0.312500 0.400926 0.073958 0.064815
0 2147 0.431771 0.235648 0.036458 0.041667
0 2148 0.602344 0.587037 0.063021 0.066667
0 2149 0.297656 0.237500 0.094271 0.060185
0 2150 0.810156 0.825463 0.047396 0.060185
0 2151 0.644010 0.301852 0.068229 0.066667
0 2152 0.587240 0.406019 0.065104 0.058333
0 2153 0.300260 0.648611 0.060937 0.039815
0 2154 0.442969 0.432407 0.071354 0.061111
0 2155 0.439583 0.606481 0.053125 0.061111
0 2156 0.640104 0.217593 0.146875 0.131481
0 2157 0.569010 0.730093 0.056771 0.052778
0 2158 0.885677 0.803241 0.021354 0.039815
