0 4082 0.320573 0.191667 0.090104 0.062963
0 4083 0.491406 0.656481 0.069271 0.061111
0 4084 0.621615 0.138426 0.079687 0.052778
0 4085 0.647396 0.322222 0.028125 0.070370
0 4086 0.629948 0.637963 0.063021 0.066667
0 4087 0.730990 0.848611 0.056771 0.052778
0 4088 0.602344 0.491204 0.065104 0.058333
0 4089 0.824740 0.846759 0.057813 0.047222
0 4090 0.415885 0.793056 0.060937 0.054630
0 4091 0.459115 0.504630 0.071354 0.061111
0 4092 0.553385 0.693056 0.060937 0.056481
0 4093 0.355990 0.684259 0.071354 0.055556
0 4094 0.687760 0.211111 0.146354 0.100000
0 4095 0.447135 0.278241 0.125521 0.091667
0 4096 0.437760 0.361111 0.030729 0.064815
0 4097 0.947396 0.901852 0.020833 0.038889
0 4098 0.685156 0.680093 0.066146 0.054630
0 4099 0.326302 0.493981 0.066146 0.054630
0 4100 0.432031 0.216204 0.040104 0.041667
0 4101 0.306510 0.322222 0.063021 0.062963
