0 3125 0.310156 0.199537 0.094271 0.060185
0 3126 0.505990 0.655093 0.060937 0.056481
0 3127 0.943490 0.867130 0.045312 0.056481
0 3128 0.615104 0.154630 0.081250 0.055556
0 3129 0.644531 0.279630 0.029687 0.062963
0 3130 0.600781 0.600926 0.063021 0.066667
0 3131 0.630990 0.777315 0.056771 0.052778
0 3132 0.582552 0.438426 0.065104 0.058333
0 3133 0.746094 0.762500 0.057813 0.047222
0 3134 0.338802 0.702778 0.059896 0.048148
0 3135 0.440885 0.462037 0.071354 0.061111
0 3136 0.455990 0.618519 0.069271 0.061111
0 3137 0.426563 0.296759 0.065625 0.060185
0 3138 0.313802 0.642130 0.071354 0.043519
0 3139 0.655990 0.200926 0.146354 0.100000
0 3140 0.387240 0.290278 0.125521 0.095370
0 3141 0.772917 0.834259 0.020833 0.038889
0 3142 0.657292 0.645833 0.070833 0.058333
0 3143 0.305729 0.436111 0.055208 0.059259
0 3144 0.425260 0.210648 0.028646 0.041667
0 3145 0.296354 0.262037 0.069792 0.057407
