0 3482 0.309375 0.191667 0.092708 0.061111
0 3483 0.461198 0.627778 0.069271 0.061111
0 3484 0.610677 0.139815 0.034896 0.055556
0 3485 0.642969 0.285185 0.068229 0.066667
0 3486 0.661719 0.795833 0.056771 0.052778
0 3487 0.308333 0.450000 0.054167 0.059259
0 3488 0.585677 0.453241 0.065104 0.058333
0 3489 0.768229 0.787500 0.031250 0.054630
0 3490 0.356510 0.728704 0.059896 0.048148
0 3491 0.441406 0.471296 0.071354 0.061111
0 3492 0.518490 0.660648 0.060937 0.056481
0 3493 0.324740 0.652778 0.071354 0.044444
0 3494 0.664844 0.200000 0.146354 0.100000
0 3495 0.403906 0.281019 0.125521 0.095370
0 3496 0.427604 0.316204 0.065625 0.060185
0 3497 0.830729 0.852778 0.020833 0.038889
0 3498 0.662760 0.648611 0.066146 0.054630
0 3499 0.606510 0.607407 0.063021 0.066667
0 3500 0.425781 0.205093 0.028646 0.041667
0 3501 0.294271 0.274537 0.063542 0.058333
