0 3982 0.320052 0.192593 0.090104 0.062963
0 3983 0.488281 0.653704 0.069271 0.061111
0 3984 0.624479 0.141204 0.032292 0.054630
0 3985 0.649219 0.313889 0.068229 0.066667
0 3986 0.627865 0.634259 0.063021 0.066667
0 3987 0.720052 0.842130 0.056771 0.052778
0 3988 0.601302 0.485648 0.065104 0.058333
0 3989 0.816927 0.838426 0.057813 0.047222
0 3990 0.408594 0.783796 0.060937 0.054630
0 3991 0.457552 0.500463 0.071354 0.060185
0 3992 0.549740 0.688426 0.060937 0.056481
0 3993 0.352865 0.679630 0.071354 0.055556
0 3994 0.686719 0.209259 0.146354 0.100000
0 3995 0.443490 0.278704 0.125521 0.092593
0 3996 0.436458 0.356944 0.065625 0.060185
0 3997 0.929688 0.895370 0.020833 0.038889
0 3998 0.683073 0.675463 0.066146 0.054630
0 3999 0.325000 0.488889 0.062500 0.055556
0 4000 0.431510 0.217593 0.041146 0.044444
0 4001 0.307552 0.314815 0.064062 0.062963
