0 2533 0.296354 0.248611 0.057292 0.060185
0 2534 0.614583 0.170833 0.085417 0.054630
0 2535 0.366927 0.289352 0.125521 0.095370
0 2536 0.727344 0.718981 0.057813 0.047222
0 2537 0.434375 0.272685 0.065625 0.060185
0 2538 0.301823 0.618056 0.071354 0.043519
0 2539 0.496615 0.643981 0.060937 0.056481
0 2540 0.692708 0.788889 0.020833 0.038889
0 2541 0.648177 0.637500 0.066146 0.054630
0 2542 0.309115 0.397685 0.070312 0.063889
0 2543 0.435677 0.213426 0.044271 0.045370
0 2544 0.603385 0.581481 0.063021 0.066667
0 2545 0.304427 0.203241 0.094271 0.060185
0 2546 0.861719 0.829167 0.045312 0.056481
0 2547 0.646615 0.278704 0.068229 0.066667
0 2548 0.588802 0.404167 0.065104 0.058333
0 2549 0.313802 0.656481 0.060937 0.040741
0 2550 0.441927 0.429167 0.042188 0.069444
0 2551 0.446094 0.600926 0.069271 0.061111
0 2552 0.649479 0.201852 0.146875 0.120370
0 2553 0.594010 0.735648 0.056771 0.052778
0 2554 0.929427 0.807870 0.021354 0.039815
