0 3702 0.312760 0.188889 0.090104 0.062963
0 3703 0.471094 0.637963 0.069271 0.061111
0 3704 0.614062 0.133333 0.034375 0.059259
0 3705 0.645052 0.294444 0.068229 0.066667
0 3706 0.685677 0.813426 0.056771 0.052778
0 3707 0.315104 0.464815 0.054167 0.059259
0 3708 0.591927 0.466204 0.065104 0.058333
0 3709 0.786198 0.807870 0.057813 0.047222
0 3710 0.381510 0.745833 0.060937 0.054630
0 3711 0.446094 0.480556 0.071354 0.061111
0 3712 0.530990 0.668056 0.060937 0.056481
0 3713 0.336198 0.658333 0.071354 0.055556
0 3714 0.674219 0.201852 0.146354 0.100000
0 3715 0.421094 0.275463 0.125521 0.095370
0 3716 0.430208 0.331019 0.065625 0.060185
0 3717 0.873437 0.870370 0.020833 0.038889
0 3718 0.670052 0.655093 0.066146 0.054630
0 3719 0.614323 0.614815 0.063021 0.066667
0 3720 0.428906 0.205093 0.028646 0.041667
0 3721 0.299479 0.286574 0.060417 0.062037
