0 3762 0.314844 0.190741 0.090104 0.062963
0 3763 0.476302 0.643519 0.069271 0.061111
0 3764 0.620052 0.134259 0.079687 0.051852
0 3765 0.646615 0.299074 0.068229 0.066667
0 3766 0.694010 0.822685 0.056771 0.052778
0 3767 0.317708 0.471296 0.054167 0.059259
0 3768 0.595052 0.468519 0.029687 0.062963
0 3769 0.793490 0.816204 0.057813 0.047222
0 3770 0.387760 0.756019 0.060937 0.054630
0 3771 0.448698 0.486111 0.071354 0.061111
0 3772 0.536198 0.673611 0.060937 0.056481
0 3773 0.341406 0.663889 0.071354 0.055556
0 3774 0.678385 0.204630 0.146354 0.100000
0 3775 0.429427 0.276389 0.125521 0.095370
0 3776 0.432292 0.338426 0.065625 0.060185
0 3777 0.886979 0.877778 0.020833 0.038889
0 3778 0.673698 0.661574 0.066146 0.054630
0 3779 0.619010 0.620370 0.063021 0.066667
0 3780 0.430469 0.207870 0.028646 0.041667
0 3781 0.302865 0.292593 0.060937 0.062963
