0 3902 0.319010 0.192593 0.090104 0.062963
0 3903 0.485677 0.649537 0.033854 0.067593
0 3904 0.622656 0.135648 0.079687 0.050926
0 3905 0.648698 0.309259 0.068229 0.066667
0 3906 0.625781 0.630556 0.063021 0.066667
0 3907 0.711198 0.836574 0.056771 0.052778
0 3908 0.598698 0.481019 0.065104 0.058333
0 3909 0.808594 0.831019 0.057813 0.047222
0 3910 0.401302 0.775463 0.060937 0.054630
0 3911 0.454427 0.495833 0.071354 0.060185
0 3912 0.545573 0.683796 0.060937 0.056481
0 3913 0.349740 0.674074 0.071354 0.055556
0 3914 0.684635 0.208333 0.146354 0.100000
0 3915 0.440885 0.278241 0.125521 0.093519
0 3916 0.435417 0.351389 0.065625 0.060185
0 3917 0.915104 0.890741 0.020833 0.038889
0 3918 0.679948 0.671759 0.066146 0.054630
0 3919 0.322917 0.483333 0.058333 0.057407
0 3920 0.431510 0.214352 0.035937 0.043519
0 3921 0.307552 0.308333 0.068229 0.062963
