0 2093 0.296615 0.262037 0.075521 0.062963
0 2094 0.607292 0.204630 0.029167 0.061111
0 2095 0.336979 0.307407 0.135417 0.124074
0 2096 0.707552 0.716204 0.057813 0.047222
0 2097 0.433854 0.284259 0.070833 0.062963
0 2098 0.287760 0.630093 0.071354 0.043519
0 2099 0.487760 0.653241 0.060937 0.056481
0 2100 0.635417 0.786111 0.020833 0.038889
0 2101 0.637240 0.651389 0.066146 0.054630
0 2102 0.309375 0.401852 0.073958 0.064815
0 2103 0.428385 0.240278 0.040104 0.041667
0 2104 0.599219 0.587963 0.063021 0.066667
0 2105 0.294531 0.242130 0.094271 0.060185
0 2106 0.802604 0.826852 0.047917 0.061111
0 2107 0.639323 0.306481 0.068229 0.066667
0 2108 0.584896 0.407407 0.034375 0.064815
0 2109 0.295573 0.650463 0.060937 0.039815
0 2110 0.439323 0.433333 0.071354 0.061111
0 2111 0.434115 0.610185 0.067187 0.061111
0 2112 0.637500 0.219444 0.146875 0.131481
0 2113 0.563802 0.730093 0.056771 0.052778
0 2114 0.879427 0.806019 0.021354 0.039815
