0 2423 0.305990 0.249537 0.066146 0.062037
0 2424 0.620573 0.171759 0.076563 0.049074
0 2425 0.366927 0.289352 0.125521 0.095370
0 2426 0.726302 0.712963 0.057813 0.048148
0 2427 0.439063 0.272685 0.065625 0.060185
0 2428 0.303385 0.618056 0.071354 0.043519
0 2429 0.499740 0.643981 0.060937 0.056481
0 2430 0.683333 0.784259 0.020833 0.038889
0 2431 0.652865 0.632407 0.036979 0.066667
0 2432 0.313542 0.392130 0.035417 0.062037
0 2433 0.441927 0.217130 0.028646 0.041667
0 2434 0.606510 0.581481 0.063021 0.066667
0 2435 0.307812 0.205093 0.036458 0.060185
0 2436 0.852344 0.824537 0.045312 0.056481
0 2437 0.652344 0.281481 0.068229 0.066667
0 2438 0.592969 0.401389 0.065104 0.058333
0 2439 0.313802 0.651389 0.060937 0.039815
0 2440 0.446615 0.428704 0.071354 0.061111
0 2441 0.447656 0.600463 0.057813 0.062037
0 2442 0.649479 0.207407 0.146875 0.131481
0 2443 0.591406 0.728704 0.056771 0.053704
0 2444 0.922135 0.802315 0.021354 0.039815
