0 2467 0.303125 0.249074 0.060417 0.061111
0 2468 0.618490 0.170833 0.082812 0.050926
0 2469 0.366927 0.289352 0.125521 0.095370
0 2470 0.725521 0.712963 0.028125 0.053704
0 2471 0.436979 0.272685 0.065625 0.060185
0 2472 0.302865 0.618056 0.071354 0.043519
0 2473 0.498177 0.643981 0.060937 0.056481
0 2474 0.686979 0.786111 0.020833 0.038889
0 2475 0.648698 0.637500 0.066146 0.054630
0 2476 0.313021 0.393981 0.069792 0.063889
0 2477 0.439323 0.214815 0.034896 0.042593
0 2478 0.605990 0.580556 0.063021 0.066667
0 2479 0.305469 0.205093 0.094271 0.060185
0 2480 0.856510 0.826389 0.045312 0.056481
0 2481 0.649740 0.279630 0.068229 0.066667
0 2482 0.591146 0.403241 0.032292 0.060185
0 2483 0.313802 0.653241 0.060937 0.039815
0 2484 0.445312 0.426389 0.043750 0.069444
0 2485 0.446615 0.600926 0.069271 0.061111
0 2486 0.649479 0.205093 0.146875 0.126852
0 2487 0.592969 0.731944 0.056771 0.052778
0 2488 0.925260 0.804167 0.021354 0.039815
