0 3682 0.311719 0.188889 0.090104 0.062963
0 3683 0.471875 0.634259 0.034375 0.068519
0 3684 0.615885 0.134259 0.079687 0.051852
0 3685 0.644531 0.292593 0.068229 0.066667
0 3686 0.612760 0.612963 0.063021 0.066667
0 3687 0.682552 0.809722 0.056771 0.052778
0 3688 0.590885 0.464352 0.065104 0.058333
0 3689 0.784115 0.805093 0.057813 0.047222
0 3690 0.379427 0.743056 0.060937 0.054630
0 3691 0.445052 0.478704 0.071354 0.061111
0 3692 0.529427 0.666204 0.060937 0.056481
0 3693 0.334635 0.656481 0.071354 0.055556
0 3694 0.673177 0.200926 0.146354 0.100000
0 3695 0.418490 0.274537 0.125521 0.095370
0 3696 0.429688 0.328241 0.065625 0.060185
0 3697 0.868750 0.867593 0.020833 0.038889
0 3698 0.669010 0.653241 0.066146 0.054630
0 3699 0.314063 0.462037 0.054167 0.059259
0 3700 0.428385 0.204167 0.028646 0.041667
0 3701 0.298958 0.285185 0.060417 0.061111
