0 2797 0.287760 0.252315 0.029687 0.060185
0 2798 0.606771 0.162037 0.082292 0.057407
0 2799 0.367969 0.292130 0.125521 0.095370
0 2800 0.729948 0.736574 0.057813 0.047222
0 2801 0.427083 0.280093 0.065625 0.060185
0 2802 0.302344 0.626389 0.071354 0.043519
0 2803 0.497656 0.646759 0.060937 0.056481
0 2804 0.720313 0.808333 0.020833 0.038889
0 2805 0.643490 0.639815 0.078646 0.057407
0 2806 0.298698 0.411574 0.036979 0.071296
0 2807 0.423438 0.209259 0.041667 0.046296
0 2808 0.594531 0.587963 0.063021 0.066667
0 2809 0.303385 0.199537 0.094271 0.060185
0 2810 0.889323 0.843981 0.045312 0.056481
0 2811 0.638802 0.276852 0.068229 0.066667
0 2812 0.577604 0.422685 0.071875 0.060185
0 2813 0.319010 0.675926 0.059896 0.048148
0 2814 0.434635 0.442593 0.071354 0.061111
0 2815 0.439844 0.607407 0.069271 0.061111
0 2816 0.650000 0.196759 0.146875 0.102778
0 2817 0.601302 0.753241 0.056771 0.052778
0 2818 0.956510 0.822685 0.021354 0.039815
