0 2907 0.290625 0.254630 0.069792 0.059259
0 2908 0.609896 0.160185 0.083333 0.053704
0 2909 0.368490 0.293056 0.125521 0.095370
0 2910 0.733073 0.745833 0.057813 0.047222
0 2911 0.425521 0.287500 0.065625 0.060185
0 2912 0.304948 0.632870 0.071354 0.043519
0 2913 0.499219 0.648611 0.060937 0.056481
0 2914 0.734896 0.818519 0.020833 0.038889
0 2915 0.646094 0.641204 0.068229 0.054630
0 2916 0.301563 0.422222 0.054167 0.059259
0 2917 0.422656 0.208796 0.028646 0.041667
0 2918 0.595573 0.591667 0.063021 0.066667
0 2919 0.303385 0.199537 0.094271 0.060185
0 2920 0.905990 0.852315 0.045312 0.056481
0 2921 0.638281 0.278704 0.068229 0.066667
0 2922 0.579948 0.425463 0.065104 0.058333
0 2923 0.324740 0.684259 0.059896 0.048148
0 2924 0.436719 0.448148 0.071354 0.061111
0 2925 0.444531 0.612037 0.069271 0.061111
0 2926 0.650781 0.200000 0.146354 0.100000
0 2927 0.605990 0.761574 0.056771 0.052778
0 2928 0.970573 0.830093 0.021354 0.039815
