0 2709 0.293490 0.250000 0.065104 0.059259
0 2710 0.609896 0.162500 0.040625 0.060185
0 2711 0.367448 0.291204 0.125521 0.095370
0 2712 0.727865 0.729167 0.057813 0.047222
0 2713 0.428646 0.274537 0.065625 0.060185
0 2714 0.301823 0.622685 0.071354 0.043519
0 2715 0.496615 0.644907 0.060937 0.056481
0 2716 0.708333 0.800000 0.020833 0.038889
0 2717 0.645312 0.636111 0.051042 0.057407
0 2718 0.304427 0.409722 0.077604 0.063889
0 2719 0.426563 0.210185 0.038542 0.044444
0 2720 0.595052 0.585185 0.063021 0.066667
0 2721 0.303385 0.199537 0.094271 0.060185
0 2722 0.879427 0.838426 0.045312 0.056481
0 2723 0.639323 0.275926 0.068229 0.066667
0 2724 0.577083 0.412500 0.034375 0.063889
0 2725 0.315885 0.669444 0.059896 0.046296
0 2726 0.434635 0.436111 0.071354 0.061111
0 2727 0.442448 0.603704 0.069271 0.061111
0 2728 0.649740 0.195370 0.147396 0.105556
0 2729 0.597656 0.745833 0.056771 0.052778
0 2730 0.946615 0.818056 0.021354 0.039815
