0 3722 0.314063 0.186574 0.030208 0.067593
0 3723 0.472656 0.639815 0.069271 0.061111
0 3724 0.617969 0.134259 0.079687 0.051852
0 3725 0.645573 0.295370 0.068229 0.066667
0 3726 0.688281 0.816204 0.056771 0.052778
0 3727 0.315625 0.466667 0.054167 0.059259
0 3728 0.592448 0.467130 0.065104 0.058333
0 3729 0.788802 0.810648 0.057813 0.047222
0 3730 0.383594 0.749537 0.060937 0.054630
0 3731 0.447135 0.482407 0.071354 0.061111
0 3732 0.532552 0.669907 0.060937 0.056481
0 3733 0.337760 0.660185 0.071354 0.055556
0 3734 0.675781 0.202778 0.146354 0.100000
0 3735 0.424219 0.275463 0.125521 0.095370
0 3736 0.431250 0.332870 0.065625 0.060185
0 3737 0.877604 0.872222 0.020833 0.038889
0 3738 0.671094 0.657870 0.066146 0.054630
0 3739 0.615885 0.616667 0.063021 0.066667
0 3740 0.429427 0.206019 0.028646 0.041667
0 3741 0.300000 0.287500 0.060417 0.062037
