0 4062 0.321094 0.192593 0.090104 0.062963
0 4063 0.491406 0.656481 0.069271 0.061111
0 4064 0.622135 0.138889 0.079687 0.051852
0 4065 0.649219 0.319444 0.068229 0.066667
0 4066 0.629427 0.637963 0.063021 0.066667
0 4067 0.728385 0.847685 0.056771 0.052778
0 4068 0.602865 0.490278 0.065104 0.058333
0 4069 0.824219 0.844907 0.057813 0.047222
0 4070 0.414844 0.792130 0.060937 0.054630
0 4071 0.459635 0.504630 0.071354 0.061111
0 4072 0.553385 0.692130 0.060937 0.056481
0 4073 0.355469 0.684259 0.071354 0.055556
0 4074 0.687760 0.211111 0.146354 0.100000
0 4075 0.446615 0.279167 0.125521 0.091667
0 4076 0.436979 0.362500 0.065625 0.060185
0 4077 0.944271 0.900926 0.020833 0.038889
0 4078 0.685156 0.679167 0.066146 0.054630
0 4079 0.326302 0.493056 0.066146 0.054630
0 4080 0.432552 0.216204 0.040104 0.041667
0 4081 0.305729 0.321296 0.037500 0.062963
