0 3562 0.309635 0.189352 0.091146 0.062037
0 3563 0.462760 0.628704 0.069271 0.061111
0 3564 0.613281 0.136111 0.081771 0.051852
0 3565 0.642969 0.285185 0.068229 0.066667
0 3566 0.608594 0.609259 0.063021 0.066667
0 3567 0.669010 0.798611 0.056771 0.052778
0 3568 0.586719 0.456019 0.065104 0.058333
0 3569 0.773698 0.792593 0.055729 0.051852
0 3570 0.365625 0.733796 0.060417 0.050926
0 3571 0.441406 0.470833 0.071354 0.060185
0 3572 0.523177 0.663426 0.060937 0.056481
0 3573 0.328906 0.653704 0.071354 0.048148
0 3574 0.666927 0.198148 0.146354 0.100000
0 3575 0.405990 0.275463 0.125521 0.095370
0 3576 0.427604 0.318056 0.065625 0.060185
0 3577 0.844271 0.855556 0.020833 0.038889
0 3578 0.662240 0.648611 0.033854 0.067593
0 3579 0.309375 0.451852 0.054167 0.059259
0 3580 0.425781 0.202315 0.028646 0.041667
0 3581 0.294271 0.276389 0.027083 0.058333
