0 2995 0.293229 0.256944 0.064583 0.058333
0 2996 0.611719 0.158333 0.082812 0.053704
0 2997 0.375781 0.291204 0.125521 0.095370
0 2998 0.737760 0.752315 0.057813 0.047222
0 2999 0.426042 0.291204 0.065625 0.060185
0 3000 0.307031 0.638426 0.071354 0.043519
0 3001 0.500781 0.650463 0.060937 0.056481
0 3002 0.749479 0.825000 0.020833 0.038889
0 3003 0.650781 0.640278 0.084896 0.069444
0 3004 0.301823 0.427778 0.060937 0.059259
0 3005 0.423698 0.209722 0.028646 0.041667
0 3006 0.596615 0.595370 0.063021 0.066667
0 3007 0.305469 0.199537 0.094271 0.060185
0 3008 0.921094 0.858796 0.045312 0.056481
0 3009 0.639323 0.279630 0.068229 0.066667
0 3010 0.580990 0.430093 0.065104 0.058333
0 3011 0.329948 0.691667 0.059896 0.048148
0 3012 0.438281 0.453704 0.071354 0.061111
0 3013 0.449219 0.614815 0.069271 0.061111
0 3014 0.652865 0.200000 0.146354 0.100000
0 3015 0.614844 0.768056 0.056771 0.052778
0 3016 0.983073 0.836574 0.021354 0.039815
