0 4042 0.320573 0.192593 0.090104 0.062963
0 4043 0.490885 0.656481 0.069271 0.061111
0 4044 0.622656 0.140741 0.079687 0.051852
0 4045 0.649740 0.318519 0.068229 0.066667
0 4046 0.629427 0.637963 0.063021 0.066667
0 4047 0.726302 0.846759 0.056771 0.052778
0 4048 0.597656 0.492130 0.034896 0.060185
0 4049 0.823177 0.843981 0.057813 0.047222
0 4050 0.414323 0.791204 0.060937 0.054630
0 4051 0.459635 0.504630 0.071354 0.061111
0 4052 0.552865 0.692130 0.060937 0.056481
0 4053 0.355469 0.684259 0.071354 0.055556
0 4054 0.688281 0.211111 0.146354 0.100000
0 4055 0.446094 0.280093 0.125521 0.091667
0 4056 0.437500 0.361574 0.065625 0.060185
0 4057 0.941146 0.900000 0.020833 0.038889
0 4058 0.685156 0.679167 0.066146 0.054630
0 4059 0.326823 0.493056 0.066146 0.054630
0 4060 0.433594 0.216667 0.040104 0.042593
0 4061 0.307552 0.320370 0.060937 0.062963
