0 2599 0.295573 0.248611 0.043229 0.060185
0 2600 0.611458 0.169444 0.080208 0.055556
0 2601 0.366927 0.290278 0.125521 0.095370
0 2602 0.727344 0.722685 0.057813 0.047222
0 2603 0.431771 0.272685 0.065625 0.060185
0 2604 0.301823 0.619907 0.071354 0.043519
0 2605 0.496615 0.644907 0.060937 0.056481
0 2606 0.698438 0.791667 0.020833 0.038889
0 2607 0.647656 0.637500 0.066146 0.054630
0 2608 0.306771 0.401389 0.078125 0.065741
0 2609 0.431771 0.212037 0.040625 0.044444
0 2610 0.600260 0.582407 0.063021 0.066667
0 2611 0.303906 0.201389 0.094271 0.060185
0 2612 0.867448 0.831944 0.045312 0.056481
0 2613 0.642969 0.276852 0.068229 0.066667
0 2614 0.586198 0.406944 0.065104 0.058333
0 2615 0.314583 0.661111 0.060417 0.042593
0 2616 0.438281 0.431481 0.071354 0.061111
0 2617 0.445052 0.601852 0.069271 0.061111
0 2618 0.649740 0.198611 0.147396 0.113889
0 2619 0.595052 0.739352 0.056771 0.052778
0 2620 0.934115 0.812500 0.021354 0.039815
