0 2489 0.300260 0.249074 0.029687 0.061111
0 2490 0.616927 0.171296 0.089063 0.053704
0 2491 0.366927 0.289352 0.125521 0.095370
0 2492 0.727344 0.716204 0.057813 0.047222
0 2493 0.436458 0.272685 0.065625 0.060185
0 2494 0.302344 0.618056 0.071354 0.043519
0 2495 0.497656 0.643981 0.060937 0.056481
0 2496 0.689063 0.787037 0.020833 0.038889
0 2497 0.648698 0.637500 0.066146 0.054630
0 2498 0.307552 0.393519 0.035937 0.068519
0 2499 0.437760 0.214352 0.038021 0.043519
0 2500 0.605469 0.580556 0.063021 0.066667
0 2501 0.305990 0.201389 0.038021 0.065741
0 2502 0.858073 0.827315 0.045312 0.056481
0 2503 0.648698 0.279630 0.068229 0.066667
0 2504 0.590365 0.403241 0.065104 0.058333
0 2505 0.313802 0.654167 0.060937 0.039815
0 2506 0.443490 0.429630 0.071354 0.061111
0 2507 0.446615 0.600926 0.069271 0.061111
0 2508 0.649479 0.203704 0.146875 0.124074
0 2509 0.593490 0.732870 0.056771 0.052778
0 2510 0.926823 0.806019 0.021354 0.039815
