0 2291 0.307812 0.250463 0.057292 0.060185
0 2292 0.620313 0.182870 0.076042 0.050926
0 2293 0.354948 0.297685 0.130729 0.110185
0 2294 0.722917 0.708333 0.060417 0.059259
0 2295 0.439063 0.276389 0.065625 0.060185
0 2296 0.305990 0.618056 0.071354 0.043519
0 2297 0.504948 0.644907 0.060937 0.056481
0 2298 0.667188 0.782407 0.020833 0.038889
0 2299 0.647135 0.640278 0.066146 0.054630
0 2300 0.316667 0.392130 0.069792 0.060185
0 2301 0.439323 0.224537 0.028646 0.041667
0 2302 0.609115 0.584259 0.063021 0.066667
0 2303 0.309115 0.216204 0.094271 0.060185
0 2304 0.835938 0.823148 0.045833 0.057407
0 2305 0.656510 0.278704 0.068229 0.066667
0 2306 0.594531 0.400463 0.065104 0.058333
0 2307 0.313802 0.645833 0.060937 0.039815
0 2308 0.446615 0.429630 0.071354 0.061111
0 2309 0.449740 0.597222 0.069271 0.061111
0 2310 0.645833 0.211111 0.146875 0.131481
0 2311 0.583333 0.717593 0.057292 0.059259
0 2312 0.908073 0.799537 0.021354 0.039815
