0 2357 0.308073 0.250926 0.032813 0.062963
0 2358 0.620313 0.176852 0.076042 0.050000
0 2359 0.360938 0.293056 0.128125 0.102778
0 2360 0.724479 0.711111 0.059375 0.053704
0 2361 0.439063 0.274537 0.065625 0.060185
0 2362 0.304948 0.618056 0.071354 0.043519
0 2363 0.502344 0.643981 0.060937 0.056481
0 2364 0.678125 0.781481 0.020833 0.038889
0 2365 0.654167 0.635648 0.036458 0.063889
0 2366 0.316667 0.393519 0.072917 0.061111
0 2367 0.440365 0.220833 0.028646 0.041667
0 2368 0.608073 0.582407 0.063021 0.066667
0 2369 0.309375 0.207870 0.051042 0.056481
0 2370 0.847135 0.822685 0.045312 0.056481
0 2371 0.654427 0.279630 0.068229 0.066667
0 2372 0.595573 0.399537 0.065104 0.058333
0 2373 0.313802 0.648611 0.060937 0.039815
0 2374 0.446615 0.428704 0.071354 0.061111
0 2375 0.448958 0.598611 0.052083 0.062037
0 2376 0.647396 0.209259 0.146875 0.131481
0 2377 0.587240 0.723611 0.056771 0.056481
0 2378 0.917969 0.798611 0.021354 0.039815
