0 3017 0.293490 0.257870 0.063021 0.058333
0 3018 0.612500 0.157870 0.082292 0.054630
0 3019 0.377865 0.291204 0.125521 0.095370
0 3020 0.738542 0.757870 0.030208 0.060185
0 3021 0.426042 0.292130 0.065625 0.060185
0 3022 0.308073 0.638426 0.071354 0.043519
0 3023 0.501823 0.651389 0.060937 0.056481
0 3024 0.753646 0.826852 0.020833 0.038889
0 3025 0.651563 0.641204 0.082292 0.067593
0 3026 0.302344 0.428704 0.063021 0.059259
0 3027 0.423698 0.209722 0.028646 0.041667
0 3028 0.597135 0.596296 0.063021 0.066667
0 3029 0.306510 0.199537 0.094271 0.060185
0 3030 0.924740 0.859722 0.045312 0.056481
0 3031 0.639323 0.279630 0.068229 0.066667
0 3032 0.582812 0.431944 0.035417 0.065741
0 3033 0.330990 0.693519 0.059896 0.048148
0 3034 0.437500 0.457870 0.038542 0.069444
0 3035 0.450260 0.614815 0.069271 0.061111
0 3036 0.653385 0.200000 0.146354 0.100000
0 3037 0.617969 0.768981 0.056771 0.052778
0 3038 0.986198 0.838426 0.021354 0.039815
