0 3942 0.322917 0.192593 0.032292 0.068519
0 3943 0.486719 0.652778 0.069271 0.061111
0 3944 0.622656 0.136574 0.079687 0.050926
0 3945 0.648698 0.312037 0.068229 0.066667
0 3946 0.626823 0.632407 0.063021 0.066667
0 3947 0.715365 0.839352 0.056771 0.052778
0 3948 0.600260 0.483796 0.065104 0.058333
0 3949 0.812760 0.834722 0.057813 0.047222
0 3950 0.404948 0.780093 0.060937 0.054630
0 3951 0.455990 0.497685 0.071354 0.060185
0 3952 0.547656 0.685648 0.060937 0.056481
0 3953 0.351302 0.676852 0.071354 0.055556
0 3954 0.685677 0.209259 0.146354 0.100000
0 3955 0.442448 0.278704 0.125521 0.092593
0 3956 0.435937 0.354167 0.065625 0.060185
0 3957 0.922396 0.893519 0.020833 0.038889
0 3958 0.681510 0.673611 0.066146 0.054630
0 3959 0.323958 0.485648 0.060417 0.056481
0 3960 0.431510 0.217130 0.040104 0.045370
0 3961 0.307552 0.312037 0.066146 0.062963
