0 3251 0.310677 0.197685 0.094271 0.060185
0 3252 0.510677 0.659722 0.060937 0.056481
0 3253 0.965885 0.874537 0.045312 0.056481
0 3254 0.612760 0.150000 0.076563 0.053704
0 3255 0.641927 0.283333 0.068229 0.066667
0 3256 0.603906 0.605556 0.063021 0.066667
0 3257 0.643490 0.784722 0.056771 0.052778
0 3258 0.587240 0.450926 0.040104 0.062963
0 3259 0.754948 0.773148 0.058854 0.050000
0 3260 0.347135 0.712963 0.059896 0.048148
0 3261 0.441406 0.466204 0.071354 0.060185
0 3262 0.458594 0.622222 0.069271 0.061111
0 3263 0.427083 0.306019 0.065625 0.060185
0 3264 0.319531 0.646759 0.071354 0.043519
0 3265 0.659635 0.201852 0.146354 0.100000
0 3266 0.394531 0.289352 0.125521 0.095370
0 3267 0.793750 0.841667 0.020833 0.038889
0 3268 0.660156 0.647685 0.066146 0.054630
0 3269 0.306771 0.441667 0.054167 0.059259
0 3270 0.425781 0.209722 0.028646 0.041667
0 3271 0.296354 0.269907 0.062500 0.058333
