0 3622 0.309635 0.187963 0.090104 0.062963
0 3623 0.467969 0.628704 0.033854 0.061111
0 3624 0.613281 0.134259 0.079687 0.051852
0 3625 0.642969 0.287037 0.068229 0.066667
0 3626 0.610156 0.610185 0.063021 0.066667
0 3627 0.674219 0.801389 0.056771 0.052778
0 3628 0.588802 0.460648 0.065104 0.058333
0 3629 0.777344 0.797685 0.057813 0.047222
0 3630 0.372396 0.738426 0.060417 0.052778
0 3631 0.442448 0.473148 0.071354 0.061111
0 3632 0.526302 0.664352 0.060937 0.056481
0 3633 0.331510 0.654630 0.071354 0.051852
0 3634 0.669010 0.198148 0.146354 0.100000
0 3635 0.410156 0.273611 0.125521 0.095370
0 3636 0.428125 0.320833 0.065625 0.060185
0 3637 0.855208 0.859259 0.020833 0.038889
0 3638 0.665365 0.647685 0.066146 0.054630
0 3639 0.310937 0.455556 0.054167 0.059259
0 3640 0.426823 0.201389 0.028646 0.041667
0 3641 0.296615 0.281019 0.059896 0.060185
