0 3461 0.309635 0.192593 0.093229 0.061111
0 3462 0.461198 0.629167 0.040104 0.063889
0 3463 0.989844 0.880093 0.020313 0.054630
0 3464 0.613021 0.140278 0.085417 0.052778
0 3465 0.642969 0.285185 0.068229 0.066667
0 3466 0.605990 0.607407 0.063021 0.066667
0 3467 0.660156 0.794907 0.056771 0.052778
0 3468 0.585677 0.452315 0.065104 0.058333
0 3469 0.765104 0.785648 0.037500 0.052778
0 3470 0.354427 0.727778 0.059896 0.048148
0 3471 0.441406 0.471296 0.071354 0.061111
0 3472 0.517448 0.660648 0.060937 0.056481
0 3473 0.324219 0.653241 0.071354 0.043519
0 3474 0.664323 0.200926 0.146354 0.100000
0 3475 0.403385 0.282870 0.125521 0.095370
0 3476 0.425781 0.315741 0.033854 0.062963
0 3477 0.827604 0.851852 0.020833 0.038889
0 3478 0.662240 0.648611 0.066146 0.054630
0 3479 0.307812 0.449074 0.054167 0.059259
0 3480 0.425781 0.206019 0.028646 0.041667
0 3481 0.294531 0.274537 0.065104 0.058333
