0 3104 0.309635 0.199537 0.094271 0.060185
0 3105 0.504948 0.654167 0.060937 0.056481
0 3106 0.939844 0.866204 0.045312 0.056481
0 3107 0.614583 0.155556 0.081250 0.055556
0 3108 0.640365 0.281481 0.068229 0.066667
0 3109 0.599740 0.600000 0.063021 0.066667
0 3110 0.628385 0.775463 0.056771 0.052778
0 3111 0.582552 0.436574 0.065104 0.058333
0 3112 0.745052 0.760648 0.057813 0.047222
0 3113 0.337240 0.700926 0.059896 0.048148
0 3114 0.440365 0.460185 0.071354 0.061111
0 3115 0.454427 0.617593 0.069271 0.061111
0 3116 0.426563 0.295833 0.065625 0.060185
0 3117 0.312240 0.642130 0.071354 0.043519
0 3118 0.655469 0.200926 0.146354 0.100000
0 3119 0.385156 0.290278 0.125521 0.095370
0 3120 0.769271 0.832407 0.020833 0.038889
0 3121 0.656250 0.644907 0.072917 0.060185
0 3122 0.304948 0.434259 0.056771 0.059259
0 3123 0.424740 0.210648 0.028646 0.041667
0 3124 0.295573 0.261574 0.039062 0.058333
