0 3642 0.310156 0.187963 0.090104 0.062963
0 3643 0.465885 0.632407 0.069271 0.061111
0 3644 0.613802 0.134259 0.079687 0.051852
0 3645 0.640365 0.285648 0.033854 0.063889
0 3646 0.610677 0.610185 0.063021 0.066667
0 3647 0.676823 0.804167 0.056771 0.052778
0 3648 0.589844 0.461574 0.065104 0.058333
0 3649 0.779427 0.799537 0.057813 0.047222
0 3650 0.374479 0.739352 0.060417 0.052778
0 3651 0.442969 0.475000 0.071354 0.061111
0 3652 0.527344 0.665278 0.060937 0.056481
0 3653 0.332552 0.655093 0.071354 0.052778
0 3654 0.670573 0.199074 0.146354 0.100000
0 3655 0.412760 0.273611 0.125521 0.095370
0 3656 0.428646 0.323611 0.065625 0.060185
0 3657 0.859896 0.862037 0.020833 0.038889
0 3658 0.666406 0.649537 0.066146 0.054630
0 3659 0.311979 0.457407 0.054167 0.059259
0 3660 0.427344 0.202315 0.028646 0.041667
0 3661 0.297656 0.281944 0.059896 0.060185
