0 2775 0.289323 0.251389 0.061979 0.060185
0 2776 0.606250 0.162037 0.082292 0.057407
0 2777 0.367448 0.291204 0.125521 0.095370
0 2778 0.729427 0.734722 0.057813 0.047222
0 2779 0.427604 0.279167 0.065625 0.060185
0 2780 0.301823 0.625463 0.071354 0.043519
0 2781 0.497135 0.645833 0.060937 0.056481
0 2782 0.717187 0.806481 0.020833 0.038889
0 2783 0.642969 0.638889 0.080729 0.057407
0 2784 0.303125 0.413889 0.071875 0.064815
0 2785 0.423958 0.208796 0.040625 0.045370
0 2786 0.594531 0.587037 0.063021 0.066667
0 2787 0.303385 0.199537 0.094271 0.060185
0 2788 0.887240 0.843056 0.045312 0.056481
0 2789 0.638802 0.276852 0.068229 0.066667
0 2790 0.575260 0.419444 0.040104 0.059259
0 2791 0.317969 0.674074 0.059896 0.048148
0 2792 0.434635 0.440741 0.071354 0.061111
0 2793 0.438802 0.607407 0.069271 0.061111
0 2794 0.650000 0.197222 0.146875 0.103704
0 2795 0.600260 0.751389 0.056771 0.052778
0 2796 0.953906 0.821759 0.021354 0.039815
