0 3146 0.310677 0.199537 0.094271 0.060185
0 3147 0.507031 0.656019 0.060937 0.056481
0 3148 0.947135 0.868981 0.045312 0.056481
0 3149 0.615365 0.153704 0.080729 0.055556
0 3150 0.641406 0.282407 0.068229 0.066667
0 3151 0.601302 0.601852 0.063021 0.066667
0 3152 0.634115 0.779167 0.056771 0.052778
0 3153 0.583073 0.439352 0.065104 0.058333
0 3154 0.747656 0.764352 0.057813 0.047222
0 3155 0.340365 0.704630 0.059896 0.048148
0 3156 0.441406 0.463889 0.071354 0.061111
0 3157 0.457031 0.619444 0.069271 0.061111
0 3158 0.427083 0.298611 0.065625 0.060185
0 3159 0.314844 0.643056 0.071354 0.043519
0 3160 0.657031 0.201852 0.146354 0.100000
0 3161 0.389323 0.290278 0.125521 0.095370
0 3162 0.777083 0.836111 0.020833 0.038889
0 3163 0.658073 0.646759 0.068229 0.056481
0 3164 0.306771 0.437963 0.054167 0.059259
0 3165 0.425781 0.211574 0.028646 0.041667
0 3166 0.296094 0.262963 0.068229 0.057407
