0 3842 0.317969 0.192593 0.090104 0.062963
0 3843 0.482552 0.649074 0.069271 0.061111
0 3844 0.622656 0.134259 0.079687 0.051852
0 3845 0.648177 0.305556 0.068229 0.066667
0 3846 0.624740 0.627778 0.063021 0.066667
0 3847 0.704948 0.832870 0.056771 0.052778
0 3848 0.597135 0.477315 0.065104 0.058333
0 3849 0.802344 0.825463 0.057813 0.047222
0 3850 0.395573 0.768981 0.060937 0.054630
0 3851 0.452344 0.492593 0.071354 0.061111
0 3852 0.541927 0.680093 0.060937 0.056481
0 3853 0.347656 0.670370 0.071354 0.055556
0 3854 0.683073 0.207407 0.146354 0.100000
0 3855 0.438802 0.277778 0.125521 0.094444
0 3856 0.434375 0.346759 0.065625 0.060185
0 3857 0.904167 0.887037 0.020833 0.038889
0 3858 0.677865 0.666204 0.025521 0.058333
0 3859 0.321354 0.479167 0.055208 0.058333
0 3860 0.431771 0.210648 0.030208 0.041667
0 3861 0.304948 0.303704 0.032813 0.062963
