0 2445 0.304427 0.249074 0.063021 0.061111
0 2446 0.620833 0.170833 0.077083 0.049074
0 2447 0.366927 0.289352 0.125521 0.095370
0 2448 0.727344 0.714352 0.057813 0.047222
0 2449 0.438021 0.272685 0.065625 0.060185
0 2450 0.303385 0.618056 0.071354 0.043519
0 2451 0.499219 0.643981 0.060937 0.056481
0 2452 0.685417 0.785185 0.020833 0.038889
0 2453 0.649219 0.637500 0.066146 0.054630
0 2454 0.310417 0.396296 0.054167 0.059259
0 2455 0.440365 0.215278 0.031771 0.041667
0 2456 0.605990 0.580556 0.063021 0.066667
0 2457 0.305469 0.206019 0.094271 0.060185
0 2458 0.854427 0.825463 0.045312 0.056481
0 2459 0.650781 0.280556 0.068229 0.066667
0 2460 0.591927 0.402315 0.065104 0.058333
0 2461 0.313802 0.652315 0.060937 0.039815
0 2462 0.445573 0.428704 0.071354 0.061111
0 2463 0.447135 0.600926 0.069271 0.061111
0 2464 0.649479 0.206019 0.146875 0.128704
0 2465 0.592969 0.731019 0.056771 0.052778
0 2466 0.923698 0.803241 0.021354 0.039815
