0 3922 0.319010 0.192593 0.090104 0.062963
0 3923 0.485677 0.651852 0.069271 0.061111
0 3924 0.622656 0.136574 0.079687 0.050926
0 3925 0.648698 0.310185 0.068229 0.066667
0 3926 0.626302 0.631481 0.063021 0.066667
0 3927 0.713281 0.838426 0.056771 0.052778
0 3928 0.599219 0.481944 0.065104 0.058333
0 3929 0.810677 0.832870 0.057813 0.047222
0 3930 0.402865 0.777315 0.060937 0.054630
0 3931 0.455469 0.496759 0.071354 0.060185
0 3932 0.546615 0.684722 0.060937 0.056481
0 3933 0.350781 0.675926 0.071354 0.055556
0 3934 0.685156 0.208333 0.146354 0.100000
0 3935 0.441406 0.278241 0.125521 0.093519
0 3936 0.435417 0.352315 0.065625 0.060185
0 3937 0.918750 0.891667 0.020833 0.038889
0 3938 0.680990 0.672685 0.066146 0.054630
0 3939 0.323437 0.484722 0.059375 0.056481
0 3940 0.431510 0.215741 0.038021 0.044444
0 3941 0.307552 0.310185 0.067187 0.062963
