0 2511 0.300781 0.249074 0.054688 0.061111
0 2512 0.616146 0.170833 0.087500 0.054630
0 2513 0.366927 0.289352 0.125521 0.095370
0 2514 0.727344 0.718056 0.057813 0.047222
0 2515 0.435417 0.272685 0.065625 0.060185
0 2516 0.302344 0.618056 0.071354 0.043519
0 2517 0.496615 0.643981 0.060937 0.056481
0 2518 0.690625 0.787963 0.020833 0.038889
0 2519 0.648177 0.637500 0.066146 0.054630
0 2520 0.309635 0.396296 0.066146 0.062963
0 2521 0.436719 0.213889 0.041146 0.044444
0 2522 0.604427 0.580556 0.063021 0.066667
0 2523 0.304948 0.204167 0.094271 0.060185
0 2524 0.860156 0.828241 0.045312 0.056481
0 2525 0.648438 0.275926 0.031250 0.066667
0 2526 0.589323 0.404167 0.065104 0.058333
0 2527 0.313802 0.655093 0.060937 0.039815
0 2528 0.442448 0.429630 0.071354 0.061111
0 2529 0.446094 0.600926 0.069271 0.061111
0 2530 0.649479 0.202778 0.146875 0.122222
0 2531 0.594010 0.734722 0.056771 0.052778
0 2532 0.928385 0.806944 0.021354 0.039815
