0 3083 0.308594 0.199537 0.094271 0.060185
0 3084 0.504427 0.653241 0.060937 0.056481
0 3085 0.936198 0.865278 0.045312 0.056481
0 3086 0.613802 0.156019 0.081771 0.054630
0 3087 0.640365 0.280556 0.068229 0.066667
0 3088 0.599219 0.599074 0.063021 0.066667
0 3089 0.625781 0.774537 0.056771 0.052778
0 3090 0.582031 0.435648 0.065104 0.058333
0 3091 0.743490 0.758796 0.057813 0.047222
0 3092 0.335677 0.699074 0.059896 0.048148
0 3093 0.441927 0.456019 0.035937 0.063889
0 3094 0.453385 0.617593 0.069271 0.061111
0 3095 0.426563 0.294907 0.065625 0.060185
0 3096 0.311198 0.641204 0.071354 0.043519
0 3097 0.654948 0.200926 0.146354 0.100000
0 3098 0.383594 0.290278 0.125521 0.095370
0 3099 0.765104 0.831481 0.020833 0.038889
0 3100 0.654948 0.643981 0.075521 0.062037
0 3101 0.304167 0.433333 0.058333 0.059259
0 3102 0.424740 0.210648 0.028646 0.041667
0 3103 0.295833 0.260648 0.059375 0.058333
