0 2885 0.290104 0.253704 0.070833 0.059259
0 2886 0.609375 0.160648 0.083333 0.054630
0 2887 0.367969 0.292130 0.125521 0.095370
0 2888 0.732552 0.743981 0.057813 0.047222
0 2889 0.425521 0.285648 0.065625 0.060185
0 2890 0.304427 0.631944 0.071354 0.043519
0 2891 0.499219 0.648611 0.060937 0.056481
0 2892 0.731771 0.816667 0.020833 0.038889
0 2893 0.645573 0.640741 0.070312 0.055556
0 2894 0.301042 0.420370 0.058333 0.061111
0 2895 0.422396 0.208333 0.031250 0.042593
0 2896 0.595052 0.590741 0.063021 0.066667
0 2897 0.303385 0.199537 0.094271 0.060185
0 2898 0.901823 0.850463 0.045312 0.056481
0 2899 0.638281 0.277778 0.068229 0.066667
0 2900 0.579948 0.424537 0.065104 0.058333
0 2901 0.323698 0.682407 0.059896 0.048148
0 2902 0.435677 0.448148 0.071354 0.061111
0 2903 0.443490 0.611111 0.069271 0.061111
0 2904 0.650260 0.199074 0.146354 0.100000
0 2905 0.604948 0.759722 0.056771 0.052778
0 2906 0.967969 0.828241 0.021354 0.039815
