0 2555 0.295312 0.248611 0.032292 0.060185
0 2556 0.613802 0.169907 0.083854 0.054630
0 2557 0.366927 0.290278 0.125521 0.095370
0 2558 0.727344 0.719907 0.057813 0.047222
0 2559 0.429167 0.275463 0.038542 0.065741
0 2560 0.301823 0.618981 0.071354 0.043519
0 2561 0.495312 0.637963 0.038542 0.072222
0 2562 0.694271 0.789815 0.020833 0.038889
0 2563 0.648177 0.637500 0.066146 0.054630
0 2564 0.308333 0.399074 0.075000 0.064815
0 2565 0.434115 0.212037 0.043229 0.044444
0 2566 0.602344 0.581481 0.063021 0.066667
0 2567 0.304427 0.202315 0.094271 0.060185
0 2568 0.863802 0.830093 0.045312 0.056481
0 2569 0.645052 0.277778 0.068229 0.066667
0 2570 0.587760 0.405093 0.065104 0.058333
0 2571 0.314323 0.657870 0.060937 0.041667
0 2572 0.440365 0.430556 0.071354 0.061111
0 2573 0.442708 0.600463 0.031250 0.063889
0 2574 0.649740 0.200463 0.147396 0.117593
0 2575 0.594531 0.736574 0.056771 0.052778
0 2576 0.930990 0.809722 0.021354 0.039815
