0 2181 0.303906 0.264815 0.029687 0.050000
0 2182 0.617969 0.192593 0.077604 0.051852
0 2183 0.345313 0.306481 0.135417 0.124074
0 2184 0.718490 0.714352 0.057813 0.047222
0 2185 0.439063 0.280093 0.065625 0.060185
0 2186 0.297135 0.623611 0.071354 0.043519
0 2187 0.496615 0.649537 0.060937 0.056481
0 2188 0.650000 0.784259 0.020833 0.038889
0 2189 0.644010 0.643981 0.066146 0.054630
0 2190 0.312240 0.398611 0.028646 0.062037
0 2191 0.437240 0.231019 0.028646 0.041667
0 2192 0.605469 0.586111 0.063021 0.066667
0 2193 0.302083 0.230093 0.034375 0.058333
0 2194 0.817708 0.825000 0.046875 0.059259
0 2195 0.648698 0.297222 0.068229 0.066667
0 2196 0.589323 0.404167 0.065104 0.058333
0 2197 0.304427 0.647685 0.060937 0.039815
0 2198 0.446615 0.431481 0.071354 0.061111
0 2199 0.443229 0.604630 0.063542 0.061111
0 2200 0.643229 0.215741 0.146875 0.131481
0 2201 0.574740 0.729167 0.056771 0.052778
0 2202 0.891927 0.802315 0.021354 0.039815
