0 4497 0.311198 0.185185 0.090104 0.062963
0 4498 0.496615 0.662963 0.069271 0.061111
0 4499 0.610938 0.131481 0.079167 0.061111
0 4500 0.638281 0.341667 0.068229 0.066667
0 4501 0.635156 0.639815 0.063021 0.066667
0 4502 0.779427 0.875463 0.056771 0.052778
0 4503 0.596615 0.503241 0.065104 0.058333
0 4504 0.854427 0.872685 0.056771 0.047222
0 4505 0.447656 0.819907 0.060937 0.054630
0 4506 0.456510 0.512037 0.071354 0.061111
0 4507 0.565365 0.706944 0.060937 0.056481
0 4508 0.361198 0.694444 0.071354 0.055556
0 4509 0.687760 0.206481 0.146354 0.100000
0 4510 0.454948 0.262500 0.125521 0.091667
0 4511 0.432292 0.378241 0.065625 0.060185
0 4512 0.685677 0.691204 0.066146 0.054630
0 4513 0.323698 0.500463 0.066146 0.054630
0 4514 0.418490 0.215278 0.040104 0.039815
0 4515 0.299219 0.345833 0.073438 0.063889
