0 4362 0.314323 0.186111 0.090104 0.062963
0 4363 0.494531 0.661111 0.069271 0.061111
0 4364 0.614062 0.131481 0.079167 0.061111
0 4365 0.638802 0.335185 0.032813 0.066667
0 4366 0.633073 0.637963 0.063021 0.066667
0 4367 0.762760 0.866204 0.056771 0.052778
0 4368 0.595052 0.499537 0.065104 0.058333
0 4369 0.841927 0.864352 0.057813 0.047222
0 4370 0.434115 0.810648 0.060937 0.054630
0 4371 0.457552 0.510185 0.071354 0.061111
0 4372 0.560156 0.701389 0.060937 0.056481
0 4373 0.359115 0.690741 0.071354 0.055556
0 4374 0.687760 0.209259 0.146354 0.100000
0 4375 0.453385 0.268056 0.125521 0.091667
0 4376 0.433594 0.377315 0.039062 0.067593
0 4377 0.992708 0.913889 0.014583 0.038889
0 4378 0.684635 0.686574 0.066146 0.054630
0 4379 0.323698 0.498611 0.066146 0.054630
0 4380 0.422656 0.216204 0.040104 0.039815
0 4381 0.301823 0.338426 0.073438 0.063889
