0 4478 0.311719 0.185185 0.090104 0.062963
0 4479 0.495573 0.662963 0.069271 0.061111
0 4480 0.610938 0.131481 0.079167 0.061111
0 4481 0.638802 0.339815 0.068229 0.066667
0 4482 0.634635 0.639815 0.063021 0.066667
0 4483 0.775781 0.873611 0.056771 0.052778
0 4484 0.592448 0.503704 0.038021 0.059259
0 4485 0.852865 0.871759 0.057813 0.047222
0 4486 0.445573 0.818981 0.060937 0.054630
0 4487 0.456510 0.512037 0.071354 0.061111
0 4488 0.563802 0.706019 0.060937 0.056481
0 4489 0.360677 0.693519 0.071354 0.055556
0 4490 0.687760 0.206481 0.146354 0.100000
0 4491 0.454427 0.263426 0.125521 0.091667
0 4492 0.432292 0.376389 0.065625 0.060185
0 4493 0.685156 0.690278 0.066146 0.054630
0 4494 0.323698 0.499537 0.066146 0.054630
0 4495 0.417969 0.213426 0.040104 0.039815
0 4496 0.298698 0.343981 0.073438 0.063889
