0 4342 0.314844 0.187037 0.090104 0.062963
0 4343 0.494531 0.661111 0.069271 0.061111
0 4344 0.614583 0.131481 0.079167 0.061111
0 4345 0.642448 0.334259 0.068229 0.066667
0 4346 0.633073 0.637963 0.063021 0.066667
0 4347 0.760677 0.865278 0.056771 0.052778
0 4348 0.595573 0.498611 0.065104 0.058333
0 4349 0.840365 0.863426 0.057813 0.047222
0 4350 0.432031 0.809722 0.060937 0.054630
0 4351 0.457552 0.510185 0.071354 0.061111
0 4352 0.559115 0.701389 0.060937 0.056481
0 4353 0.359115 0.689815 0.071354 0.055556
0 4354 0.687760 0.209259 0.146354 0.100000
0 4355 0.453385 0.268981 0.125521 0.091667
0 4356 0.434375 0.373611 0.065625 0.060185
0 4357 0.989583 0.915741 0.020833 0.038889
0 4358 0.682552 0.687500 0.035937 0.069444
0 4359 0.323698 0.498611 0.066146 0.054630
0 4360 0.423698 0.217130 0.040104 0.039815
0 4361 0.298958 0.337500 0.032292 0.063889
