0 4573 0.310937 0.187500 0.088542 0.063889
0 4574 0.500781 0.666667 0.069271 0.061111
0 4575 0.610938 0.131481 0.079167 0.061111
0 4576 0.631510 0.347222 0.034896 0.064815
0 4577 0.637760 0.643519 0.063021 0.066667
0 4578 0.795052 0.882870 0.056771 0.052778
0 4579 0.592969 0.506019 0.065104 0.058333
0 4580 0.863281 0.879167 0.054688 0.047222
0 4581 0.455990 0.827315 0.060937 0.054630
0 4582 0.458073 0.515741 0.071354 0.061111
0 4583 0.572135 0.712500 0.060937 0.056481
0 4584 0.365365 0.700926 0.071354 0.055556
0 4585 0.689323 0.208333 0.146354 0.100000
0 4586 0.459115 0.260648 0.125521 0.091667
0 4587 0.429427 0.384722 0.034896 0.063889
0 4588 0.688802 0.694907 0.066146 0.054630
0 4589 0.325781 0.504167 0.066146 0.054630
0 4590 0.419531 0.223611 0.040104 0.039815
0 4591 0.301302 0.355093 0.073438 0.063889
