0 4421 0.313281 0.186111 0.090104 0.062963
0 4422 0.495052 0.662037 0.069271 0.061111
0 4423 0.612500 0.131481 0.079167 0.061111
0 4424 0.640365 0.337037 0.068229 0.066667
0 4425 0.633594 0.638889 0.063021 0.066667
0 4426 0.769531 0.869907 0.056771 0.052778
0 4427 0.593490 0.501389 0.065104 0.058333
0 4428 0.847135 0.868056 0.057813 0.047222
0 4429 0.439844 0.814352 0.060937 0.054630
0 4430 0.457031 0.511111 0.071354 0.061111
0 4431 0.561719 0.704167 0.060937 0.056481
0 4432 0.359635 0.691667 0.071354 0.055556
0 4433 0.687760 0.207407 0.146354 0.100000
0 4434 0.453906 0.265278 0.125521 0.091667
0 4435 0.432812 0.374537 0.065625 0.060185
0 4436 0.685156 0.688426 0.066146 0.054630
0 4437 0.323698 0.498611 0.066146 0.054630
0 4438 0.420052 0.214352 0.040104 0.039815
0 4439 0.300260 0.341204 0.073438 0.063889
