0 4839 0.315885 0.187500 0.085938 0.065741
0 4840 0.519010 0.672222 0.069271 0.061111
0 4841 0.617188 0.132407 0.079167 0.061111
0 4842 0.642188 0.369444 0.029167 0.064815
0 4843 0.654948 0.649074 0.063021 0.066667
0 4844 0.844531 0.898611 0.056771 0.052778
0 4845 0.603906 0.515278 0.065104 0.058333
0 4846 0.897917 0.893981 0.042708 0.043519
0 4847 0.494010 0.839352 0.060937 0.054630
0 4848 0.472656 0.525000 0.071354 0.061111
0 4849 0.596615 0.725463 0.060937 0.056481
0 4850 0.385677 0.711111 0.071354 0.055556
0 4851 0.700781 0.208333 0.146354 0.100000
0 4852 0.476823 0.243981 0.125521 0.091667
0 4853 0.446354 0.400463 0.031250 0.063889
0 4854 0.706510 0.703241 0.066146 0.054630
0 4855 0.338802 0.508796 0.066146 0.054630
0 4856 0.426823 0.236574 0.040104 0.039815
0 4857 0.311198 0.374537 0.073438 0.063889
