0 4262 0.316927 0.187963 0.090104 0.062963
0 4263 0.494010 0.661111 0.069271 0.061111
0 4264 0.617188 0.132407 0.079167 0.061111
0 4265 0.644531 0.331481 0.068229 0.066667
0 4266 0.632031 0.637963 0.063021 0.066667
0 4267 0.752344 0.861574 0.056771 0.052778
0 4268 0.592969 0.497222 0.038021 0.066667
0 4269 0.833073 0.859722 0.057813 0.047222
0 4270 0.424740 0.805093 0.060937 0.054630
0 4271 0.458594 0.509259 0.071354 0.061111
0 4272 0.556510 0.698611 0.060937 0.056481
0 4273 0.358594 0.688889 0.071354 0.055556
0 4274 0.687760 0.212037 0.146354 0.100000
0 4275 0.452865 0.272685 0.125521 0.091667
0 4276 0.435937 0.372685 0.065625 0.060185
0 4277 0.977083 0.912037 0.020833 0.038889
0 4278 0.684635 0.684722 0.066146 0.054630
0 4279 0.324219 0.498611 0.066146 0.054630
0 4280 0.426823 0.219907 0.040104 0.039815
0 4281 0.304427 0.334722 0.073438 0.063889
