0 4953 0.320052 0.175463 0.034896 0.065741
0 4954 0.525781 0.662037 0.069271 0.061111
0 4955 0.621354 0.119907 0.079167 0.060185
0 4956 0.644271 0.359722 0.069792 0.065741
0 4957 0.662240 0.641667 0.063021 0.066667
0 4958 0.863281 0.893056 0.053646 0.052778
0 4959 0.608854 0.505093 0.033333 0.071296
0 4960 0.913542 0.890741 0.039583 0.042593
0 4961 0.508073 0.834722 0.060937 0.054630
0 4962 0.479948 0.508333 0.071354 0.061111
0 4963 0.609375 0.713889 0.072917 0.061111
0 4964 0.394531 0.705556 0.071354 0.055556
0 4965 0.707031 0.197222 0.146354 0.100000
0 4966 0.484635 0.228241 0.125521 0.091667
0 4967 0.446875 0.394907 0.065625 0.060185
0 4968 0.713281 0.691204 0.066146 0.054630
0 4969 0.344010 0.500463 0.066146 0.054630
0 4970 0.427865 0.228241 0.040104 0.039815
0 4971 0.315365 0.366204 0.073438 0.063889
