0 5124 0.316406 0.162500 0.085938 0.065741
0 5125 0.528385 0.643519 0.069271 0.061111
0 5126 0.619792 0.098148 0.079167 0.061111
0 5127 0.643490 0.350926 0.068229 0.066667
0 5128 0.667448 0.624074 0.063021 0.066667
0 5129 0.887240 0.875463 0.045312 0.052778
0 5130 0.610677 0.487037 0.070312 0.061111
0 5131 0.933333 0.875000 0.039583 0.042593
0 5132 0.521094 0.820833 0.060937 0.054630
0 5133 0.481510 0.493056 0.041146 0.069444
0 5134 0.617448 0.706019 0.060937 0.056481
0 5135 0.402865 0.690741 0.071354 0.055556
0 5136 0.712760 0.170370 0.146354 0.100000
0 5137 0.494010 0.198611 0.125521 0.091667
0 5138 0.450521 0.375463 0.065625 0.060185
0 5139 0.716927 0.684722 0.066146 0.054630
0 5140 0.347135 0.480093 0.066146 0.054630
0 5141 0.427344 0.216204 0.040104 0.039815
0 5142 0.316406 0.356019 0.073438 0.063889
