0 4535 0.309115 0.184259 0.042188 0.068519
0 4536 0.498698 0.664815 0.069271 0.061111
0 4537 0.607812 0.127778 0.038542 0.066667
0 4538 0.637760 0.345370 0.068229 0.066667
0 4539 0.636198 0.641667 0.063021 0.066667
0 4540 0.787240 0.879167 0.056771 0.052778
0 4541 0.589844 0.503241 0.039062 0.058333
0 4542 0.859115 0.875463 0.055729 0.047222
0 4543 0.451823 0.823611 0.060937 0.054630
0 4544 0.457552 0.513889 0.071354 0.061111
0 4545 0.568490 0.709722 0.060937 0.056481
0 4546 0.363281 0.698148 0.071354 0.055556
0 4547 0.688281 0.207407 0.146354 0.100000
0 4548 0.457031 0.261574 0.125521 0.091667
0 4549 0.432812 0.381944 0.065625 0.060185
0 4550 0.687240 0.693056 0.066146 0.054630
0 4551 0.324740 0.502315 0.066146 0.054630
0 4552 0.419010 0.218981 0.040104 0.039815
0 4553 0.300260 0.350463 0.073438 0.063889
