0 5086 0.316927 0.166204 0.085938 0.065741
0 5087 0.532031 0.640741 0.039062 0.066667
0 5088 0.619792 0.099074 0.079167 0.061111
0 5089 0.642708 0.350463 0.066667 0.065741
0 5090 0.666927 0.625926 0.063021 0.066667
0 5091 0.884115 0.877315 0.046354 0.052778
0 5092 0.611719 0.486574 0.065104 0.058333
0 5093 0.930729 0.876852 0.039583 0.042593
0 5094 0.519010 0.821759 0.060937 0.054630
0 5095 0.482031 0.494444 0.071354 0.061111
0 5096 0.618229 0.701852 0.062500 0.057407
0 5097 0.401823 0.692593 0.071354 0.055556
0 5098 0.711719 0.173148 0.146354 0.100000
0 5099 0.492448 0.202315 0.125521 0.091667
0 5100 0.450000 0.377315 0.065625 0.060185
0 5101 0.720573 0.684722 0.031771 0.065741
0 5102 0.346615 0.481944 0.066146 0.054630
0 5103 0.427344 0.216204 0.040104 0.039815
0 5104 0.316146 0.355093 0.033333 0.063889
