0 4934 0.318490 0.182870 0.085938 0.065741
0 4935 0.524740 0.662037 0.027604 0.061111
0 4936 0.620833 0.124074 0.079167 0.061111
0 4937 0.644010 0.363426 0.069271 0.065741
0 4938 0.661198 0.644444 0.063021 0.066667
0 4939 0.860156 0.895833 0.054688 0.052778
0 4940 0.607552 0.509722 0.065104 0.058333
0 4941 0.910937 0.892593 0.039583 0.042593
0 4942 0.506510 0.836574 0.060937 0.054630
0 4943 0.478385 0.520370 0.071354 0.061111
0 4944 0.605990 0.715741 0.039062 0.057407
0 4945 0.393490 0.707407 0.071354 0.055556
0 4946 0.705990 0.200000 0.146354 0.100000
0 4947 0.483594 0.231944 0.125521 0.091667
0 4948 0.446354 0.396759 0.065625 0.060185
0 4949 0.712240 0.695833 0.066146 0.054630
0 4950 0.343490 0.503241 0.066146 0.054630
0 4951 0.427865 0.231019 0.040104 0.039815
0 4952 0.314844 0.369907 0.073438 0.063889
