0 4858 0.316927 0.187500 0.085938 0.065741
0 4859 0.520573 0.672222 0.069271 0.061111
0 4860 0.617708 0.132407 0.079167 0.061111
0 4861 0.641927 0.369444 0.068229 0.066667
0 4862 0.656510 0.649074 0.063021 0.066667
0 4863 0.847656 0.898611 0.056771 0.052778
0 4864 0.604948 0.515278 0.065104 0.058333
0 4865 0.900521 0.894907 0.041667 0.043519
0 4866 0.497135 0.839352 0.060937 0.054630
0 4867 0.476823 0.520833 0.041146 0.067593
0 4868 0.598698 0.725463 0.060937 0.056481
0 4869 0.387240 0.711111 0.071354 0.055556
0 4870 0.702344 0.207407 0.146354 0.100000
0 4871 0.478385 0.242130 0.125521 0.091667
0 4872 0.443750 0.401389 0.065625 0.060185
0 4873 0.708073 0.703241 0.066146 0.054630
0 4874 0.340365 0.508796 0.066146 0.054630
0 4875 0.427344 0.236574 0.040104 0.039815
0 4876 0.312240 0.375463 0.073438 0.063889
