0 5143 0.316406 0.162500 0.085938 0.065741
0 5144 0.530729 0.641204 0.031250 0.067593
0 5145 0.619792 0.098148 0.079167 0.061111
0 5146 0.643490 0.350926 0.068229 0.066667
0 5147 0.667448 0.624074 0.063021 0.066667
0 5148 0.887240 0.875463 0.045312 0.052778
0 5149 0.609635 0.488426 0.075521 0.063889
0 5150 0.933333 0.875000 0.039583 0.042593
0 5151 0.521094 0.820833 0.060937 0.054630
0 5152 0.482552 0.492593 0.071354 0.061111
0 5153 0.617188 0.705093 0.046875 0.075000
0 5154 0.402865 0.690741 0.071354 0.055556
0 5155 0.712760 0.170370 0.146354 0.100000
0 5156 0.494010 0.198611 0.125521 0.091667
0 5157 0.450521 0.375463 0.065625 0.060185
0 5158 0.716927 0.684722 0.066146 0.054630
0 5159 0.347135 0.480093 0.066146 0.054630
0 5160 0.427344 0.216204 0.040104 0.039815
0 5161 0.315885 0.356944 0.073438 0.063889
