0 4440 0.312760 0.185185 0.090104 0.062963
0 4441 0.495052 0.662037 0.069271 0.061111
0 4442 0.611979 0.131481 0.079167 0.061111
0 4443 0.639844 0.337963 0.068229 0.066667
0 4444 0.634115 0.638889 0.063021 0.066667
0 4445 0.771615 0.870833 0.056771 0.052778
0 4446 0.592969 0.502315 0.065104 0.058333
0 4447 0.849219 0.868981 0.057813 0.047222
0 4448 0.441406 0.816204 0.060937 0.054630
0 4449 0.457031 0.511111 0.071354 0.061111
0 4450 0.562760 0.704167 0.060937 0.056481
0 4451 0.360156 0.692593 0.071354 0.055556
0 4452 0.687760 0.207407 0.146354 0.100000
0 4453 0.453906 0.264352 0.125521 0.091667
0 4454 0.432812 0.375463 0.065625 0.060185
0 4455 0.685156 0.688426 0.066146 0.054630
0 4456 0.323698 0.498611 0.066146 0.054630
0 4457 0.419531 0.214352 0.040104 0.039815
0 4458 0.299740 0.342130 0.073438 0.063889
