0 4182 0.318490 0.189815 0.090104 0.062963
0 4183 0.494010 0.658796 0.031771 0.071296
0 4184 0.618750 0.135185 0.079167 0.057407
0 4185 0.646094 0.325926 0.068229 0.066667
0 4186 0.630990 0.637963 0.063021 0.066667
0 4187 0.742969 0.856019 0.056771 0.052778
0 4188 0.599740 0.493981 0.065104 0.058333
0 4189 0.829427 0.853241 0.057813 0.047222
0 4190 0.420573 0.799537 0.060937 0.054630
0 4191 0.459115 0.507407 0.071354 0.061111
0 4192 0.555469 0.695833 0.060937 0.056481
0 4193 0.357031 0.687037 0.071354 0.055556
0 4194 0.687760 0.211111 0.146354 0.100000
0 4195 0.450260 0.274537 0.125521 0.091667
0 4196 0.436458 0.368056 0.065625 0.060185
0 4197 0.963542 0.907407 0.020833 0.038889
0 4198 0.684635 0.681944 0.066146 0.054630
0 4199 0.324740 0.495833 0.066146 0.054630
0 4200 0.428906 0.218519 0.040104 0.040741
0 4201 0.305208 0.328704 0.068750 0.062963
