0 4744 0.313021 0.191204 0.039583 0.069444
0 4745 0.512760 0.672222 0.069271 0.061111
0 4746 0.609375 0.134722 0.034375 0.063889
0 4747 0.637240 0.363889 0.068229 0.066667
0 4748 0.646615 0.649074 0.063021 0.066667
0 4749 0.827865 0.894907 0.056771 0.052778
0 4750 0.597135 0.514815 0.032813 0.066667
0 4751 0.883854 0.891204 0.047917 0.047222
0 4752 0.478385 0.837500 0.060937 0.054630
0 4753 0.464844 0.522222 0.071354 0.061111
0 4754 0.587240 0.721759 0.060937 0.056481
0 4755 0.376302 0.711111 0.071354 0.055556
0 4756 0.695052 0.210185 0.146354 0.100000
0 4757 0.469010 0.252315 0.125521 0.091667
0 4758 0.438021 0.399537 0.065625 0.060185
0 4759 0.698177 0.701389 0.066146 0.054630
0 4760 0.332552 0.508796 0.066146 0.054630
0 4761 0.423698 0.236574 0.040104 0.039815
0 4762 0.307552 0.371759 0.073438 0.063889
