0 4801 0.316146 0.191667 0.037500 0.064815
0 4802 0.516406 0.672222 0.069271 0.061111
0 4803 0.615625 0.132407 0.079167 0.061111
0 4804 0.639323 0.366667 0.068229 0.066667
0 4805 0.651302 0.649074 0.063021 0.066667
0 4806 0.837760 0.896759 0.056771 0.052778
0 4807 0.602344 0.516667 0.038021 0.062963
0 4808 0.892188 0.893056 0.044792 0.045370
0 4809 0.487760 0.838426 0.060937 0.054630
0 4810 0.469531 0.524074 0.071354 0.061111
0 4811 0.592969 0.723611 0.060937 0.056481
0 4812 0.382031 0.711111 0.071354 0.055556
0 4813 0.698698 0.209259 0.146354 0.100000
0 4814 0.473698 0.247685 0.125521 0.091667
0 4815 0.440625 0.400463 0.065625 0.060185
0 4816 0.702865 0.702315 0.066146 0.054630
0 4817 0.336198 0.508796 0.066146 0.054630
0 4818 0.425260 0.236574 0.040104 0.039815
0 4819 0.309635 0.373611 0.073438 0.063889
