0 4725 0.311198 0.192130 0.085938 0.065741
0 4726 0.511198 0.672222 0.069271 0.061111
0 4727 0.612500 0.132407 0.079167 0.061111
0 4728 0.636198 0.362963 0.068229 0.066667
0 4729 0.644531 0.649074 0.063021 0.066667
0 4730 0.824740 0.894907 0.056771 0.052778
0 4731 0.598177 0.515278 0.065104 0.058333
0 4732 0.881250 0.890278 0.048958 0.047222
0 4733 0.475260 0.837500 0.060937 0.054630
0 4734 0.463281 0.522222 0.071354 0.061111
0 4735 0.585156 0.720833 0.060937 0.056481
0 4736 0.374740 0.711111 0.071354 0.055556
0 4737 0.693490 0.211111 0.146354 0.100000
0 4738 0.467448 0.254167 0.125521 0.091667
0 4739 0.436979 0.398611 0.065625 0.060185
0 4740 0.696615 0.701389 0.066146 0.054630
0 4741 0.330990 0.508796 0.066146 0.054630
0 4742 0.423177 0.236574 0.040104 0.039815
0 4743 0.306510 0.370833 0.073438 0.063889
