0 4820 0.315365 0.188426 0.085938 0.065741
0 4821 0.517969 0.672222 0.069271 0.061111
0 4822 0.616146 0.132407 0.079167 0.061111
0 4823 0.640365 0.367593 0.068229 0.066667
0 4824 0.653385 0.649074 0.063021 0.066667
0 4825 0.840885 0.897685 0.056771 0.052778
0 4826 0.602865 0.515278 0.065104 0.058333
0 4827 0.894792 0.893519 0.043750 0.044444
0 4828 0.490885 0.838426 0.060937 0.054630
0 4829 0.471094 0.524074 0.071354 0.061111
0 4830 0.595052 0.724537 0.060937 0.056481
0 4831 0.383594 0.711111 0.071354 0.055556
0 4832 0.699740 0.208333 0.146354 0.100000
0 4833 0.475260 0.245833 0.125521 0.091667
0 4834 0.441667 0.400463 0.065625 0.060185
0 4835 0.707812 0.700926 0.041667 0.059259
0 4836 0.337760 0.508796 0.066146 0.054630
0 4837 0.425781 0.236574 0.040104 0.039815
0 4838 0.311198 0.374537 0.029687 0.063889
