0 4972 0.318490 0.179167 0.085938 0.065741
0 4973 0.526302 0.658333 0.069271 0.061111
0 4974 0.621875 0.116204 0.079167 0.060185
0 4975 0.644792 0.356019 0.070833 0.065741
0 4976 0.662760 0.639815 0.063021 0.066667
0 4977 0.866406 0.891204 0.052604 0.052778
0 4978 0.608594 0.504167 0.065104 0.058333
0 4979 0.915625 0.888889 0.039583 0.042593
0 4980 0.509635 0.832870 0.060937 0.054630
0 4981 0.479948 0.506481 0.071354 0.061111
0 4982 0.610677 0.710185 0.071354 0.061111
0 4983 0.395573 0.703704 0.071354 0.055556
0 4984 0.707552 0.193519 0.146354 0.100000
0 4985 0.485677 0.224537 0.125521 0.091667
0 4986 0.447396 0.392130 0.065625 0.060185
0 4987 0.713802 0.687500 0.066146 0.054630
0 4988 0.344010 0.497685 0.066146 0.054630
0 4989 0.427865 0.226389 0.040104 0.039815
0 4990 0.315885 0.363426 0.073438 0.063889
