0 4282 0.316406 0.187963 0.090104 0.062963
0 4283 0.494010 0.661111 0.069271 0.061111
0 4284 0.616146 0.131481 0.079167 0.061111
0 4285 0.644010 0.331481 0.068229 0.066667
0 4286 0.632031 0.637963 0.063021 0.066667
0 4287 0.754427 0.862500 0.056771 0.052778
0 4288 0.597135 0.496759 0.065104 0.058333
0 4289 0.834635 0.860648 0.057813 0.047222
0 4290 0.426302 0.806019 0.060937 0.054630
0 4291 0.458073 0.509259 0.071354 0.061111
0 4292 0.557031 0.699537 0.060937 0.056481
0 4293 0.358594 0.688889 0.071354 0.055556
0 4294 0.687760 0.211111 0.146354 0.100000
0 4295 0.452865 0.271759 0.125521 0.091667
0 4296 0.435417 0.372685 0.065625 0.060185
0 4297 0.979688 0.912963 0.020833 0.038889
0 4298 0.684635 0.684722 0.066146 0.054630
0 4299 0.323698 0.498611 0.066146 0.054630
0 4300 0.425781 0.218981 0.040104 0.039815
0 4301 0.300260 0.334722 0.031771 0.063889
