0 4382 0.311458 0.187500 0.035417 0.067593
0 4383 0.495052 0.662037 0.069271 0.061111
0 4384 0.613542 0.131481 0.079167 0.061111
0 4385 0.641406 0.335185 0.068229 0.066667
0 4386 0.633594 0.638889 0.063021 0.066667
0 4387 0.764844 0.868056 0.056771 0.052778
0 4388 0.594531 0.500463 0.065104 0.058333
0 4389 0.844010 0.866204 0.057813 0.047222
0 4390 0.435677 0.812500 0.060937 0.054630
0 4391 0.457813 0.513426 0.040625 0.076852
0 4392 0.560677 0.702315 0.060937 0.056481
0 4393 0.359635 0.690741 0.071354 0.055556
0 4394 0.687760 0.208333 0.146354 0.100000
0 4395 0.453385 0.267130 0.125521 0.091667
0 4396 0.433854 0.374537 0.065625 0.060185
0 4397 0.992708 0.913889 0.014583 0.038889
0 4398 0.684635 0.687500 0.066146 0.054630
0 4399 0.323698 0.498611 0.066146 0.054630
0 4400 0.422135 0.216204 0.040104 0.039815
0 4401 0.301302 0.339352 0.073438 0.063889
