0 4687 0.310937 0.191667 0.086458 0.064815
0 4688 0.508594 0.672222 0.069271 0.061111
0 4689 0.610938 0.133333 0.079167 0.061111
0 4690 0.635156 0.361111 0.068229 0.066667
0 4691 0.641406 0.649074 0.063021 0.066667
0 4692 0.817969 0.893981 0.056771 0.052778
0 4693 0.596615 0.515278 0.065104 0.058333
0 4694 0.876042 0.889352 0.051042 0.049074
0 4695 0.469010 0.837500 0.060937 0.054630
0 4696 0.460156 0.521296 0.071354 0.061111
0 4697 0.581510 0.719907 0.060937 0.056481
0 4698 0.371094 0.711111 0.071354 0.055556
0 4699 0.691406 0.212037 0.146354 0.100000
0 4700 0.464844 0.257870 0.125521 0.091667
0 4701 0.435417 0.398611 0.065625 0.060185
0 4702 0.693490 0.701389 0.066146 0.054630
0 4703 0.328906 0.509722 0.066146 0.054630
0 4704 0.422135 0.236574 0.040104 0.039815
0 4705 0.305469 0.369907 0.073438 0.063889
