0 4763 0.312760 0.190278 0.085938 0.065741
0 4764 0.513802 0.672222 0.069271 0.061111
0 4765 0.614062 0.132407 0.079167 0.061111
0 4766 0.637760 0.364815 0.068229 0.066667
0 4767 0.648177 0.649074 0.063021 0.066667
0 4768 0.830990 0.895833 0.056771 0.052778
0 4769 0.600260 0.515278 0.065104 0.058333
0 4770 0.886979 0.891667 0.046875 0.046296
0 4771 0.481510 0.838426 0.060937 0.054630
0 4772 0.466406 0.523148 0.071354 0.061111
0 4773 0.589323 0.722685 0.060937 0.056481
0 4774 0.378385 0.711111 0.071354 0.055556
0 4775 0.696094 0.210185 0.146354 0.100000
0 4776 0.470573 0.250463 0.125521 0.091667
0 4777 0.439063 0.399537 0.065625 0.060185
0 4778 0.699740 0.702315 0.066146 0.054630
0 4779 0.333594 0.508796 0.066146 0.054630
0 4780 0.424219 0.236574 0.040104 0.039815
0 4781 0.306510 0.371759 0.031771 0.063889
