0 4668 0.310677 0.190741 0.086979 0.064815
0 4669 0.505469 0.671296 0.029687 0.059259
0 4670 0.610938 0.132407 0.079167 0.061111
0 4671 0.635156 0.358333 0.068229 0.066667
0 4672 0.640885 0.648148 0.063021 0.066667
0 4673 0.813802 0.892130 0.056771 0.052778
0 4674 0.595573 0.513426 0.065104 0.058333
0 4675 0.873698 0.887037 0.051562 0.048148
0 4676 0.466406 0.835648 0.060937 0.054630
0 4677 0.459635 0.520370 0.071354 0.061111
0 4678 0.579948 0.718056 0.060937 0.056481
0 4679 0.370052 0.709259 0.071354 0.055556
0 4680 0.690885 0.211111 0.146354 0.100000
0 4681 0.463802 0.257870 0.125521 0.091667
0 4682 0.434896 0.395833 0.065625 0.060185
0 4683 0.692448 0.699537 0.066146 0.054630
0 4684 0.328385 0.508796 0.066146 0.054630
0 4685 0.421615 0.233796 0.040104 0.039815
0 4686 0.304427 0.367130 0.073438 0.063889
