0 4649 0.310677 0.190741 0.086979 0.064815
0 4650 0.505990 0.667593 0.069271 0.061111
0 4651 0.610938 0.132407 0.079167 0.061111
0 4652 0.635677 0.356481 0.068229 0.066667
0 4653 0.639844 0.647222 0.063021 0.066667
0 4654 0.810156 0.890278 0.056771 0.052778
0 4655 0.595052 0.511574 0.065104 0.058333
0 4656 0.871354 0.885185 0.052083 0.048148
0 4657 0.464323 0.833796 0.060937 0.054630
0 4658 0.461458 0.515741 0.029167 0.068519
0 4659 0.578385 0.717130 0.060937 0.056481
0 4660 0.369010 0.707407 0.071354 0.055556
0 4661 0.690365 0.210185 0.146354 0.100000
0 4662 0.462760 0.258796 0.125521 0.091667
0 4663 0.434375 0.393981 0.065625 0.060185
0 4664 0.691927 0.698611 0.066146 0.054630
0 4665 0.327865 0.507870 0.066146 0.054630
0 4666 0.421094 0.231944 0.040104 0.039815
0 4667 0.303906 0.364352 0.073438 0.063889
