0 4242 0.317448 0.187963 0.090104 0.062963
0 4243 0.493490 0.660185 0.069271 0.061111
0 4244 0.617188 0.132870 0.079167 0.060185
0 4245 0.644531 0.329630 0.068229 0.066667
0 4246 0.631510 0.637963 0.063021 0.066667
0 4247 0.749740 0.859722 0.056771 0.052778
0 4248 0.598177 0.495833 0.065104 0.058333
0 4249 0.832031 0.857870 0.057813 0.047222
0 4250 0.423698 0.803241 0.060937 0.054630
0 4251 0.458594 0.508333 0.071354 0.061111
0 4252 0.556510 0.697685 0.060937 0.056481
0 4253 0.358073 0.687963 0.071354 0.055556
0 4254 0.687760 0.211111 0.146354 0.100000
0 4255 0.451823 0.272685 0.125521 0.091667
0 4256 0.435937 0.370833 0.065625 0.060185
0 4257 0.973437 0.910185 0.020833 0.038889
0 4258 0.684635 0.683796 0.066146 0.054630
0 4259 0.324219 0.497685 0.066146 0.054630
0 4260 0.427344 0.218981 0.040104 0.039815
0 4261 0.304427 0.332407 0.072396 0.062963
