0 5105 0.316406 0.164352 0.085938 0.065741
0 5106 0.528385 0.643519 0.069271 0.061111
0 5107 0.619792 0.098148 0.079167 0.061111
0 5108 0.643490 0.350926 0.068229 0.066667
0 5109 0.667448 0.624074 0.063021 0.066667
0 5110 0.887240 0.875463 0.045312 0.052778
0 5111 0.612240 0.486574 0.065104 0.058333
0 5112 0.933333 0.875000 0.039583 0.042593
0 5113 0.521094 0.820833 0.060937 0.054630
0 5114 0.482552 0.492593 0.071354 0.061111
0 5115 0.617448 0.706019 0.060937 0.056481
0 5116 0.402865 0.690741 0.071354 0.055556
0 5117 0.712760 0.170370 0.146354 0.100000
0 5118 0.494010 0.198611 0.125521 0.091667
0 5119 0.450260 0.380556 0.030729 0.070370
0 5120 0.716927 0.684722 0.066146 0.054630
0 5121 0.347135 0.480093 0.066146 0.054630
0 5122 0.427344 0.216204 0.040104 0.039815
0 5123 0.317448 0.355093 0.073438 0.063889
