0 5067 0.316927 0.168056 0.085938 0.065741
0 5068 0.529948 0.643519 0.069271 0.061111
0 5069 0.622656 0.098611 0.040104 0.069444
0 5070 0.642708 0.351389 0.065625 0.065741
0 5071 0.665885 0.627778 0.063021 0.066667
0 5072 0.880990 0.879167 0.047396 0.052778
0 5073 0.611198 0.486574 0.065104 0.058333
0 5074 0.928125 0.878704 0.039583 0.042593
0 5075 0.517448 0.823611 0.060937 0.054630
0 5076 0.481510 0.496296 0.071354 0.061111
0 5077 0.616927 0.701852 0.064062 0.057407
0 5078 0.400781 0.694444 0.071354 0.055556
0 5079 0.711198 0.176852 0.146354 0.100000
0 5080 0.491406 0.206019 0.125521 0.091667
0 5081 0.449479 0.380093 0.065625 0.060185
0 5082 0.719010 0.681944 0.066146 0.054630
0 5083 0.346094 0.484722 0.066146 0.054630
0 5084 0.427344 0.216204 0.040104 0.039815
0 5085 0.317448 0.355093 0.073438 0.063889
