0 4877 0.317448 0.186574 0.085938 0.065741
0 4878 0.522135 0.671296 0.029687 0.066667
0 4879 0.618750 0.132407 0.079167 0.061111
0 4880 0.642448 0.370370 0.068229 0.066667
0 4881 0.658594 0.649074 0.063021 0.066667
0 4882 0.850781 0.899537 0.056771 0.052778
0 4883 0.605990 0.515278 0.065104 0.058333
0 4884 0.903125 0.895370 0.040625 0.042593
0 4885 0.500260 0.839352 0.060937 0.054630
0 4886 0.475781 0.525926 0.071354 0.061111
0 4887 0.600781 0.726389 0.060937 0.056481
0 4888 0.389323 0.711111 0.071354 0.055556
0 4889 0.703385 0.207407 0.146354 0.100000
0 4890 0.479948 0.240278 0.125521 0.091667
0 4891 0.444792 0.401389 0.065625 0.060185
0 4892 0.709635 0.703241 0.066146 0.054630
0 4893 0.341406 0.508796 0.066146 0.054630
0 4894 0.427865 0.236574 0.040104 0.039815
0 4895 0.312760 0.376389 0.073438 0.063889
