0 4896 0.317969 0.185648 0.085938 0.065741
0 4897 0.523177 0.673148 0.069271 0.061111
0 4898 0.619792 0.132407 0.079167 0.061111
0 4899 0.643490 0.371296 0.068229 0.066667
0 4900 0.660156 0.649074 0.063021 0.066667
0 4901 0.854427 0.900463 0.056771 0.052778
0 4902 0.607031 0.515278 0.065104 0.058333
0 4903 0.906250 0.897222 0.039583 0.042593
0 4904 0.503385 0.840278 0.060937 0.054630
0 4905 0.477344 0.526852 0.071354 0.061111
0 4906 0.602344 0.727315 0.060937 0.056481
0 4907 0.391406 0.712037 0.071354 0.055556
0 4908 0.704948 0.207407 0.146354 0.100000
0 4909 0.481510 0.239352 0.125521 0.091667
0 4910 0.448437 0.403241 0.039583 0.075000
0 4911 0.711198 0.704167 0.066146 0.054630
0 4912 0.342969 0.508796 0.066146 0.054630
0 4913 0.428385 0.236574 0.040104 0.039815
0 4914 0.313802 0.377315 0.073438 0.063889
