0 4459 0.312240 0.185185 0.090104 0.062963
0 4460 0.495312 0.662963 0.031250 0.068519
0 4461 0.611458 0.131481 0.079167 0.061111
0 4462 0.639323 0.338889 0.068229 0.066667
0 4463 0.634115 0.638889 0.063021 0.066667
0 4464 0.773698 0.871759 0.056771 0.052778
0 4465 0.592448 0.503241 0.065104 0.058333
0 4466 0.850781 0.869907 0.057813 0.047222
0 4467 0.443490 0.817130 0.060937 0.054630
0 4468 0.456510 0.511111 0.071354 0.061111
0 4469 0.563281 0.705093 0.060937 0.056481
0 4470 0.360156 0.692593 0.071354 0.055556
0 4471 0.687760 0.206481 0.146354 0.100000
0 4472 0.453906 0.263426 0.125521 0.091667
0 4473 0.432292 0.375463 0.065625 0.060185
0 4474 0.685156 0.689352 0.066146 0.054630
0 4475 0.323698 0.498611 0.066146 0.054630
0 4476 0.418490 0.213426 0.040104 0.039815
0 4477 0.299219 0.343056 0.073438 0.063889
