0 4322 0.315365 0.187037 0.090104 0.062963
0 4323 0.494531 0.661111 0.069271 0.061111
0 4324 0.615104 0.131481 0.079167 0.061111
0 4325 0.642969 0.333333 0.068229 0.066667
0 4326 0.632552 0.637963 0.063021 0.066667
0 4327 0.758594 0.864352 0.056771 0.052778
0 4328 0.596094 0.498611 0.065104 0.058333
0 4329 0.838281 0.862500 0.057813 0.047222
0 4330 0.429948 0.808796 0.060937 0.054630
0 4331 0.460417 0.511111 0.038542 0.075926
0 4332 0.558594 0.700463 0.060937 0.056481
0 4333 0.359115 0.689815 0.071354 0.055556
0 4334 0.687760 0.210185 0.146354 0.100000
0 4335 0.452865 0.269907 0.125521 0.091667
0 4336 0.434896 0.373611 0.065625 0.060185
0 4337 0.985938 0.915741 0.020833 0.038889
0 4338 0.684635 0.685648 0.066146 0.054630
0 4339 0.323698 0.498611 0.066146 0.054630
0 4340 0.424219 0.218056 0.040104 0.039815
0 4341 0.302865 0.336574 0.073438 0.063889
