0 4592 0.310677 0.185648 0.044271 0.069444
0 4593 0.501823 0.667593 0.069271 0.061111
0 4594 0.610938 0.132407 0.079167 0.061111
0 4595 0.636719 0.350926 0.068229 0.066667
0 4596 0.638281 0.644444 0.063021 0.066667
0 4597 0.798698 0.884722 0.056771 0.052778
0 4598 0.593490 0.507870 0.065104 0.058333
0 4599 0.864844 0.880556 0.053646 0.048148
0 4600 0.458073 0.828241 0.060937 0.054630
0 4601 0.459375 0.509722 0.041667 0.080556
0 4602 0.573698 0.713426 0.060937 0.056481
0 4603 0.365885 0.702778 0.071354 0.055556
0 4604 0.689323 0.209259 0.146354 0.100000
0 4605 0.459635 0.259722 0.125521 0.091667
0 4606 0.433854 0.388426 0.065625 0.060185
0 4607 0.689844 0.695833 0.066146 0.054630
0 4608 0.326302 0.505093 0.066146 0.054630
0 4609 0.420052 0.225463 0.040104 0.039815
0 4610 0.302344 0.357870 0.073438 0.063889
