0 5162 0.308594 0.160648 0.043229 0.067593
0 5163 0.528385 0.643519 0.069271 0.061111
0 5164 0.619792 0.098148 0.079167 0.061111
0 5165 0.643490 0.350926 0.068229 0.066667
0 5166 0.667448 0.624074 0.063021 0.066667
0 5167 0.887240 0.875463 0.045312 0.052778
0 5168 0.603906 0.485648 0.031771 0.058333
0 5169 0.933333 0.875000 0.039583 0.042593
0 5170 0.521094 0.820833 0.060937 0.054630
0 5171 0.482552 0.492593 0.071354 0.061111
0 5172 0.617448 0.706019 0.060937 0.056481
0 5173 0.402865 0.690741 0.071354 0.055556
0 5174 0.712760 0.170370 0.146354 0.100000
0 5175 0.494010 0.198611 0.125521 0.091667
0 5176 0.450521 0.375463 0.065625 0.060185
0 5177 0.716927 0.684722 0.066146 0.054630
0 5178 0.347135 0.480093 0.066146 0.054630
0 5179 0.427344 0.216204 0.040104 0.039815
0 5180 0.315365 0.357870 0.073438 0.063889
