0 4991 0.317969 0.176389 0.085938 0.065741
0 4992 0.526823 0.655556 0.069271 0.061111
0 4993 0.622396 0.111574 0.079167 0.060185
0 4994 0.641927 0.353241 0.039062 0.065741
0 4995 0.663281 0.637037 0.063021 0.066667
0 4996 0.869010 0.888426 0.051562 0.052778
0 4997 0.609115 0.501389 0.065104 0.058333
0 4998 0.918229 0.887037 0.039583 0.042593
0 4999 0.511198 0.831019 0.060937 0.054630
0 5000 0.480469 0.504630 0.071354 0.061111
0 5001 0.611979 0.706944 0.069792 0.060185
0 5002 0.396615 0.701852 0.071354 0.055556
0 5003 0.708073 0.189815 0.146354 0.100000
0 5004 0.486719 0.220833 0.125521 0.091667
0 5005 0.447917 0.389352 0.065625 0.060185
0 5006 0.715365 0.685648 0.066146 0.054630
0 5007 0.344531 0.494907 0.066146 0.054630
0 5008 0.427865 0.223611 0.040104 0.039815
0 5009 0.316667 0.359722 0.073958 0.063889
