0 4222 0.317448 0.188889 0.090104 0.062963
0 4223 0.493490 0.660185 0.069271 0.061111
0 4224 0.617708 0.133333 0.079167 0.059259
0 4225 0.645052 0.328704 0.068229 0.066667
0 4226 0.631510 0.637963 0.063021 0.066667
0 4227 0.747656 0.858796 0.056771 0.052778
0 4228 0.598698 0.494907 0.065104 0.058333
0 4229 0.830990 0.856019 0.057813 0.047222
0 4230 0.422656 0.802315 0.060937 0.054630
0 4231 0.458594 0.508333 0.071354 0.061111
0 4232 0.555990 0.697685 0.060937 0.056481
0 4233 0.357552 0.687963 0.071354 0.055556
0 4234 0.687760 0.211111 0.146354 0.100000
0 4235 0.451302 0.273611 0.125521 0.091667
0 4236 0.435937 0.369907 0.065625 0.060185
0 4237 0.970313 0.909259 0.020833 0.038889
0 4238 0.684635 0.682870 0.066146 0.054630
0 4239 0.324219 0.496759 0.066146 0.054630
0 4240 0.427865 0.218981 0.040104 0.039815
0 4241 0.304688 0.331481 0.070833 0.062963
