0 4302 0.315885 0.187037 0.090104 0.062963
0 4303 0.494531 0.661111 0.069271 0.061111
0 4304 0.615625 0.131481 0.079167 0.061111
0 4305 0.637500 0.334259 0.034375 0.074074
0 4306 0.632552 0.637963 0.063021 0.066667
0 4307 0.756510 0.863426 0.056771 0.052778
0 4308 0.596615 0.497685 0.065104 0.058333
0 4309 0.836719 0.861574 0.057813 0.047222
0 4310 0.428385 0.806944 0.060937 0.054630
0 4311 0.458073 0.509259 0.071354 0.061111
0 4312 0.558073 0.699537 0.060937 0.056481
0 4313 0.358594 0.688889 0.071354 0.055556
0 4314 0.687760 0.210185 0.146354 0.100000
0 4315 0.452865 0.270833 0.125521 0.091667
0 4316 0.430469 0.370833 0.033854 0.071296
0 4317 0.982812 0.913889 0.020833 0.038889
0 4318 0.684635 0.685648 0.066146 0.054630
0 4319 0.323698 0.498611 0.066146 0.054630
0 4320 0.425260 0.218056 0.040104 0.039815
0 4321 0.303385 0.335648 0.073438 0.063889
