0 5048 0.317448 0.170833 0.085938 0.065741
0 5049 0.528906 0.646296 0.069271 0.061111
0 5050 0.619792 0.102778 0.079167 0.061111
0 5051 0.641406 0.349074 0.029687 0.064815
0 5052 0.665365 0.630556 0.063021 0.066667
0 5053 0.878385 0.881944 0.048438 0.052778
0 5054 0.610677 0.487500 0.065104 0.058333
0 5055 0.925521 0.880556 0.039583 0.042593
0 5056 0.515885 0.825463 0.060937 0.054630
0 5057 0.481510 0.498148 0.071354 0.061111
0 5058 0.616146 0.702315 0.065625 0.058333
0 5059 0.399740 0.696296 0.071354 0.055556
0 5060 0.710156 0.179630 0.146354 0.100000
0 5061 0.490365 0.209722 0.125521 0.091667
0 5062 0.448958 0.381944 0.065625 0.060185
0 5063 0.720052 0.681019 0.066146 0.054630
0 5064 0.345573 0.487500 0.066146 0.054630
0 5065 0.427344 0.216204 0.040104 0.039815
0 5066 0.317448 0.355093 0.073438 0.063889
