       0.0    10126013.0     4458631.0     4157994.0     3138978.0     2753749.0      678099.0      237807.0      579423.0      662628.0     1373065.0      222531.0      666260.0       23952.0     1700268.0      171774.0      126223.0     2183556.0       35260.0      372090.0
       0.0    83020352.0     2161349.0       58796.0       66546.0       41038.0      117406.0        1113.0        9492.0        3753.0      141431.0        3737.0      165575.0         925.0      352349.0       14249.0       10650.0       17100.0        4850.0       49644.0
       0.0      545306.0    10920961.0      110382.0      109126.0       80261.0      123708.0        7492.0       15373.0       13337.0      253454.0         507.0       99040.0        1235.0       66448.0        2093.0        1955.0        2269.0        2140.0       73640.0
       0.0       46246.0      219952.0    43771946.0      307106.0      375078.0      988437.0      461473.0      728082.0      831402.0       15190.0      448258.0      431989.0       17991.0      231672.0       60195.0       52586.0      515093.0        4407.0      117898.0
       0.0       40208.0      116851.0      219031.0     1069396.0      201677.0       40414.0        4257.0        9993.0       93614.0       24399.0         196.0       23295.0        1785.0       35902.0        1217.0         762.0        7673.0         350.0       15158.0
       0.0        2122.0       45034.0      284752.0      144661.0     1207497.0      118648.0       15175.0       35547.0       54042.0       18105.0       15208.0       29702.0         758.0       30475.0        1130.0        4806.0       48654.0        2407.0       37000.0
       0.0       10576.0       29762.0      351456.0       17678.0       72720.0     2173200.0      138080.0       71160.0      100314.0       19857.0       39591.0       60644.0        1735.0       92364.0        1128.0        2380.0        3181.0        2236.0       46120.0
       0.0          67.0         923.0       83144.0        1965.0        7603.0       96892.0      397137.0       27265.0      102666.0        3829.0        3448.0       13178.0         846.0       24660.0         994.0        1692.0         961.0         270.0        5955.0
       0.0        4155.0        4853.0       82969.0        1707.0       28218.0       45808.0       36607.0     1212150.0       27280.0        5177.0       19290.0       47667.0        1329.0       12836.0        6262.0        6457.0        5465.0         976.0       11322.0
       0.0       16879.0       44206.0     1149137.0      256894.0      282992.0      376495.0      561681.0      187659.0    35157115.0      637720.0      202836.0      153086.0       11687.0      106088.0        4918.0       15811.0        9198.0        2562.0       49141.0
       0.0       12611.0      123987.0        8277.0       47329.0       37295.0       23820.0        5996.0        3180.0      139198.0     1500553.0       47807.0       14144.0        3022.0       34323.0         343.0         519.0         226.0         984.0       18567.0
       0.0          35.0         109.0       56666.0        1038.0       11175.0       18338.0        5853.0       11872.0       39746.0        8180.0     7424633.0       12814.0        1596.0        3387.0         724.0        1349.0        2131.0         175.0        2841.0
       0.0        2368.0       11123.0       37574.0        2585.0       21493.0       41579.0        9527.0        6938.0       14944.0        4287.0         384.0     2598396.0       32015.0       55454.0        3006.0        2863.0        1333.0        2950.0       49167.0
       0.0         104.0         505.0        1950.0         200.0        2428.0        5290.0        1582.0        1343.0        4486.0        1041.0         281.0      161818.0      226306.0       19923.0         556.0        2354.0         232.0       13507.0       60782.0
       0.0       30109.0        9848.0       57282.0       15605.0       30067.0       78754.0       55449.0        8650.0       31286.0       13496.0        2497.0       88052.0       15872.0    14125120.0       79728.0       51363.0        5640.0       22576.0       42450.0
       0.0         805.0        1360.0       26156.0        4369.0        1764.0        4241.0        4972.0        6396.0        4761.0         508.0        5858.0        5559.0        2448.0      184061.0      217781.0      211709.0        9536.0         749.0       12722.0
       0.0        1569.0         361.0       14838.0        4246.0       13401.0        8228.0        6448.0       11761.0        4249.0         504.0         319.0        5005.0        2017.0       88369.0      184423.0      446944.0       91678.0         520.0        7607.0
       0.0          16.0          30.0       13212.0        2435.0        5662.0        3817.0        1919.0        4193.0        2700.0         557.0        2165.0        2811.0        1288.0        8398.0        4525.0       23167.0      180981.0         365.0        3712.0
       0.0          89.0         929.0         871.0         377.0        1970.0        3216.0         292.0         470.0         194.0          90.0           0.0       25809.0        8696.0       33368.0          68.0          47.0         707.0       76368.0       21617.0
       0.0         763.0       10416.0       10915.0         924.0       16768.0       21555.0         438.0         915.0        4594.0        6672.0           0.0       65374.0       37333.0       26712.0         146.0         130.0         305.0       36916.0     1317795.0
--------------------------------------------------------------------------------
      0.00         95.48         71.80         83.87         36.99         36.29         40.61         18.98         44.88         86.38         47.24         88.44         60.38         34.96         87.35         20.33         34.83         18.40         27.86         60.34
 Unlabeled          Road      Sidewalk      Building          Wall         Fence          Pole  TrafficLight   TrafficSign    Vegetation       Terrain           Sky        Person         Rider           Car         Truck           Bus         Train    Motorcycle       Bicycle
--------------------------------------------------------------------------------

mIoU : 0.5239041183384702
Average Accuracy : 0.9061997923901745