0 18265 0.572396 0.617130 0.047917 0.052778
0 18266 0.570833 0.474537 0.048958 0.056481
0 18267 0.407813 0.599074 0.045833 0.051852
0 18268 0.517448 0.448148 0.047396 0.051852
0 18269 0.479167 0.350000 0.048958 0.057407
0 18270 0.456510 0.525463 0.051562 0.052778
0 18271 0.548177 0.641204 0.046354 0.047222
0 18272 0.331250 0.592593 0.046875 0.050000
0 18273 0.464062 0.639815 0.047917 0.050000
0 18274 0.632031 0.409259 0.051562 0.059259
0 18275 0.485417 0.481944 0.045833 0.052778
0 18276 0.570573 0.378704 0.048438 0.059259
0 18277 0.424219 0.449074 0.045312 0.053704
0 18278 0.546094 0.418981 0.047396 0.056481
0 18279 0.376042 0.520833 0.050000 0.050926
0 18280 0.355469 0.560185 0.048438 0.051852
0 18281 0.385677 0.641204 0.046354 0.052778
0 18282 0.223438 0.468981 0.047917 0.052778
0 18283 0.432812 0.558796 0.047917 0.049074
0 18284 0.307552 0.479630 0.051562 0.050000
0 18285 0.512240 0.581481 0.046354 0.050000
0 18286 0.490885 0.605093 0.049479 0.050926
0 18287 0.282031 0.528241 0.043229 0.050926
0 18288 0.624219 0.637500 0.045312 0.049074
