0 19513 0.536198 0.672685 0.049479 0.054630
0 19514 0.523438 0.539815 0.047917 0.053704
0 19515 0.349740 0.671296 0.049479 0.046296
0 19516 0.449740 0.522222 0.049479 0.051852
0 19517 0.407031 0.449074 0.051562 0.053704
0 19518 0.400781 0.593519 0.051562 0.051852
0 19519 0.507812 0.706019 0.046875 0.047222
0 19520 0.267708 0.676389 0.045833 0.047222
0 19521 0.414062 0.707870 0.047917 0.049074
0 19522 0.575781 0.488426 0.053646 0.056481
0 19523 0.423438 0.560185 0.048958 0.048148
0 19524 0.512240 0.471759 0.048438 0.054630
0 19525 0.358333 0.527315 0.050000 0.056481
0 19526 0.480469 0.495370 0.047396 0.053704
0 19527 0.311458 0.598611 0.045833 0.041667
0 19528 0.290365 0.638426 0.046354 0.047222
0 19529 0.327865 0.712500 0.046354 0.052778
0 19530 0.142448 0.545370 0.049479 0.053704
0 19531 0.375000 0.634722 0.047917 0.049074
0 19532 0.234115 0.550926 0.052604 0.053704
0 19533 0.462500 0.654630 0.048958 0.050000
0 19534 0.438802 0.674074 0.053646 0.053704
0 19535 0.209115 0.604630 0.047396 0.050000
0 19536 0.596094 0.683333 0.048438 0.053704
