0 18001 0.575521 0.619907 0.047917 0.052778
0 18002 0.575000 0.468056 0.048958 0.056481
0 18003 0.407292 0.597222 0.045833 0.051852
0 18004 0.524219 0.438889 0.049479 0.055556
0 18005 0.484896 0.332407 0.048958 0.057407
0 18006 0.460156 0.522685 0.051562 0.052778
0 18007 0.549219 0.643056 0.046354 0.050926
0 18008 0.330729 0.590741 0.046875 0.050000
0 18009 0.220573 0.463889 0.047396 0.053704
0 18010 0.640365 0.391667 0.051562 0.059259
0 18011 0.490104 0.475463 0.045833 0.052778
0 18012 0.280729 0.526852 0.048958 0.051852
0 18013 0.427344 0.443519 0.045312 0.053704
0 18014 0.551823 0.405093 0.047396 0.056481
0 18015 0.374479 0.515278 0.050000 0.050926
0 18016 0.492969 0.606019 0.049479 0.050926
0 18017 0.384635 0.642130 0.046354 0.052778
0 18018 0.465104 0.639815 0.047917 0.050000
0 18019 0.434896 0.556019 0.047917 0.049074
0 18020 0.307031 0.475000 0.051562 0.050000
0 18021 0.514323 0.577778 0.046354 0.050000
0 18022 0.354427 0.557407 0.048438 0.051852
0 18023 0.626563 0.638426 0.046875 0.052778
0 18024 0.577344 0.358333 0.049479 0.059259
