0 17809 0.582812 0.609722 0.047917 0.056481
0 17810 0.582812 0.456019 0.048958 0.056481
0 17811 0.411458 0.589815 0.045833 0.051852
0 17812 0.534115 0.425000 0.049479 0.055556
0 17813 0.492708 0.314815 0.048958 0.057407
0 17814 0.469010 0.514352 0.051562 0.052778
0 17815 0.553906 0.640278 0.046354 0.050926
0 17816 0.333594 0.584259 0.048438 0.051852
0 17817 0.470313 0.637963 0.047917 0.050000
0 17818 0.652344 0.372222 0.051562 0.059259
0 17819 0.497917 0.465278 0.045833 0.052778
0 17820 0.283333 0.519444 0.048958 0.051852
0 17821 0.436198 0.429630 0.045312 0.053704
0 17822 0.561198 0.389352 0.048438 0.056481
0 17823 0.380208 0.504167 0.050000 0.050926
0 17824 0.499219 0.601852 0.050521 0.057407
0 17825 0.389323 0.635648 0.046354 0.052778
0 17826 0.224740 0.452315 0.048438 0.052778
0 17827 0.439583 0.550463 0.047917 0.049074
0 17828 0.312760 0.463889 0.051562 0.050000
0 17829 0.521094 0.567593 0.046354 0.050000
0 17830 0.358594 0.549074 0.048438 0.051852
0 17831 0.633333 0.632870 0.046875 0.052778
0 17832 0.586719 0.338426 0.050521 0.060185
