0 19657 0.550260 0.664815 0.050521 0.055556
0 19658 0.535937 0.530556 0.051042 0.053704
0 19659 0.357552 0.666667 0.049479 0.046296
0 19660 0.459115 0.515741 0.049479 0.051852
0 19661 0.414844 0.440741 0.051562 0.053704
0 19662 0.410677 0.588889 0.053646 0.050000
0 19663 0.521875 0.699074 0.047917 0.048148
0 19664 0.275000 0.670833 0.045833 0.047222
0 19665 0.423958 0.701389 0.047917 0.049074
0 19666 0.587760 0.478704 0.054688 0.055556
0 19667 0.431510 0.552778 0.049479 0.048148
0 19668 0.521094 0.462037 0.050521 0.053704
0 19669 0.366667 0.524537 0.050000 0.056481
0 19670 0.488542 0.487963 0.047917 0.053704
0 19671 0.319271 0.590741 0.050000 0.046296
0 19672 0.298698 0.634259 0.047396 0.048148
0 19673 0.335938 0.706481 0.046875 0.051852
0 19674 0.144531 0.538889 0.050521 0.053704
0 19675 0.382812 0.630093 0.047917 0.049074
0 19676 0.239844 0.545370 0.053646 0.050000
0 19677 0.472656 0.650000 0.049479 0.051852
0 19678 0.449219 0.665741 0.053646 0.053704
0 19679 0.213802 0.599074 0.047396 0.050000
0 19680 0.610938 0.678241 0.050000 0.056481
