0 17833 0.581250 0.610648 0.047917 0.056481
0 17834 0.581250 0.457870 0.048958 0.056481
0 17835 0.410938 0.590741 0.045833 0.051852
0 17836 0.532031 0.425926 0.049479 0.055556
0 17837 0.492188 0.316667 0.048958 0.057407
0 17838 0.466927 0.516204 0.051562 0.052778
0 17839 0.552344 0.640278 0.046354 0.050926
0 17840 0.332813 0.585648 0.047917 0.050926
0 17841 0.468750 0.637963 0.047917 0.050000
0 17842 0.650781 0.375000 0.051562 0.059259
0 17843 0.495833 0.467130 0.045833 0.052778
0 17844 0.281771 0.520370 0.048958 0.051852
0 17845 0.434635 0.431481 0.045312 0.053704
0 17846 0.559115 0.391204 0.048438 0.056481
0 17847 0.379167 0.506019 0.050000 0.050926
0 17848 0.497656 0.602778 0.050521 0.057407
0 17849 0.387760 0.636574 0.046354 0.052778
0 17850 0.222656 0.456944 0.049479 0.054630
0 17851 0.438542 0.552315 0.047917 0.049074
0 17852 0.311719 0.465741 0.051562 0.050000
0 17853 0.520052 0.569444 0.046354 0.050000
0 17854 0.358073 0.550000 0.048438 0.051852
0 17855 0.631771 0.633796 0.046875 0.052778
0 17856 0.585156 0.341204 0.050521 0.060185
