0 19177 0.552083 0.629167 0.047917 0.049074
0 19178 0.544531 0.501852 0.046354 0.051852
0 19179 0.381250 0.625926 0.045833 0.051852
0 19180 0.478125 0.476389 0.047917 0.049074
0 19181 0.440104 0.405556 0.047917 0.051852
0 19182 0.428385 0.549537 0.051562 0.052778
0 19183 0.526042 0.654630 0.044792 0.046296
0 19184 0.304167 0.624537 0.045833 0.047222
0 19185 0.438542 0.658796 0.044792 0.049074
0 19186 0.595313 0.453704 0.048958 0.053704
0 19187 0.450781 0.516204 0.046354 0.045370
0 19188 0.534635 0.427778 0.048438 0.055556
0 19189 0.390365 0.482407 0.045312 0.053704
0 19190 0.508594 0.458333 0.045312 0.053704
0 19191 0.345833 0.550463 0.045833 0.041667
0 19192 0.327083 0.592593 0.045833 0.046296
0 19193 0.360677 0.666204 0.046354 0.052778
0 19194 0.188542 0.501852 0.047917 0.051852
0 19195 0.405729 0.593981 0.047917 0.049074
0 19196 0.274740 0.505556 0.051562 0.050000
0 19197 0.485417 0.610648 0.045833 0.047222
0 19198 0.465104 0.625926 0.048958 0.048148
0 19199 0.250781 0.556019 0.043229 0.050926
0 19200 0.607031 0.638889 0.046354 0.050000
