0 17473 0.615625 0.581944 0.047917 0.056481
0 17474 0.617188 0.413426 0.048958 0.056481
0 17475 0.440104 0.562037 0.045833 0.051852
0 17476 0.569792 0.375000 0.050000 0.055556
0 17477 0.529167 0.255556 0.048958 0.057407
0 17478 0.503906 0.472685 0.051562 0.052778
0 17479 0.584635 0.613426 0.046354 0.050926
0 17480 0.359375 0.557407 0.048958 0.053704
0 17481 0.249219 0.418056 0.051562 0.052778
0 17482 0.691406 0.314815 0.050521 0.066667
0 17483 0.531771 0.422685 0.045833 0.052778
0 17484 0.309375 0.485185 0.048958 0.051852
0 17485 0.467969 0.386111 0.045312 0.053704
0 17486 0.596615 0.335648 0.048438 0.054630
0 17487 0.410417 0.469907 0.050000 0.050926
0 17488 0.528385 0.570370 0.050521 0.057407
0 17489 0.417448 0.608796 0.046354 0.052778
0 17490 0.498958 0.611111 0.047917 0.050000
0 17491 0.469271 0.519907 0.047917 0.049074
0 17492 0.338021 0.428704 0.051042 0.050000
0 17493 0.550781 0.528704 0.046354 0.050000
0 17494 0.385677 0.516667 0.048438 0.051852
0 17495 0.667188 0.604167 0.046875 0.054630
0 17496 0.624479 0.273148 0.051042 0.064815
