0 18673 0.566667 0.608796 0.047917 0.049074
0 18674 0.562500 0.474537 0.044792 0.052778
0 18675 0.405208 0.595370 0.045833 0.051852
0 18676 0.505208 0.447685 0.047917 0.049074
0 18677 0.468229 0.367593 0.047917 0.051852
0 18678 0.452344 0.521759 0.051562 0.052778
0 18679 0.542969 0.625926 0.045312 0.046296
0 18680 0.331250 0.589815 0.046875 0.050000
0 18681 0.459896 0.630093 0.044792 0.049074
0 18682 0.617448 0.423148 0.048438 0.055556
0 18683 0.476302 0.481019 0.046354 0.045370
0 18684 0.559635 0.394444 0.048438 0.055556
0 18685 0.417448 0.449074 0.045312 0.053704
0 18686 0.534896 0.426389 0.045833 0.054630
0 18687 0.372396 0.518981 0.048958 0.049074
0 18688 0.352865 0.556481 0.048438 0.051852
0 18689 0.384635 0.632870 0.046354 0.052778
0 18690 0.224219 0.467130 0.048438 0.052778
0 18691 0.429688 0.558796 0.047917 0.049074
0 18692 0.306510 0.480556 0.051562 0.050000
0 18693 0.505990 0.579630 0.046354 0.050000
0 18694 0.486719 0.596296 0.048438 0.046296
0 18695 0.283073 0.526389 0.043229 0.050926
0 18696 0.619010 0.620833 0.045312 0.049074
