0 18577 0.568750 0.611574 0.047917 0.050926
0 18578 0.565104 0.474074 0.045833 0.053704
0 18579 0.406771 0.595370 0.045833 0.051852
0 18580 0.508854 0.448611 0.047917 0.049074
0 18581 0.471354 0.363889 0.047917 0.051852
0 18582 0.453385 0.522685 0.051562 0.052778
0 18583 0.544792 0.628704 0.045833 0.046296
0 18584 0.331771 0.589815 0.046875 0.050000
0 18585 0.461458 0.631019 0.044792 0.049074
0 18586 0.621354 0.420833 0.048958 0.056481
0 18587 0.478385 0.479630 0.046354 0.046296
0 18588 0.562760 0.391667 0.048438 0.055556
0 18589 0.419531 0.449074 0.045312 0.053704
0 18590 0.538542 0.424074 0.046875 0.055556
0 18591 0.374479 0.518981 0.050000 0.050926
0 18592 0.353385 0.556481 0.048438 0.051852
0 18593 0.385677 0.634722 0.046354 0.052778
0 18594 0.224219 0.468519 0.046354 0.051852
0 18595 0.430729 0.558796 0.047917 0.049074
0 18596 0.306510 0.479630 0.051562 0.050000
0 18597 0.507552 0.579630 0.046354 0.050000
0 18598 0.487760 0.598611 0.048438 0.047222
0 18599 0.283594 0.527315 0.043229 0.050926
0 18600 0.621094 0.624537 0.045312 0.049074
