0 18097 0.573958 0.618981 0.047917 0.052778
0 18098 0.573438 0.471759 0.048958 0.056481
0 18099 0.406771 0.599074 0.045833 0.051852
0 18100 0.521354 0.443981 0.048958 0.054630
0 18101 0.481771 0.339815 0.048958 0.057407
0 18102 0.457552 0.525463 0.051562 0.052778
0 18103 0.548177 0.643519 0.046354 0.050000
0 18104 0.330729 0.592593 0.046875 0.050000
0 18105 0.221875 0.468056 0.046875 0.054630
0 18106 0.637240 0.399074 0.051562 0.059259
0 18107 0.487500 0.480093 0.045833 0.052778
0 18108 0.573958 0.367593 0.048958 0.059259
0 18109 0.426302 0.449074 0.045312 0.053704
0 18110 0.549219 0.411574 0.047396 0.056481
0 18111 0.373958 0.518056 0.050000 0.050926
0 18112 0.491927 0.606944 0.049479 0.050926
0 18113 0.384635 0.644907 0.046354 0.052778
0 18114 0.464062 0.639815 0.047917 0.050000
0 18115 0.432812 0.558796 0.047917 0.049074
0 18116 0.306510 0.479630 0.051562 0.050000
0 18117 0.513281 0.579630 0.046354 0.050000
0 18118 0.354427 0.558333 0.048438 0.051852
0 18119 0.280469 0.528241 0.047396 0.050926
0 18120 0.625260 0.638426 0.046354 0.050926
