0 17953 0.576562 0.616667 0.047917 0.053704
0 17954 0.575521 0.466204 0.048958 0.056481
0 17955 0.408333 0.595370 0.045833 0.051852
0 17956 0.526302 0.435185 0.049479 0.055556
0 17957 0.486979 0.327778 0.048958 0.057407
0 17958 0.461719 0.520833 0.051562 0.052778
0 17959 0.549740 0.642130 0.046354 0.050926
0 17960 0.330729 0.589815 0.046875 0.050000
0 17961 0.220312 0.462037 0.047917 0.053704
0 17962 0.642448 0.387963 0.051562 0.059259
0 17963 0.491146 0.473611 0.045833 0.052778
0 17964 0.280729 0.525000 0.048958 0.051852
0 17965 0.427865 0.440741 0.045312 0.053704
0 17966 0.553646 0.401389 0.047917 0.056481
0 17967 0.375000 0.513426 0.050000 0.050926
0 17968 0.493490 0.606019 0.049479 0.050926
0 17969 0.384635 0.641204 0.046354 0.052778
0 17970 0.465625 0.638889 0.047917 0.050000
0 17971 0.435937 0.555093 0.047917 0.049074
0 17972 0.307031 0.472222 0.051562 0.050000
0 17973 0.514323 0.575926 0.046354 0.050000
0 17974 0.354427 0.556481 0.048438 0.051852
0 17975 0.627604 0.636574 0.046875 0.052778
0 17976 0.579167 0.354167 0.050000 0.060185
