0 19201 0.550000 0.631944 0.047917 0.049074
0 19202 0.542188 0.505556 0.046875 0.051852
0 19203 0.378125 0.629630 0.045833 0.051852
0 19204 0.475000 0.480093 0.047917 0.049074
0 19205 0.436979 0.409259 0.047917 0.051852
0 19206 0.425260 0.552315 0.051562 0.052778
0 19207 0.523958 0.658333 0.044792 0.046296
0 19208 0.300521 0.628241 0.045833 0.047222
0 19209 0.435417 0.663426 0.044792 0.049074
0 19210 0.593490 0.457407 0.049479 0.053704
0 19211 0.448177 0.519907 0.046354 0.045370
0 19212 0.532031 0.431481 0.048438 0.055556
0 19213 0.387760 0.486111 0.045312 0.053704
0 19214 0.505990 0.461111 0.045312 0.053704
0 19215 0.342708 0.554167 0.045833 0.041667
0 19216 0.323958 0.596296 0.045833 0.046296
0 19217 0.357552 0.669907 0.046354 0.052778
0 19218 0.184375 0.503704 0.047917 0.051852
0 19219 0.402604 0.597685 0.047917 0.049074
0 19220 0.270052 0.508333 0.051562 0.050000
0 19221 0.482812 0.614352 0.045833 0.047222
0 19222 0.462760 0.629630 0.049479 0.048148
0 19223 0.247135 0.559722 0.043229 0.050926
0 19224 0.605208 0.642130 0.046875 0.050926
