0 18481 0.570833 0.614352 0.047917 0.052778
0 18482 0.566927 0.473611 0.047396 0.054630
0 18483 0.407292 0.596296 0.045833 0.051852
0 18484 0.511979 0.448611 0.047917 0.049074
0 18485 0.475000 0.359259 0.047917 0.051852
0 18486 0.454427 0.523611 0.051562 0.052778
0 18487 0.546615 0.631481 0.046354 0.046296
0 18488 0.331771 0.589815 0.046875 0.050000
0 18489 0.462760 0.634722 0.045312 0.049074
0 18490 0.625260 0.418056 0.050521 0.058333
0 18491 0.480990 0.481019 0.046354 0.049074
0 18492 0.565365 0.387500 0.048438 0.056481
0 18493 0.421615 0.449074 0.045312 0.053704
0 18494 0.541406 0.422685 0.047396 0.056481
0 18495 0.375521 0.520833 0.050000 0.050926
0 18496 0.353906 0.556481 0.048438 0.051852
0 18497 0.386719 0.636574 0.046354 0.052778
0 18498 0.225000 0.467593 0.047917 0.053704
0 18499 0.431250 0.558796 0.047917 0.049074
0 18500 0.307031 0.479630 0.051562 0.050000
0 18501 0.509635 0.580556 0.046354 0.050000
0 18502 0.489583 0.602315 0.048958 0.049074
0 18503 0.284115 0.527315 0.043229 0.050926
0 18504 0.622135 0.628241 0.045312 0.049074
