0 17857 0.579688 0.612500 0.047917 0.056481
0 17858 0.580208 0.459722 0.048958 0.056481
0 17859 0.410417 0.591667 0.045833 0.051852
0 17860 0.529948 0.426852 0.049479 0.055556
0 17861 0.491146 0.319444 0.048958 0.057407
0 17862 0.464844 0.518056 0.051562 0.052778
0 17863 0.551302 0.641204 0.046354 0.050926
0 17864 0.331510 0.587037 0.047396 0.050000
0 17865 0.467708 0.637963 0.047917 0.050000
0 17866 0.649219 0.377778 0.051562 0.059259
0 17867 0.493750 0.468981 0.045833 0.052778
0 17868 0.281771 0.521296 0.048958 0.051852
0 17869 0.433073 0.433333 0.045312 0.053704
0 17870 0.557031 0.393056 0.048438 0.056481
0 17871 0.378646 0.506944 0.050000 0.050926
0 17872 0.496094 0.604630 0.050521 0.057407
0 17873 0.387240 0.637500 0.046354 0.052778
0 17874 0.221875 0.457407 0.048958 0.053704
0 17875 0.438021 0.552315 0.047917 0.049074
0 17876 0.310156 0.467593 0.051562 0.050000
0 17877 0.519010 0.571296 0.046354 0.050000
0 17878 0.357031 0.551852 0.048438 0.051852
0 17879 0.630208 0.634722 0.046875 0.052778
0 17880 0.583073 0.343981 0.050521 0.060185
