0 19393 0.538021 0.663426 0.047917 0.052778
0 19394 0.526823 0.530556 0.047396 0.053704
0 19395 0.356510 0.659722 0.047396 0.049074
0 19396 0.454688 0.510648 0.047917 0.049074
0 19397 0.413281 0.439815 0.050521 0.053704
0 19398 0.408073 0.582870 0.051562 0.052778
0 19399 0.509896 0.692593 0.045833 0.046296
0 19400 0.276042 0.662500 0.045833 0.047222
0 19401 0.417187 0.696759 0.046875 0.049074
0 19402 0.577604 0.481019 0.052083 0.052778
0 19403 0.427865 0.550926 0.047396 0.046296
0 19404 0.516406 0.462037 0.048438 0.055556
0 19405 0.365104 0.516204 0.047917 0.054630
0 19406 0.485677 0.485185 0.046354 0.053704
0 19407 0.318229 0.587500 0.045833 0.041667
0 19408 0.298958 0.625926 0.045833 0.046296
0 19409 0.336198 0.698611 0.046354 0.052778
0 19410 0.154688 0.537963 0.048958 0.053704
0 19411 0.381250 0.624537 0.047917 0.049074
0 19412 0.244792 0.539815 0.052083 0.051852
0 19413 0.466406 0.642593 0.047396 0.048148
0 19414 0.442448 0.661111 0.051562 0.050000
0 19415 0.220052 0.594444 0.047396 0.050000
0 19416 0.594792 0.674537 0.046875 0.050926
