0 17593 0.605729 0.593981 0.047917 0.056481
0 17594 0.605208 0.432870 0.048958 0.056481
0 17595 0.431250 0.574074 0.045833 0.051852
0 17596 0.558333 0.396296 0.050000 0.055556
0 17597 0.517708 0.279630 0.048958 0.057407
0 17598 0.491406 0.491204 0.051562 0.052778
0 17599 0.574740 0.625463 0.046354 0.050926
0 17600 0.351042 0.571296 0.048958 0.053704
0 17601 0.241406 0.435648 0.050521 0.054630
0 17602 0.676823 0.337037 0.050521 0.064815
0 17603 0.520312 0.443056 0.045833 0.052778
0 17604 0.301563 0.502778 0.048958 0.051852
0 17605 0.457031 0.405556 0.045312 0.053704
0 17606 0.585677 0.358796 0.048438 0.056481
0 17607 0.399479 0.485648 0.050000 0.050926
0 17608 0.517448 0.585185 0.050521 0.057407
0 17609 0.408073 0.619907 0.046354 0.052778
0 17610 0.489063 0.624074 0.047917 0.050000
0 17611 0.459896 0.533796 0.047917 0.049074
0 17612 0.329427 0.446296 0.051562 0.050000
0 17613 0.540104 0.547222 0.047917 0.051852
0 17614 0.375781 0.531481 0.048438 0.051852
0 17615 0.655729 0.618519 0.044792 0.053704
0 17616 0.611198 0.297222 0.050521 0.062963
