0 18553 0.569271 0.611574 0.047917 0.050926
0 18554 0.565365 0.474074 0.046354 0.053704
0 18555 0.407292 0.596296 0.045833 0.051852
0 18556 0.509375 0.448611 0.047917 0.049074
0 18557 0.472396 0.362037 0.047917 0.051852
0 18558 0.453906 0.522685 0.051562 0.052778
0 18559 0.545312 0.628704 0.045833 0.046296
0 18560 0.331771 0.589815 0.046875 0.050000
0 18561 0.461979 0.631944 0.044792 0.049074
0 18562 0.622135 0.420370 0.049479 0.057407
0 18563 0.478906 0.480093 0.046354 0.047222
0 18564 0.563281 0.389815 0.048438 0.055556
0 18565 0.420052 0.449074 0.045312 0.053704
0 18566 0.539062 0.423148 0.046875 0.055556
0 18567 0.374479 0.518981 0.050000 0.050926
0 18568 0.353385 0.556481 0.048438 0.051852
0 18569 0.386198 0.634722 0.046354 0.052778
0 18570 0.224479 0.468056 0.046875 0.052778
0 18571 0.430729 0.558796 0.047917 0.049074
0 18572 0.307031 0.479630 0.051562 0.050000
0 18573 0.508073 0.580556 0.046354 0.050000
0 18574 0.488281 0.600000 0.048438 0.048148
0 18575 0.284115 0.527315 0.043229 0.050926
0 18576 0.621615 0.625463 0.045312 0.049074
