0 19489 0.535417 0.671296 0.048958 0.053704
0 19490 0.522656 0.540741 0.047396 0.053704
0 19491 0.350260 0.670370 0.049479 0.046296
0 19492 0.450521 0.519907 0.048958 0.050926
0 19493 0.408073 0.447222 0.051562 0.053704
0 19494 0.401823 0.593981 0.051562 0.052778
0 19495 0.507812 0.704167 0.046875 0.047222
0 19496 0.268229 0.674537 0.045833 0.047222
0 19497 0.413542 0.706019 0.047917 0.049074
0 19498 0.575260 0.487963 0.053646 0.055556
0 19499 0.423958 0.558333 0.048958 0.048148
0 19500 0.511719 0.470833 0.048438 0.054630
0 19501 0.358333 0.527315 0.050000 0.056481
0 19502 0.480469 0.496296 0.047396 0.053704
0 19503 0.312500 0.595833 0.045833 0.041667
0 19504 0.290625 0.637037 0.045833 0.046296
0 19505 0.327865 0.712500 0.046354 0.052778
0 19506 0.144531 0.543519 0.049479 0.053704
0 19507 0.375000 0.633796 0.047917 0.049074
0 19508 0.235677 0.549074 0.052604 0.053704
0 19509 0.461979 0.653704 0.048958 0.050000
0 19510 0.439063 0.670833 0.053125 0.052778
0 19511 0.210677 0.603704 0.047396 0.050000
0 19512 0.594792 0.681944 0.047917 0.052778
