0 18385 0.571354 0.615278 0.047917 0.052778
0 18386 0.569271 0.474537 0.048958 0.056481
0 18387 0.407813 0.597222 0.045833 0.051852
0 18388 0.514844 0.449074 0.047396 0.050000
0 18389 0.477083 0.355556 0.047917 0.053704
0 18390 0.455469 0.524537 0.051562 0.052778
0 18391 0.547135 0.636111 0.046354 0.046296
0 18392 0.331250 0.590741 0.046875 0.050000
0 18393 0.463281 0.636574 0.046354 0.049074
0 18394 0.628906 0.414815 0.051562 0.059259
0 18395 0.483073 0.481481 0.046354 0.051852
0 18396 0.568490 0.384722 0.048438 0.058333
0 18397 0.423177 0.449074 0.045312 0.053704
0 18398 0.543490 0.421759 0.047396 0.056481
0 18399 0.375521 0.520833 0.050000 0.050926
0 18400 0.354427 0.557407 0.048438 0.051852
0 18401 0.386198 0.638426 0.046354 0.052778
0 18402 0.225000 0.468519 0.047917 0.053704
0 18403 0.432292 0.558796 0.047917 0.049074
0 18404 0.307552 0.479630 0.051562 0.050000
0 18405 0.510677 0.581481 0.046354 0.050000
0 18406 0.490885 0.604167 0.049479 0.050926
0 18407 0.283073 0.528241 0.043229 0.050926
0 18408 0.623177 0.632870 0.045312 0.049074
