0 19057 0.561979 0.615278 0.047917 0.049074
0 19058 0.553125 0.487500 0.045833 0.050926
0 19059 0.394792 0.609259 0.045833 0.051852
0 19060 0.491146 0.463426 0.047917 0.049074
0 19061 0.452604 0.392593 0.047917 0.051852
0 19062 0.443490 0.532870 0.051562 0.052778
0 19063 0.536458 0.637037 0.044792 0.046296
0 19064 0.320833 0.606944 0.045833 0.047222
0 19065 0.450521 0.643056 0.044792 0.049074
0 19066 0.605990 0.439815 0.048438 0.053704
0 19067 0.464844 0.497685 0.046354 0.045370
0 19068 0.546615 0.413889 0.048438 0.055556
0 19069 0.405469 0.466667 0.045312 0.053704
0 19070 0.521615 0.443519 0.045312 0.053704
0 19071 0.360938 0.537500 0.045833 0.041667
0 19072 0.342708 0.574074 0.045833 0.046296
0 19073 0.375781 0.646759 0.046354 0.052778
0 19074 0.210938 0.487963 0.047917 0.051852
0 19075 0.420312 0.577315 0.047917 0.049074
0 19076 0.294010 0.491667 0.051562 0.050000
0 19077 0.496354 0.593981 0.045833 0.047222
0 19078 0.476562 0.608796 0.047917 0.047222
0 19079 0.271094 0.541204 0.043229 0.050926
0 19080 0.614583 0.625463 0.045833 0.049074
