0 18313 0.571875 0.616204 0.047917 0.052778
0 18314 0.570312 0.474537 0.048958 0.056481
0 18315 0.407813 0.598148 0.045833 0.051852
0 18316 0.516667 0.450000 0.046875 0.051852
0 18317 0.478385 0.352315 0.048438 0.056481
0 18318 0.456510 0.525463 0.051562 0.052778
0 18319 0.548177 0.640741 0.046354 0.046296
0 18320 0.331250 0.591667 0.046875 0.050000
0 18321 0.463802 0.638426 0.047396 0.049074
0 18322 0.630469 0.411111 0.051562 0.059259
0 18323 0.484896 0.481944 0.045833 0.052778
0 18324 0.569531 0.381481 0.048438 0.059259
0 18325 0.423698 0.449074 0.045312 0.053704
0 18326 0.545573 0.421759 0.047396 0.056481
0 18327 0.376042 0.520833 0.050000 0.050926
0 18328 0.355469 0.560185 0.048438 0.051852
0 18329 0.386198 0.640278 0.046354 0.052778
0 18330 0.223958 0.468981 0.047917 0.052778
0 18331 0.432812 0.558796 0.047917 0.049074
0 18332 0.307552 0.479630 0.051562 0.050000
0 18333 0.511719 0.581481 0.046354 0.050000
0 18334 0.490885 0.604167 0.049479 0.050926
0 18335 0.282552 0.528241 0.043229 0.050926
0 18336 0.623698 0.635648 0.045312 0.049074
