0 18505 0.570312 0.612963 0.047917 0.051852
0 18506 0.566667 0.473611 0.046875 0.054630
0 18507 0.407292 0.596296 0.045833 0.051852
0 18508 0.510938 0.448611 0.047917 0.049074
0 18509 0.473958 0.360185 0.047917 0.051852
0 18510 0.454427 0.523611 0.051562 0.052778
0 18511 0.546615 0.630556 0.046354 0.046296
0 18512 0.331771 0.589815 0.046875 0.050000
0 18513 0.462500 0.633796 0.044792 0.049074
0 18514 0.623958 0.418981 0.050000 0.058333
0 18515 0.480469 0.480556 0.046354 0.048148
0 18516 0.564844 0.388426 0.048438 0.056481
0 18517 0.421094 0.449074 0.045312 0.053704
0 18518 0.540885 0.422685 0.047396 0.056481
0 18519 0.375000 0.519907 0.050000 0.050926
0 18520 0.353906 0.556481 0.048438 0.051852
0 18521 0.386719 0.635648 0.046354 0.052778
0 18522 0.224740 0.467593 0.047396 0.053704
0 18523 0.431250 0.558796 0.047917 0.049074
0 18524 0.307031 0.479630 0.051562 0.050000
0 18525 0.509115 0.580556 0.046354 0.050000
0 18526 0.489063 0.602315 0.048958 0.049074
0 18527 0.284635 0.527315 0.043229 0.050926
0 18528 0.622135 0.627315 0.045312 0.049074
