0 18433 0.570833 0.614352 0.047917 0.052778
0 18434 0.568490 0.474074 0.048438 0.055556
0 18435 0.407292 0.597222 0.045833 0.051852
0 18436 0.513542 0.448611 0.047917 0.049074
0 18437 0.476042 0.357870 0.047917 0.052778
0 18438 0.454948 0.523611 0.051562 0.052778
0 18439 0.547135 0.634259 0.046354 0.046296
0 18440 0.331250 0.590741 0.046875 0.050000
0 18441 0.463021 0.635648 0.045833 0.049074
0 18442 0.627083 0.417593 0.051042 0.059259
0 18443 0.482031 0.480556 0.046354 0.050000
0 18444 0.566927 0.386111 0.048438 0.057407
0 18445 0.422135 0.449074 0.045312 0.053704
0 18446 0.542448 0.422685 0.047396 0.056481
0 18447 0.375521 0.520833 0.050000 0.050926
0 18448 0.353906 0.556481 0.048438 0.051852
0 18449 0.386719 0.637500 0.046354 0.052778
0 18450 0.225521 0.467593 0.048958 0.055556
0 18451 0.431771 0.558796 0.047917 0.049074
0 18452 0.307552 0.479630 0.051562 0.050000
0 18453 0.510677 0.581481 0.046354 0.050000
0 18454 0.490104 0.604630 0.048958 0.050000
0 18455 0.283594 0.528241 0.043229 0.050926
0 18456 0.622656 0.630093 0.045312 0.049074
