0 17545 0.609896 0.590278 0.047917 0.056481
0 17546 0.611458 0.426389 0.048958 0.056481
0 17547 0.435417 0.569444 0.045833 0.051852
0 17548 0.563021 0.387963 0.050000 0.055556
0 17549 0.522917 0.269444 0.048958 0.057407
0 17550 0.497135 0.483796 0.051562 0.052778
0 17551 0.579427 0.621759 0.046354 0.050926
0 17552 0.355208 0.566667 0.048958 0.053704
0 17553 0.245052 0.429167 0.051562 0.052778
0 17554 0.683073 0.328241 0.050521 0.065741
0 17555 0.525521 0.435648 0.045833 0.052778
0 17556 0.305729 0.499074 0.048958 0.051852
0 17557 0.462760 0.400000 0.045312 0.053704
0 17558 0.590365 0.350000 0.048438 0.055556
0 17559 0.404687 0.480093 0.050000 0.050926
0 17560 0.522656 0.579630 0.050521 0.057407
0 17561 0.412240 0.616204 0.046354 0.052778
0 17562 0.493750 0.620370 0.047917 0.050000
0 17563 0.464062 0.528241 0.047917 0.049074
0 17564 0.335156 0.440741 0.051562 0.050000
0 17565 0.546094 0.541667 0.048438 0.051852
0 17566 0.380469 0.525926 0.048438 0.051852
0 17567 0.660937 0.612963 0.045833 0.053704
0 17568 0.616927 0.287500 0.050521 0.063889
