0 18361 0.571354 0.615278 0.047917 0.052778
0 18362 0.569792 0.474537 0.048958 0.056481
0 18363 0.407813 0.598148 0.045833 0.051852
0 18364 0.515104 0.449074 0.046875 0.050000
0 18365 0.477344 0.354167 0.048438 0.054630
0 18366 0.455990 0.524537 0.051562 0.052778
0 18367 0.547656 0.637963 0.046354 0.046296
0 18368 0.331250 0.591667 0.046875 0.050000
0 18369 0.463542 0.637500 0.046875 0.049074
0 18370 0.629427 0.413889 0.051562 0.059259
0 18371 0.483333 0.481944 0.045833 0.052778
0 18372 0.569010 0.384259 0.048438 0.059259
0 18373 0.423698 0.449074 0.045312 0.053704
0 18374 0.544010 0.421759 0.047396 0.056481
0 18375 0.375521 0.520833 0.050000 0.050926
0 18376 0.354948 0.558333 0.048438 0.051852
0 18377 0.386198 0.639352 0.046354 0.052778
0 18378 0.225000 0.469444 0.047917 0.053704
0 18379 0.432292 0.558796 0.047917 0.049074
0 18380 0.307552 0.479630 0.051562 0.050000
0 18381 0.511198 0.581481 0.046354 0.050000
0 18382 0.490885 0.603241 0.049479 0.050926
0 18383 0.283073 0.528241 0.043229 0.050926
0 18384 0.623177 0.633796 0.045312 0.049074
