0 17449 0.616667 0.577315 0.047917 0.056481
0 17450 0.618750 0.408796 0.048958 0.056481
0 17451 0.440625 0.558333 0.045833 0.051852
0 17452 0.571354 0.370370 0.050000 0.055556
0 17453 0.530729 0.250000 0.048958 0.057407
0 17454 0.504948 0.468981 0.051562 0.052778
0 17455 0.585677 0.610648 0.046354 0.050926
0 17456 0.359896 0.553241 0.048958 0.052778
0 17457 0.249740 0.413426 0.051562 0.052778
0 17458 0.694010 0.310185 0.050521 0.066667
0 17459 0.532813 0.418981 0.045833 0.052778
0 17460 0.310417 0.481481 0.048958 0.051852
0 17461 0.469010 0.381481 0.045312 0.053704
0 17462 0.598177 0.330556 0.048438 0.053704
0 17463 0.410938 0.465278 0.050000 0.050926
0 17464 0.528906 0.566667 0.050521 0.057407
0 17465 0.417969 0.606019 0.046354 0.052778
0 17466 0.499479 0.608333 0.047917 0.050000
0 17467 0.470313 0.516204 0.047917 0.049074
0 17468 0.338542 0.424074 0.051042 0.050000
0 17469 0.551823 0.525000 0.046354 0.050000
0 17470 0.386198 0.512963 0.048438 0.051852
0 17471 0.668229 0.600463 0.046875 0.054630
0 17472 0.626042 0.268981 0.051042 0.063889
