0 18193 0.572917 0.618056 0.047917 0.052778
0 18194 0.571875 0.474537 0.048958 0.056481
0 18195 0.407292 0.599074 0.045833 0.051852
0 18196 0.519271 0.445833 0.047917 0.052778
0 18197 0.480208 0.345370 0.048958 0.057407
0 18198 0.457031 0.525463 0.051562 0.052778
0 18199 0.548177 0.642593 0.046354 0.048148
0 18200 0.330729 0.592593 0.046875 0.050000
0 18201 0.464062 0.639815 0.047917 0.050000
0 18202 0.633594 0.405556 0.051562 0.059259
0 18203 0.485938 0.481944 0.045833 0.052778
0 18204 0.571615 0.374074 0.048438 0.059259
0 18205 0.425260 0.449074 0.045312 0.053704
0 18206 0.547656 0.416204 0.047396 0.056481
0 18207 0.376042 0.520833 0.050000 0.050926
0 18208 0.354948 0.559259 0.048438 0.051852
0 18209 0.385156 0.642130 0.046354 0.052778
0 18210 0.222396 0.468056 0.047917 0.052778
0 18211 0.432812 0.558796 0.047917 0.049074
0 18212 0.307031 0.479630 0.051562 0.050000
0 18213 0.512760 0.581481 0.046354 0.050000
0 18214 0.490885 0.606944 0.049479 0.050926
0 18215 0.281510 0.528241 0.045312 0.050926
0 18216 0.624479 0.637963 0.045833 0.050000
