0 18289 0.571875 0.616204 0.047917 0.052778
0 18290 0.570833 0.474537 0.048958 0.056481
0 18291 0.408333 0.599074 0.045833 0.051852
0 18292 0.516667 0.449074 0.046875 0.051852
0 18293 0.479167 0.351852 0.048958 0.057407
0 18294 0.456510 0.525463 0.051562 0.052778
0 18295 0.548177 0.640741 0.046354 0.046296
0 18296 0.331250 0.592593 0.046875 0.050000
0 18297 0.464062 0.639815 0.047917 0.050000
0 18298 0.631510 0.410185 0.051562 0.059259
0 18299 0.484896 0.481944 0.045833 0.052778
0 18300 0.570052 0.379630 0.048438 0.059259
0 18301 0.424219 0.449074 0.045312 0.053704
0 18302 0.545573 0.419907 0.047396 0.056481
0 18303 0.376042 0.520833 0.050000 0.050926
0 18304 0.355469 0.560185 0.048438 0.051852
0 18305 0.385677 0.640278 0.046354 0.052778
0 18306 0.223958 0.468981 0.047917 0.052778
0 18307 0.432812 0.558796 0.047917 0.049074
0 18308 0.307552 0.479630 0.051562 0.050000
0 18309 0.511719 0.581481 0.046354 0.050000
0 18310 0.490885 0.605093 0.049479 0.050926
0 18311 0.282031 0.528241 0.043229 0.050926
0 18312 0.624219 0.637500 0.045312 0.049074
