0 18985 0.562500 0.606944 0.047917 0.049074
0 18986 0.554948 0.481944 0.045312 0.050926
0 18987 0.401042 0.600000 0.045833 0.051852
0 18988 0.495312 0.457870 0.047917 0.049074
0 18989 0.459375 0.386111 0.047917 0.051852
0 18990 0.448177 0.526389 0.051562 0.052778
0 18991 0.538281 0.628704 0.044271 0.046296
0 18992 0.328125 0.596759 0.045833 0.047222
0 18993 0.454688 0.634722 0.044792 0.049074
0 18994 0.607552 0.435185 0.048438 0.053704
0 18995 0.468490 0.492130 0.046354 0.045370
0 18996 0.549219 0.409259 0.048438 0.055556
0 18997 0.410156 0.459259 0.045312 0.053704
0 18998 0.524740 0.437037 0.045312 0.053704
0 18999 0.366667 0.530093 0.045833 0.041667
0 19000 0.347917 0.564815 0.046875 0.048148
0 19001 0.381510 0.635648 0.046354 0.052778
0 19002 0.221354 0.477778 0.047917 0.051852
0 19003 0.424479 0.566204 0.047917 0.049074
0 19004 0.301823 0.486111 0.051562 0.050000
0 19005 0.499479 0.585648 0.045833 0.047222
0 19006 0.479167 0.603241 0.047917 0.047222
0 19007 0.279427 0.532870 0.043229 0.050926
0 19008 0.614844 0.618056 0.045312 0.049074
