0 17785 0.584375 0.607870 0.047917 0.056481
0 17786 0.584375 0.455093 0.048958 0.056481
0 17787 0.413021 0.587963 0.045833 0.051852
0 17788 0.536979 0.424074 0.050000 0.055556
0 17789 0.495312 0.311111 0.048958 0.057407
0 17790 0.471094 0.513426 0.051562 0.052778
0 17791 0.555469 0.639352 0.046354 0.050926
0 17792 0.334115 0.582870 0.048438 0.052778
0 17793 0.471354 0.637963 0.047917 0.050000
0 17794 0.653906 0.369444 0.051562 0.059259
0 17795 0.500000 0.463426 0.045833 0.052778
0 17796 0.284375 0.517593 0.048958 0.051852
0 17797 0.437240 0.427778 0.045312 0.053704
0 17798 0.564063 0.387500 0.048958 0.056481
0 17799 0.382292 0.502315 0.050000 0.050926
0 17800 0.500781 0.600000 0.050521 0.057407
0 17801 0.390365 0.634722 0.046354 0.052778
0 17802 0.225000 0.451852 0.048958 0.053704
0 17803 0.441146 0.548611 0.047917 0.049074
0 17804 0.314323 0.462037 0.051562 0.050000
0 17805 0.522135 0.566667 0.046354 0.050000
0 17806 0.359635 0.547222 0.048438 0.051852
0 17807 0.635417 0.632870 0.046875 0.052778
0 17808 0.588802 0.335648 0.050521 0.060185
