0 18457 0.570833 0.614352 0.047917 0.052778
0 18458 0.567708 0.474074 0.047917 0.055556
0 18459 0.407292 0.597222 0.045833 0.051852
0 18460 0.513021 0.448611 0.047917 0.049074
0 18461 0.476042 0.358333 0.047917 0.051852
0 18462 0.454948 0.523611 0.051562 0.052778
0 18463 0.546615 0.632407 0.046354 0.046296
0 18464 0.331771 0.590741 0.046875 0.050000
0 18465 0.462760 0.634722 0.045312 0.049074
0 18466 0.625781 0.417130 0.050521 0.058333
0 18467 0.481510 0.480556 0.046354 0.050000
0 18468 0.566406 0.387037 0.048438 0.057407
0 18469 0.421615 0.449074 0.045312 0.053704
0 18470 0.541927 0.422685 0.047396 0.056481
0 18471 0.375521 0.520833 0.050000 0.050926
0 18472 0.353906 0.556481 0.048438 0.051852
0 18473 0.386719 0.636574 0.046354 0.052778
0 18474 0.225260 0.467130 0.048438 0.054630
0 18475 0.431771 0.558796 0.047917 0.049074
0 18476 0.307031 0.479630 0.051562 0.050000
0 18477 0.510156 0.580556 0.046354 0.050000
0 18478 0.489583 0.603704 0.048958 0.050000
0 18479 0.284115 0.527315 0.043229 0.050926
0 18480 0.622656 0.629167 0.045312 0.049074
