0 19153 0.554688 0.626389 0.047917 0.049074
0 19154 0.546615 0.499074 0.046354 0.051852
0 19155 0.384375 0.622222 0.045833 0.051852
0 19156 0.481771 0.473611 0.047917 0.049074
0 19157 0.443229 0.401852 0.047917 0.051852
0 19158 0.431510 0.545833 0.051562 0.052778
0 19159 0.528125 0.650926 0.044792 0.046296
0 19160 0.307812 0.621759 0.045833 0.047222
0 19161 0.441146 0.655093 0.044792 0.049074
0 19162 0.597917 0.450926 0.048958 0.053704
0 19163 0.453385 0.512500 0.046354 0.045370
0 19164 0.536719 0.425000 0.048438 0.055556
0 19165 0.393490 0.479630 0.045312 0.053704
0 19166 0.511719 0.454630 0.045312 0.053704
0 19167 0.349479 0.547685 0.045833 0.041667
0 19168 0.330729 0.587963 0.045833 0.046296
0 19169 0.363802 0.662500 0.046354 0.052778
0 19170 0.193229 0.500926 0.047917 0.051852
0 19171 0.408333 0.590278 0.047917 0.049074
0 19172 0.279427 0.502778 0.051562 0.050000
0 19173 0.488542 0.606944 0.045833 0.047222
0 19174 0.467448 0.622222 0.048438 0.048148
0 19175 0.254427 0.552315 0.043229 0.050926
0 19176 0.609115 0.636111 0.046354 0.050000
