0 17689 0.593750 0.601389 0.047917 0.056481
0 17690 0.593750 0.445833 0.048958 0.056481
0 17691 0.421354 0.583333 0.045833 0.051852
0 17692 0.545833 0.408333 0.050000 0.055556
0 17693 0.506771 0.296296 0.048958 0.057407
0 17694 0.479948 0.505093 0.051562 0.052778
0 17695 0.565365 0.633796 0.046354 0.050926
0 17696 0.342187 0.576852 0.048958 0.053704
0 17697 0.231771 0.445370 0.052083 0.055556
0 17698 0.664583 0.354167 0.051042 0.062037
0 17699 0.509375 0.454167 0.045833 0.052778
0 17700 0.291146 0.512037 0.048958 0.051852
0 17701 0.445573 0.417593 0.045312 0.053704
0 17702 0.574219 0.373611 0.048438 0.052778
0 17703 0.390104 0.494907 0.050000 0.050926
0 17704 0.507552 0.595370 0.050521 0.057407
0 17705 0.398698 0.627315 0.046354 0.052778
0 17706 0.479687 0.632407 0.047917 0.050000
0 17707 0.448958 0.542130 0.047917 0.049074
0 17708 0.320052 0.456481 0.051562 0.050000
0 17709 0.528385 0.558333 0.046354 0.050000
0 17710 0.366406 0.540741 0.048438 0.051852
0 17711 0.645833 0.626389 0.044792 0.052778
0 17712 0.600260 0.316667 0.050521 0.061111
