0 17569 0.607812 0.592130 0.047917 0.056481
0 17570 0.608333 0.429167 0.048958 0.056481
0 17571 0.433333 0.572222 0.045833 0.051852
0 17572 0.560937 0.392593 0.050000 0.055556
0 17573 0.520312 0.274074 0.048958 0.057407
0 17574 0.494010 0.487500 0.051562 0.052778
0 17575 0.576823 0.623611 0.046354 0.050926
0 17576 0.353646 0.570370 0.048958 0.053704
0 17577 0.243490 0.433333 0.051562 0.053704
0 17578 0.679948 0.332407 0.050521 0.064815
0 17579 0.522917 0.440278 0.045833 0.052778
0 17580 0.303646 0.500926 0.048958 0.051852
0 17581 0.460156 0.402778 0.045312 0.053704
0 17582 0.588281 0.353704 0.048438 0.055556
0 17583 0.402083 0.482870 0.050000 0.050926
0 17584 0.520052 0.582407 0.050521 0.057407
0 17585 0.410156 0.618056 0.046354 0.052778
0 17586 0.491146 0.622222 0.047917 0.050000
0 17587 0.461979 0.531019 0.047917 0.049074
0 17588 0.332031 0.443519 0.051562 0.050000
0 17589 0.543229 0.544444 0.047917 0.051852
0 17590 0.377865 0.528704 0.048438 0.051852
0 17591 0.658594 0.615741 0.045312 0.053704
0 17592 0.614323 0.292130 0.050521 0.063889
