0 17641 0.599479 0.597685 0.047917 0.056481
0 17642 0.599479 0.439352 0.048958 0.056481
0 17643 0.426563 0.578704 0.045833 0.051852
0 17644 0.552083 0.401852 0.050000 0.055556
0 17645 0.513021 0.288889 0.048958 0.057407
0 17646 0.485677 0.497685 0.051562 0.052778
0 17647 0.570052 0.630093 0.046354 0.050926
0 17648 0.346875 0.574074 0.048958 0.053704
0 17649 0.236458 0.440278 0.051042 0.054630
0 17650 0.670833 0.345370 0.051042 0.062963
0 17651 0.515104 0.448611 0.045833 0.052778
0 17652 0.296354 0.505556 0.048958 0.051852
0 17653 0.451302 0.412037 0.045312 0.053704
0 17654 0.579948 0.366204 0.048438 0.054630
0 17655 0.394792 0.490278 0.050000 0.050926
0 17656 0.512240 0.589815 0.050521 0.057407
0 17657 0.403385 0.623611 0.046354 0.052778
0 17658 0.484375 0.627778 0.047917 0.050000
0 17659 0.455729 0.539352 0.047917 0.049074
0 17660 0.324219 0.451852 0.051562 0.050000
0 17661 0.534375 0.553241 0.046875 0.050926
0 17662 0.371094 0.536111 0.048438 0.051852
0 17663 0.651302 0.624074 0.044271 0.053704
0 17664 0.605469 0.306944 0.050521 0.062037
