0 18529 0.569792 0.612963 0.047917 0.051852
0 18530 0.566146 0.474537 0.046875 0.054630
0 18531 0.407292 0.596296 0.045833 0.051852
0 18532 0.510417 0.448611 0.047917 0.049074
0 18533 0.473438 0.361111 0.047917 0.051852
0 18534 0.453906 0.522685 0.051562 0.052778
0 18535 0.545833 0.629630 0.045833 0.046296
0 18536 0.331771 0.589815 0.046875 0.050000
0 18537 0.462500 0.633796 0.044792 0.049074
0 18538 0.623177 0.419444 0.049479 0.057407
0 18539 0.479427 0.480093 0.046354 0.047222
0 18540 0.564323 0.388889 0.048438 0.055556
0 18541 0.420573 0.449074 0.045312 0.053704
0 18542 0.540365 0.423611 0.047396 0.056481
0 18543 0.375000 0.519907 0.050000 0.050926
0 18544 0.353385 0.556481 0.048438 0.051852
0 18545 0.386719 0.635648 0.046354 0.052778
0 18546 0.224740 0.468056 0.047396 0.052778
0 18547 0.430729 0.558796 0.047917 0.049074
0 18548 0.307031 0.479630 0.051562 0.050000
0 18549 0.508594 0.580556 0.046354 0.050000
0 18550 0.488542 0.600926 0.048958 0.048148
0 18551 0.284115 0.527315 0.043229 0.050926
0 18552 0.622135 0.626389 0.045312 0.049074
