0 18217 0.572917 0.618056 0.047917 0.052778
0 18218 0.571875 0.474537 0.048958 0.056481
0 18219 0.407813 0.599074 0.045833 0.051852
0 18220 0.518750 0.446759 0.047917 0.052778
0 18221 0.480208 0.347222 0.048958 0.057407
0 18222 0.457031 0.525463 0.051562 0.052778
0 18223 0.548177 0.641667 0.046354 0.048148
0 18224 0.330729 0.592593 0.046875 0.050000
0 18225 0.464062 0.639815 0.047917 0.050000
0 18226 0.633073 0.406481 0.051562 0.059259
0 18227 0.485938 0.481944 0.045833 0.052778
0 18228 0.571615 0.375926 0.048438 0.059259
0 18229 0.424740 0.449074 0.045312 0.053704
0 18230 0.547135 0.417130 0.047396 0.056481
0 18231 0.376042 0.520833 0.050000 0.050926
0 18232 0.354948 0.559259 0.048438 0.051852
0 18233 0.385677 0.642130 0.046354 0.052778
0 18234 0.223177 0.468981 0.048438 0.052778
0 18235 0.432812 0.558796 0.047917 0.049074
0 18236 0.307552 0.479630 0.051562 0.050000
0 18237 0.512760 0.581481 0.046354 0.050000
0 18238 0.490885 0.606019 0.049479 0.050926
0 18239 0.281771 0.528241 0.044792 0.050926
0 18240 0.624219 0.637963 0.045312 0.050000
