0 19345 0.540104 0.655556 0.047917 0.051852
0 19346 0.529427 0.524537 0.047396 0.052778
0 19347 0.360677 0.653241 0.046354 0.050926
0 19348 0.459896 0.503241 0.047917 0.049074
0 19349 0.418750 0.431944 0.048958 0.052778
0 19350 0.411198 0.577315 0.051562 0.052778
0 19351 0.513281 0.683333 0.045312 0.046296
0 19352 0.281771 0.653241 0.045833 0.047222
0 19353 0.421094 0.690278 0.046354 0.049074
0 19354 0.582031 0.475926 0.051562 0.051852
0 19355 0.432292 0.542593 0.046875 0.046296
0 19356 0.520052 0.453704 0.048438 0.055556
0 19357 0.370312 0.508796 0.046875 0.054630
0 19358 0.489583 0.478704 0.046875 0.053704
0 19359 0.325000 0.580093 0.045833 0.041667
0 19360 0.303646 0.618519 0.045833 0.046296
0 19361 0.340365 0.691204 0.046354 0.052778
0 19362 0.163281 0.531481 0.049479 0.053704
0 19363 0.385937 0.618056 0.047917 0.049074
0 19364 0.250260 0.532870 0.051562 0.050926
0 19365 0.469271 0.636111 0.046875 0.048148
0 19366 0.446875 0.652315 0.051042 0.049074
0 19367 0.226302 0.584259 0.047396 0.050000
0 19368 0.597396 0.666204 0.046875 0.050926
