0 17521 0.611979 0.588426 0.047917 0.056481
0 17522 0.613542 0.421759 0.048958 0.056481
0 17523 0.437500 0.567593 0.045833 0.051852
0 17524 0.565625 0.384259 0.050000 0.055556
0 17525 0.525521 0.264815 0.048958 0.057407
0 17526 0.499740 0.480093 0.051562 0.052778
0 17527 0.581510 0.619907 0.046354 0.050926
0 17528 0.356250 0.563889 0.048958 0.053704
0 17529 0.246615 0.425463 0.051562 0.052778
0 17530 0.686198 0.324074 0.050521 0.066667
0 17531 0.528125 0.431944 0.045833 0.052778
0 17532 0.307292 0.494444 0.048958 0.051852
0 17533 0.464844 0.395370 0.045312 0.053704
0 17534 0.592969 0.345370 0.048438 0.055556
0 17535 0.406771 0.478241 0.050000 0.050926
0 17536 0.525260 0.576852 0.050521 0.057407
0 17537 0.414844 0.614352 0.046354 0.052778
0 17538 0.495833 0.618519 0.047917 0.050000
0 17539 0.466146 0.525463 0.047917 0.049074
0 17540 0.335677 0.437963 0.051562 0.050000
0 17541 0.547656 0.536574 0.047396 0.050926
0 17542 0.382552 0.523148 0.048438 0.051852
0 17543 0.663281 0.610185 0.046354 0.053704
0 17544 0.619531 0.282407 0.050521 0.064815
