0 18865 0.564063 0.605093 0.047917 0.049074
0 18866 0.558333 0.475463 0.044792 0.052778
0 18867 0.403646 0.595370 0.045833 0.051852
0 18868 0.500000 0.451389 0.047917 0.049074
0 18869 0.463021 0.377778 0.047917 0.051852
0 18870 0.449219 0.522685 0.051562 0.052778
0 18871 0.539323 0.624074 0.044271 0.046296
0 18872 0.330469 0.591667 0.046354 0.048148
0 18873 0.457292 0.628241 0.044792 0.049074
0 18874 0.610156 0.426852 0.048438 0.053704
0 18875 0.471615 0.482870 0.046354 0.045370
0 18876 0.553385 0.401852 0.048438 0.055556
0 18877 0.414844 0.451852 0.045312 0.053704
0 18878 0.527865 0.432407 0.045312 0.053704
0 18879 0.370573 0.522222 0.046354 0.042593
0 18880 0.352344 0.556481 0.048438 0.051852
0 18881 0.384115 0.631944 0.046354 0.052778
0 18882 0.224479 0.472685 0.046875 0.050926
0 18883 0.427604 0.560648 0.047917 0.049074
0 18884 0.305990 0.482407 0.051562 0.050000
0 18885 0.503646 0.577315 0.045833 0.047222
0 18886 0.484115 0.595370 0.048438 0.046296
0 18887 0.282031 0.528241 0.043229 0.050926
0 18888 0.615885 0.615278 0.045312 0.049074
