0 17329 0.622396 0.556019 0.047917 0.056481
0 17330 0.625000 0.385648 0.048958 0.056481
0 17331 0.444792 0.541667 0.045833 0.051852
0 17332 0.577604 0.344444 0.050000 0.055556
0 17333 0.536979 0.225926 0.048958 0.057407
0 17334 0.510156 0.448611 0.051562 0.052778
0 17335 0.590365 0.593981 0.046354 0.050926
0 17336 0.362240 0.535185 0.047396 0.051852
0 17337 0.252865 0.393056 0.051562 0.054630
0 17338 0.700781 0.283796 0.050521 0.063889
0 17339 0.538281 0.395833 0.046354 0.052778
0 17340 0.313542 0.462037 0.048958 0.051852
0 17341 0.474219 0.358333 0.045312 0.053704
0 17342 0.604948 0.306019 0.048438 0.052778
0 17343 0.415625 0.444907 0.050000 0.050926
0 17344 0.533073 0.547222 0.050521 0.057407
0 17345 0.420573 0.589352 0.046354 0.052778
0 17346 0.503125 0.593519 0.047917 0.050000
0 17347 0.475000 0.499537 0.047917 0.049074
0 17348 0.340625 0.404630 0.050000 0.050000
0 17349 0.557031 0.506481 0.046354 0.050000
0 17350 0.388802 0.495370 0.048438 0.051852
0 17351 0.673438 0.581944 0.046875 0.054630
0 17352 0.633333 0.244444 0.051042 0.059259
