0 17377 0.620313 0.564352 0.047917 0.056481
0 17378 0.622396 0.394907 0.048958 0.056481
0 17379 0.443229 0.548148 0.045833 0.051852
0 17380 0.576042 0.354630 0.050000 0.055556
0 17381 0.534375 0.236111 0.048958 0.057407
0 17382 0.508073 0.456944 0.051562 0.052778
0 17383 0.588281 0.600463 0.046354 0.050926
0 17384 0.361458 0.543056 0.047917 0.052778
0 17385 0.251823 0.400926 0.051562 0.053704
0 17386 0.698177 0.294444 0.050521 0.064815
0 17387 0.536719 0.406019 0.046354 0.052778
0 17388 0.313021 0.469444 0.048958 0.051852
0 17389 0.472135 0.367593 0.045312 0.053704
0 17390 0.602344 0.315278 0.048438 0.052778
0 17391 0.414062 0.453241 0.050000 0.050926
0 17392 0.531510 0.554630 0.050521 0.057407
0 17393 0.419531 0.595833 0.046354 0.052778
0 17394 0.501563 0.599074 0.047917 0.050000
0 17395 0.472917 0.506019 0.047917 0.049074
0 17396 0.339844 0.412963 0.050521 0.050000
0 17397 0.554948 0.513889 0.046354 0.050000
0 17398 0.387760 0.502778 0.048438 0.051852
0 17399 0.671354 0.589352 0.046875 0.054630
0 17400 0.630208 0.253704 0.051042 0.061111
