0 17353 0.621354 0.559722 0.047917 0.056481
0 17354 0.623958 0.390278 0.048958 0.056481
0 17355 0.443750 0.545370 0.045833 0.051852
0 17356 0.577083 0.350000 0.050000 0.055556
0 17357 0.535937 0.230556 0.048958 0.057407
0 17358 0.509115 0.453241 0.051562 0.052778
0 17359 0.589323 0.597685 0.046354 0.050926
0 17360 0.361979 0.538889 0.047917 0.051852
0 17361 0.252344 0.397685 0.051562 0.054630
0 17362 0.699219 0.289815 0.050521 0.064815
0 17363 0.537760 0.400463 0.046354 0.052778
0 17364 0.313542 0.465741 0.048958 0.051852
0 17365 0.473177 0.362963 0.045312 0.053704
0 17366 0.603906 0.310648 0.048438 0.052778
0 17367 0.414583 0.449537 0.050000 0.050926
0 17368 0.532031 0.550926 0.050521 0.057407
0 17369 0.420052 0.593056 0.046354 0.052778
0 17370 0.502604 0.596296 0.047917 0.050000
0 17371 0.473958 0.503241 0.047917 0.049074
0 17372 0.340365 0.408333 0.050521 0.050000
0 17373 0.555990 0.510185 0.046354 0.050000
0 17374 0.388281 0.499074 0.048438 0.051852
0 17375 0.672396 0.585648 0.046875 0.054630
0 17376 0.631771 0.249537 0.051042 0.060185
