0 18409 0.571354 0.615278 0.047917 0.052778
0 18410 0.569271 0.474537 0.048958 0.056481
0 18411 0.407813 0.597222 0.045833 0.051852
0 18412 0.513802 0.448611 0.047396 0.049074
0 18413 0.476562 0.356481 0.047917 0.053704
0 18414 0.455469 0.524537 0.051562 0.052778
0 18415 0.547135 0.635185 0.046354 0.046296
0 18416 0.331250 0.590741 0.046875 0.050000
0 18417 0.463281 0.636574 0.046354 0.049074
0 18418 0.628385 0.416667 0.051562 0.059259
0 18419 0.482552 0.481019 0.046354 0.050926
0 18420 0.567448 0.385648 0.048438 0.058333
0 18421 0.422656 0.449074 0.045312 0.053704
0 18422 0.542969 0.421759 0.047396 0.056481
0 18423 0.375521 0.520833 0.050000 0.050926
0 18424 0.353906 0.556481 0.048438 0.051852
0 18425 0.386198 0.637500 0.046354 0.052778
0 18426 0.225260 0.468056 0.048438 0.054630
0 18427 0.431771 0.558796 0.047917 0.049074
0 18428 0.307552 0.479630 0.051562 0.050000
0 18429 0.510677 0.581481 0.046354 0.050000
0 18430 0.490885 0.606019 0.049479 0.050926
0 18431 0.283594 0.528241 0.043229 0.050926
0 18432 0.623177 0.631944 0.045312 0.049074
