0 19081 0.561979 0.618056 0.047917 0.049074
0 19082 0.552604 0.490278 0.045833 0.050926
0 19083 0.392188 0.612037 0.045833 0.051852
0 19084 0.489063 0.465278 0.047917 0.049074
0 19085 0.450521 0.394444 0.047917 0.051852
0 19086 0.440365 0.536574 0.051562 0.052778
0 19087 0.534375 0.640741 0.044792 0.046296
0 19088 0.317708 0.610648 0.045833 0.047222
0 19089 0.448958 0.645833 0.044792 0.049074
0 19090 0.605469 0.441667 0.048438 0.053704
0 19091 0.462240 0.501389 0.046354 0.045370
0 19092 0.544010 0.416667 0.048438 0.055556
0 19093 0.402344 0.469444 0.045312 0.053704
0 19094 0.520573 0.446296 0.045312 0.053704
0 19095 0.358854 0.539352 0.045833 0.041667
0 19096 0.340104 0.577778 0.045833 0.046296
0 19097 0.373698 0.651389 0.046354 0.052778
0 19098 0.207292 0.490741 0.047917 0.051852
0 19099 0.417187 0.580093 0.047917 0.049074
0 19100 0.290885 0.494444 0.051562 0.050000
0 19101 0.495312 0.596759 0.045833 0.047222
0 19102 0.476042 0.611111 0.047917 0.048148
0 19103 0.266927 0.543981 0.043229 0.050926
0 19104 0.614062 0.628241 0.045833 0.049074
