0 17305 0.623437 0.551389 0.047917 0.056481
0 17306 0.626563 0.381019 0.048958 0.056481
0 17307 0.445312 0.537963 0.045833 0.051852
0 17308 0.578125 0.339815 0.050000 0.055556
0 17309 0.538542 0.221296 0.048958 0.057407
0 17310 0.511198 0.444907 0.051562 0.052778
0 17311 0.591406 0.591204 0.046354 0.050926
0 17312 0.362760 0.531481 0.047396 0.051852
0 17313 0.253385 0.388426 0.051562 0.054630
0 17314 0.702344 0.279167 0.050521 0.063889
0 17315 0.539323 0.391204 0.046354 0.052778
0 17316 0.313542 0.457407 0.048958 0.051852
0 17317 0.475260 0.353704 0.045312 0.053704
0 17318 0.606510 0.301389 0.048438 0.052778
0 17319 0.416667 0.441204 0.050000 0.050926
0 17320 0.533594 0.543519 0.050521 0.057407
0 17321 0.421094 0.586574 0.046354 0.052778
0 17322 0.503646 0.590741 0.047917 0.050000
0 17323 0.476042 0.495833 0.047917 0.049074
0 17324 0.341146 0.400926 0.050000 0.050000
0 17325 0.558073 0.502778 0.046354 0.050000
0 17326 0.389323 0.491667 0.048438 0.051852
0 17327 0.674479 0.578241 0.046875 0.054630
0 17328 0.634896 0.239352 0.051042 0.058333
