0 19105 0.559375 0.620833 0.047917 0.049074
0 19106 0.551823 0.493519 0.046354 0.051852
0 19107 0.389583 0.615741 0.045833 0.051852
0 19108 0.486979 0.468056 0.047917 0.049074
0 19109 0.448437 0.396296 0.047917 0.051852
0 19110 0.437240 0.539352 0.051562 0.052778
0 19111 0.532292 0.644444 0.044792 0.046296
0 19112 0.314583 0.614352 0.045833 0.047222
0 19113 0.446354 0.649537 0.044792 0.049074
0 19114 0.603385 0.444444 0.048438 0.053704
0 19115 0.459115 0.505093 0.046354 0.045370
0 19116 0.541927 0.419444 0.048438 0.055556
0 19117 0.399219 0.473148 0.045312 0.053704
0 19118 0.517969 0.449074 0.045312 0.053704
0 19119 0.356771 0.542130 0.045833 0.041667
0 19120 0.336979 0.580556 0.045833 0.046296
0 19121 0.370573 0.655093 0.046354 0.052778
0 19122 0.202604 0.493519 0.047917 0.051852
0 19123 0.414062 0.583796 0.047917 0.049074
0 19124 0.287240 0.497222 0.051562 0.050000
0 19125 0.494271 0.599537 0.045833 0.047222
0 19126 0.472917 0.614815 0.047917 0.048148
0 19127 0.262760 0.546759 0.043229 0.050926
0 19128 0.613542 0.630556 0.045833 0.050000
