0 19417 0.536979 0.665278 0.047917 0.052778
0 19418 0.525781 0.533333 0.047396 0.053704
0 19419 0.354687 0.662963 0.047917 0.048148
0 19420 0.452865 0.514815 0.048438 0.050000
0 19421 0.410677 0.443519 0.051562 0.053704
0 19422 0.406510 0.585648 0.051562 0.052778
0 19423 0.508594 0.697685 0.046354 0.047222
0 19424 0.273958 0.665278 0.045833 0.047222
0 19425 0.415365 0.700463 0.047396 0.049074
0 19426 0.576302 0.483796 0.052604 0.052778
0 19427 0.425521 0.555093 0.047917 0.047222
0 19428 0.513802 0.464815 0.048438 0.055556
0 19429 0.362240 0.520370 0.048438 0.055556
0 19430 0.484115 0.487963 0.046354 0.053704
0 19431 0.316667 0.589352 0.045833 0.041667
0 19432 0.296354 0.629630 0.045833 0.046296
0 19433 0.334115 0.701389 0.046354 0.052778
0 19434 0.152083 0.538889 0.048958 0.053704
0 19435 0.378646 0.628241 0.047917 0.049074
0 19436 0.241667 0.542593 0.052083 0.051852
0 19437 0.464583 0.646759 0.047917 0.049074
0 19438 0.441667 0.663426 0.052083 0.050926
0 19439 0.216927 0.599074 0.047396 0.050000
0 19440 0.593750 0.676389 0.046875 0.050926
