0 18841 0.564583 0.605093 0.047917 0.049074
0 18842 0.558854 0.474537 0.044792 0.052778
0 18843 0.404167 0.594444 0.045833 0.051852
0 18844 0.500521 0.450463 0.047917 0.049074
0 18845 0.463542 0.376852 0.047917 0.051852
0 18846 0.449740 0.521759 0.051562 0.052778
0 18847 0.539844 0.624074 0.044271 0.046296
0 18848 0.330469 0.590741 0.046354 0.048148
0 18849 0.457813 0.628241 0.044792 0.049074
0 18850 0.611198 0.425926 0.048438 0.053704
0 18851 0.472135 0.482870 0.046354 0.045370
0 18852 0.554427 0.400926 0.048438 0.055556
0 18853 0.415365 0.452778 0.045312 0.053704
0 18854 0.528906 0.431481 0.045312 0.053704
0 18855 0.370573 0.521759 0.046354 0.043519
0 18856 0.352344 0.556481 0.048438 0.051852
0 18857 0.384115 0.631944 0.046354 0.052778
0 18858 0.225000 0.471759 0.046875 0.050926
0 18859 0.428125 0.560648 0.047917 0.049074
0 18860 0.305990 0.481481 0.051562 0.050000
0 18861 0.503646 0.577315 0.045833 0.047222
0 18862 0.484115 0.595370 0.048438 0.046296
0 18863 0.282031 0.527315 0.043229 0.050926
0 18864 0.615885 0.616204 0.045312 0.049074
