0 17497 0.614583 0.586574 0.047917 0.056481
0 17498 0.616146 0.418056 0.048958 0.056481
0 17499 0.439583 0.565741 0.045833 0.051852
0 17500 0.568229 0.380556 0.050000 0.055556
0 17501 0.528125 0.260185 0.048958 0.057407
0 17502 0.502865 0.477315 0.051562 0.052778
0 17503 0.584115 0.618056 0.046354 0.050926
0 17504 0.357812 0.560185 0.048958 0.053704
0 17505 0.248698 0.422685 0.051562 0.052778
0 17506 0.689323 0.319907 0.050521 0.067593
0 17507 0.530729 0.427315 0.045833 0.052778
0 17508 0.308333 0.488889 0.048958 0.051852
0 17509 0.466927 0.390741 0.045312 0.053704
0 17510 0.595573 0.341667 0.048438 0.055556
0 17511 0.409375 0.473611 0.050000 0.050926
0 17512 0.527865 0.575000 0.050521 0.057407
0 17513 0.416927 0.612500 0.046354 0.052778
0 17514 0.498437 0.614815 0.047917 0.050000
0 17515 0.468750 0.523611 0.047917 0.049074
0 17516 0.337240 0.432407 0.051562 0.050000
0 17517 0.549740 0.532407 0.046354 0.050000
0 17518 0.384635 0.520370 0.048438 0.051852
0 17519 0.666146 0.607870 0.046875 0.054630
0 17520 0.622917 0.278241 0.051042 0.065741
