0 19609 0.542448 0.671296 0.050521 0.055556
0 19610 0.529687 0.536111 0.050000 0.053704
0 19611 0.351823 0.672222 0.049479 0.046296
0 19612 0.454427 0.518519 0.049479 0.051852
0 19613 0.409635 0.445370 0.051562 0.053704
0 19614 0.403646 0.594907 0.053125 0.050926
0 19615 0.514583 0.706481 0.047917 0.048148
0 19616 0.268229 0.676389 0.045833 0.047222
0 19617 0.416146 0.708796 0.047917 0.049074
0 19618 0.582031 0.484259 0.054688 0.057407
0 19619 0.426302 0.557407 0.049479 0.048148
0 19620 0.516406 0.465741 0.048438 0.055556
0 19621 0.359896 0.529167 0.050000 0.056481
0 19622 0.484375 0.492593 0.047917 0.053704
0 19623 0.312240 0.597685 0.049479 0.047222
0 19624 0.292448 0.638889 0.047396 0.048148
0 19625 0.330990 0.711111 0.046354 0.051852
0 19626 0.140365 0.543519 0.049479 0.053704
0 19627 0.378125 0.633796 0.047917 0.049074
0 19628 0.235417 0.549537 0.053125 0.050926
0 19629 0.466406 0.655093 0.049479 0.050926
0 19630 0.445573 0.668519 0.053646 0.053704
0 19631 0.208594 0.604630 0.047396 0.050000
0 19632 0.603906 0.683333 0.049479 0.055556
