0 18121 0.573958 0.618056 0.047917 0.052778
0 18122 0.572917 0.472685 0.048958 0.056481
0 18123 0.407292 0.599074 0.045833 0.051852
0 18124 0.520833 0.444444 0.048958 0.053704
0 18125 0.481250 0.341667 0.048958 0.057407
0 18126 0.457552 0.525463 0.051562 0.052778
0 18127 0.548177 0.643519 0.046354 0.050000
0 18128 0.330729 0.592593 0.046875 0.050000
0 18129 0.221875 0.467593 0.046875 0.053704
0 18130 0.636198 0.400926 0.051562 0.059259
0 18131 0.486979 0.481944 0.045833 0.052778
0 18132 0.573177 0.370370 0.048438 0.059259
0 18133 0.425781 0.449074 0.045312 0.053704
0 18134 0.548698 0.412500 0.047396 0.056481
0 18135 0.373958 0.518981 0.050000 0.050926
0 18136 0.491406 0.606944 0.049479 0.050926
0 18137 0.384635 0.643981 0.046354 0.052778
0 18138 0.464062 0.639815 0.047917 0.050000
0 18139 0.432812 0.558796 0.047917 0.049074
0 18140 0.307031 0.479630 0.051562 0.050000
0 18141 0.513281 0.580556 0.046354 0.050000
0 18142 0.354427 0.558333 0.048438 0.051852
0 18143 0.280729 0.528241 0.046875 0.050926
0 18144 0.625000 0.638426 0.045833 0.050926
