0 19561 0.537760 0.675000 0.050521 0.055556
0 19562 0.525521 0.539815 0.048958 0.053704
0 19563 0.349219 0.672222 0.049479 0.046296
0 19564 0.451823 0.520370 0.049479 0.051852
0 19565 0.405990 0.449074 0.051562 0.053704
0 19566 0.402344 0.593981 0.052604 0.050926
0 19567 0.511198 0.706019 0.047396 0.047222
0 19568 0.267708 0.676389 0.045833 0.047222
0 19569 0.414062 0.709722 0.047917 0.049074
0 19570 0.576823 0.489815 0.054688 0.059259
0 19571 0.423177 0.560185 0.049479 0.048148
0 19572 0.514323 0.468056 0.048438 0.054630
0 19573 0.359375 0.528241 0.050000 0.056481
0 19574 0.481510 0.495370 0.047396 0.053704
0 19575 0.310937 0.598148 0.047917 0.044444
0 19576 0.289583 0.640278 0.046875 0.047222
0 19577 0.328385 0.713426 0.046354 0.052778
0 19578 0.140365 0.545370 0.049479 0.053704
0 19579 0.375521 0.637500 0.047917 0.049074
0 19580 0.233854 0.551852 0.053125 0.053704
0 19581 0.463021 0.656944 0.048958 0.050926
0 19582 0.441927 0.671296 0.053646 0.053704
0 19583 0.208594 0.604630 0.047396 0.050000
0 19584 0.597917 0.686574 0.048958 0.054630
