0 17281 0.625000 0.549537 0.047917 0.056481
0 17282 0.628125 0.376389 0.048958 0.056481
0 17283 0.446354 0.535185 0.045833 0.051852
0 17284 0.579167 0.335185 0.050000 0.055556
0 17285 0.540104 0.216667 0.048958 0.057407
0 17286 0.512240 0.441204 0.051562 0.052778
0 17287 0.592448 0.588426 0.046354 0.050926
0 17288 0.363802 0.528704 0.047396 0.051852
0 17289 0.254688 0.385185 0.052083 0.055556
0 17290 0.704167 0.274537 0.051042 0.063889
0 17291 0.540365 0.390278 0.046354 0.052778
0 17292 0.314063 0.453704 0.048958 0.051852
0 17293 0.476823 0.350000 0.045312 0.053704
0 17294 0.608073 0.296759 0.048438 0.052778
0 17295 0.417708 0.437500 0.050000 0.050926
0 17296 0.534635 0.539815 0.050521 0.057407
0 17297 0.421615 0.583796 0.046354 0.052778
0 17298 0.504687 0.587963 0.047917 0.050000
0 17299 0.477083 0.493056 0.047917 0.049074
0 17300 0.342187 0.397222 0.050000 0.050000
0 17301 0.559115 0.500000 0.046354 0.050000
0 17302 0.389844 0.489815 0.048438 0.051852
0 17303 0.676042 0.574537 0.046875 0.054630
0 17304 0.636458 0.235185 0.051042 0.057407
