0 18745 0.565104 0.606944 0.047917 0.049074
0 18746 0.560937 0.474537 0.044792 0.052778
0 18747 0.404167 0.594444 0.045833 0.051852
0 18748 0.502604 0.448611 0.047917 0.049074
0 18749 0.466146 0.371296 0.047917 0.051852
0 18750 0.451302 0.521759 0.051562 0.052778
0 18751 0.541667 0.624074 0.044792 0.046296
0 18752 0.331250 0.589815 0.046875 0.050000
0 18753 0.459375 0.630093 0.044792 0.049074
0 18754 0.614844 0.423611 0.048438 0.054630
0 18755 0.474740 0.481944 0.046354 0.045370
0 18756 0.557552 0.397222 0.048438 0.055556
0 18757 0.416406 0.449074 0.045312 0.053704
0 18758 0.532552 0.429167 0.045312 0.054630
0 18759 0.371354 0.519444 0.047917 0.046296
0 18760 0.352865 0.556481 0.048438 0.051852
0 18761 0.384635 0.632870 0.046354 0.052778
0 18762 0.224479 0.469444 0.047917 0.051852
0 18763 0.428646 0.559722 0.047917 0.049074
0 18764 0.306510 0.480556 0.051562 0.050000
0 18765 0.504687 0.578241 0.045833 0.049074
0 18766 0.485677 0.595370 0.048438 0.046296
0 18767 0.282552 0.525463 0.043229 0.050926
0 18768 0.617969 0.618056 0.045312 0.049074
