0 19129 0.556771 0.623611 0.047917 0.049074
0 19130 0.549219 0.496296 0.046354 0.051852
0 19131 0.386979 0.618519 0.045833 0.051852
0 19132 0.484896 0.469907 0.047917 0.049074
0 19133 0.446354 0.398148 0.047917 0.051852
0 19134 0.434635 0.543056 0.051562 0.052778
0 19135 0.530208 0.648148 0.044792 0.046296
0 19136 0.310937 0.618056 0.045833 0.047222
0 19137 0.443750 0.652315 0.044792 0.049074
0 19138 0.600781 0.447222 0.048438 0.053704
0 19139 0.456510 0.508796 0.046354 0.045370
0 19140 0.539323 0.422222 0.048438 0.055556
0 19141 0.396615 0.475926 0.045312 0.053704
0 19142 0.514844 0.451852 0.045312 0.053704
0 19143 0.353125 0.544907 0.045833 0.041667
0 19144 0.333854 0.584259 0.045833 0.046296
0 19145 0.367448 0.658796 0.046354 0.052778
0 19146 0.197917 0.497222 0.047917 0.051852
0 19147 0.411458 0.587500 0.047917 0.049074
0 19148 0.284115 0.500000 0.051562 0.050000
0 19149 0.491146 0.603241 0.045833 0.047222
0 19150 0.470573 0.618519 0.048438 0.048148
0 19151 0.258594 0.549537 0.043229 0.050926
0 19152 0.611719 0.633333 0.046354 0.050000
