0 18817 0.564583 0.605093 0.047917 0.049074
0 18818 0.559375 0.474537 0.044792 0.052778
0 18819 0.404167 0.594444 0.045833 0.051852
0 18820 0.501042 0.450463 0.047917 0.049074
0 18821 0.464583 0.375926 0.047917 0.051852
0 18822 0.450260 0.521759 0.051562 0.052778
0 18823 0.540365 0.624074 0.044271 0.046296
0 18824 0.330469 0.591204 0.046354 0.049074
0 18825 0.458333 0.629167 0.044792 0.049074
0 18826 0.611719 0.425463 0.048438 0.054630
0 18827 0.472656 0.482870 0.046354 0.045370
0 18828 0.554948 0.400000 0.048438 0.055556
0 18829 0.415365 0.452778 0.045312 0.053704
0 18830 0.529948 0.430556 0.045312 0.053704
0 18831 0.370833 0.521296 0.046875 0.044444
0 18832 0.352344 0.556481 0.048438 0.051852
0 18833 0.384115 0.631944 0.046354 0.052778
0 18834 0.224740 0.470833 0.047396 0.050926
0 18835 0.428125 0.559722 0.047917 0.049074
0 18836 0.306510 0.481481 0.051562 0.050000
0 18837 0.504167 0.577778 0.045833 0.048148
0 18838 0.484635 0.595370 0.048438 0.046296
0 18839 0.282031 0.527315 0.043229 0.050926
0 18840 0.616406 0.616204 0.045312 0.049074
