0 19009 0.562500 0.609722 0.047917 0.049074
0 19010 0.554427 0.482870 0.045312 0.050926
0 19011 0.400000 0.602778 0.045833 0.051852
0 19012 0.494271 0.459722 0.047917 0.049074
0 19013 0.456771 0.387963 0.047917 0.051852
0 19014 0.446615 0.528241 0.051562 0.052778
0 19015 0.538281 0.631481 0.044271 0.046296
0 19016 0.326042 0.600463 0.045833 0.047222
0 19017 0.454167 0.637500 0.044792 0.049074
0 19018 0.607031 0.437037 0.048438 0.053704
0 19019 0.467448 0.493981 0.046354 0.045370
0 19020 0.548177 0.410185 0.048438 0.055556
0 19021 0.409115 0.461111 0.045312 0.053704
0 19022 0.524219 0.438889 0.045312 0.053704
0 19023 0.365104 0.532870 0.045833 0.041667
0 19024 0.346615 0.568056 0.046354 0.047222
0 19025 0.379427 0.639352 0.046354 0.052778
0 19026 0.217708 0.482407 0.047917 0.051852
0 19027 0.422917 0.569907 0.047917 0.049074
0 19028 0.299740 0.487037 0.051562 0.050000
0 19029 0.498437 0.588426 0.045833 0.047222
0 19030 0.478646 0.605093 0.047917 0.047222
0 19031 0.276302 0.535648 0.043229 0.050926
0 19032 0.615365 0.619907 0.045312 0.049074
