0 19273 0.544792 0.643519 0.047917 0.050000
0 19274 0.534375 0.513889 0.046875 0.051852
0 19275 0.368750 0.641667 0.045833 0.051852
0 19276 0.466667 0.491204 0.047917 0.049074
0 19277 0.427604 0.420370 0.047917 0.051852
0 19278 0.416927 0.566204 0.051562 0.052778
0 19279 0.518229 0.670370 0.044792 0.046296
0 19280 0.290625 0.639352 0.045833 0.047222
0 19281 0.428125 0.678241 0.045833 0.049074
0 19282 0.587760 0.466204 0.050521 0.052778
0 19283 0.439844 0.531019 0.046354 0.045370
0 19284 0.526302 0.442593 0.048438 0.055556
0 19285 0.378906 0.497222 0.045312 0.053704
0 19286 0.497135 0.470370 0.045312 0.053704
0 19287 0.333854 0.567130 0.045833 0.041667
0 19288 0.314063 0.607407 0.045833 0.046296
0 19289 0.347656 0.681019 0.046354 0.052778
0 19290 0.172396 0.514352 0.048958 0.052778
0 19291 0.394271 0.607870 0.047917 0.049074
0 19292 0.260156 0.520370 0.051562 0.050000
0 19293 0.474479 0.626389 0.045833 0.047222
0 19294 0.454167 0.640741 0.050000 0.048148
0 19295 0.236198 0.570833 0.043229 0.050926
0 19296 0.601042 0.654167 0.046875 0.050926
