0 18649 0.567187 0.609259 0.047917 0.050000
0 18650 0.563542 0.474537 0.044792 0.052778
0 18651 0.405208 0.595370 0.045833 0.051852
0 18652 0.505729 0.447685 0.047917 0.049074
0 18653 0.469271 0.366667 0.047917 0.051852
0 18654 0.452344 0.521759 0.051562 0.052778
0 18655 0.542969 0.626852 0.045312 0.046296
0 18656 0.331250 0.589815 0.046875 0.050000
0 18657 0.460417 0.630093 0.044792 0.049074
0 18658 0.618490 0.422222 0.048438 0.055556
0 18659 0.476823 0.480093 0.046354 0.045370
0 18660 0.560677 0.393519 0.048438 0.055556
0 18661 0.417969 0.449074 0.045312 0.053704
0 18662 0.535417 0.425463 0.045833 0.054630
0 18663 0.373177 0.518519 0.049479 0.050000
0 18664 0.352865 0.556481 0.048438 0.051852
0 18665 0.384635 0.632870 0.046354 0.052778
0 18666 0.224479 0.467593 0.047917 0.051852
0 18667 0.429688 0.558796 0.047917 0.049074
0 18668 0.306510 0.480556 0.051562 0.050000
0 18669 0.505990 0.579630 0.046354 0.050000
0 18670 0.486719 0.596296 0.048438 0.046296
0 18671 0.283073 0.526389 0.043229 0.050926
0 18672 0.619531 0.621759 0.045312 0.049074
