0 19249 0.546354 0.639815 0.047917 0.050000
0 19250 0.536979 0.511111 0.046875 0.051852
0 19251 0.371875 0.637963 0.045833 0.051852
0 19252 0.469271 0.486574 0.047917 0.049074
0 19253 0.430729 0.416667 0.047917 0.051852
0 19254 0.419531 0.560648 0.051562 0.052778
0 19255 0.519792 0.665741 0.044792 0.046296
0 19256 0.293750 0.635648 0.045833 0.047222
0 19257 0.430469 0.673611 0.045312 0.049074
0 19258 0.589583 0.463426 0.050000 0.052778
0 19259 0.442969 0.527315 0.046354 0.045370
0 19260 0.527865 0.438889 0.048438 0.055556
0 19261 0.381510 0.493519 0.045312 0.053704
0 19262 0.499740 0.466667 0.045312 0.053704
0 19263 0.336979 0.562500 0.045833 0.041667
0 19264 0.317188 0.603704 0.045833 0.046296
0 19265 0.351302 0.677315 0.046354 0.052778
0 19266 0.176302 0.510648 0.048438 0.052778
0 19267 0.396875 0.604167 0.047917 0.049074
0 19268 0.263802 0.516667 0.051562 0.050000
0 19269 0.477083 0.621759 0.045833 0.047222
0 19270 0.457292 0.637037 0.050000 0.048148
0 19271 0.239844 0.567130 0.043229 0.050926
0 19272 0.602604 0.649537 0.046875 0.050926
