0 17617 0.602604 0.595833 0.047917 0.056481
0 17618 0.602604 0.435648 0.048958 0.056481
0 17619 0.429167 0.575926 0.045833 0.051852
0 17620 0.555208 0.399074 0.050000 0.055556
0 17621 0.515104 0.284259 0.048958 0.057407
0 17622 0.488281 0.493981 0.051562 0.052778
0 17623 0.572135 0.628241 0.046354 0.050926
0 17624 0.348958 0.573148 0.048958 0.053704
0 17625 0.239063 0.437500 0.051042 0.054630
0 17626 0.673958 0.341204 0.051042 0.063889
0 17627 0.517708 0.445833 0.045833 0.052778
0 17628 0.298958 0.504630 0.048958 0.051852
0 17629 0.454427 0.408333 0.045312 0.053704
0 17630 0.583073 0.362037 0.048438 0.055556
0 17631 0.397396 0.487500 0.050000 0.050926
0 17632 0.514844 0.587037 0.050521 0.057407
0 17633 0.405469 0.621759 0.046354 0.052778
0 17634 0.486458 0.625926 0.047917 0.050000
0 17635 0.457813 0.536574 0.047917 0.049074
0 17636 0.326823 0.449074 0.051562 0.050000
0 17637 0.537240 0.549537 0.047396 0.050926
0 17638 0.373177 0.534259 0.048438 0.051852
0 17639 0.653385 0.621296 0.044271 0.053704
0 17640 0.608594 0.301852 0.050521 0.062963
