0 18889 0.563542 0.604167 0.047917 0.049074
0 18890 0.557292 0.477778 0.044792 0.051852
0 18891 0.403646 0.595370 0.045833 0.051852
0 18892 0.499479 0.451389 0.047917 0.049074
0 18893 0.462500 0.379630 0.047917 0.051852
0 18894 0.449219 0.523611 0.051562 0.052778
0 18895 0.538802 0.624074 0.044271 0.046296
0 18896 0.330469 0.592593 0.046354 0.048148
0 18897 0.457292 0.627315 0.044792 0.049074
0 18898 0.609635 0.428704 0.048438 0.053704
0 18899 0.471615 0.484722 0.046354 0.045370
0 18900 0.552865 0.403704 0.048438 0.055556
0 18901 0.414323 0.451852 0.045312 0.053704
0 18902 0.527344 0.433333 0.045312 0.053704
0 18903 0.370312 0.522685 0.045833 0.041667
0 18904 0.352344 0.556481 0.048438 0.051852
0 18905 0.384115 0.631944 0.046354 0.052778
0 18906 0.224219 0.473611 0.047396 0.050926
0 18907 0.427083 0.561574 0.047917 0.049074
0 18908 0.305469 0.482407 0.051562 0.050000
0 18909 0.503125 0.577315 0.045833 0.047222
0 18910 0.482812 0.596296 0.047917 0.046296
0 18911 0.282031 0.528241 0.043229 0.050926
0 18912 0.615365 0.615278 0.045312 0.049074
