0 18961 0.563021 0.604167 0.047917 0.049074
0 18962 0.555469 0.481019 0.045312 0.050926
0 18963 0.402083 0.598148 0.045833 0.051852
0 18964 0.496875 0.456019 0.047917 0.049074
0 18965 0.459896 0.384259 0.047917 0.051852
0 18966 0.448177 0.525463 0.051562 0.052778
0 18967 0.538281 0.625926 0.044271 0.046296
0 18968 0.329688 0.593981 0.045833 0.047222
0 18969 0.455208 0.632870 0.044792 0.049074
0 18970 0.608073 0.433333 0.048438 0.053704
0 18971 0.469531 0.490278 0.046354 0.045370
0 18972 0.550260 0.407407 0.048438 0.055556
0 18973 0.411198 0.457407 0.045312 0.053704
0 18974 0.525260 0.436111 0.045312 0.053704
0 18975 0.368750 0.528241 0.045833 0.041667
0 18976 0.349219 0.561574 0.047396 0.049074
0 18977 0.382031 0.634722 0.046354 0.052778
0 18978 0.223438 0.476852 0.047917 0.051852
0 18979 0.426042 0.563426 0.047917 0.049074
0 18980 0.304427 0.484259 0.051562 0.050000
0 18981 0.500521 0.582870 0.045833 0.047222
0 18982 0.480208 0.601852 0.047917 0.046296
0 18983 0.279948 0.531944 0.043229 0.050926
0 18984 0.614844 0.617130 0.045312 0.049074
