0 18025 0.575000 0.618981 0.047917 0.052778
0 18026 0.574479 0.468981 0.048958 0.056481
0 18027 0.406771 0.599074 0.045833 0.051852
0 18028 0.523177 0.440741 0.049479 0.055556
0 18029 0.484375 0.335185 0.048958 0.057407
0 18030 0.459115 0.523611 0.051562 0.052778
0 18031 0.549219 0.643981 0.046354 0.050926
0 18032 0.330729 0.590741 0.046875 0.050000
0 18033 0.464583 0.639815 0.047917 0.050000
0 18034 0.639844 0.393519 0.051562 0.059259
0 18035 0.489583 0.477315 0.045833 0.052778
0 18036 0.280729 0.527778 0.048958 0.051852
0 18037 0.426823 0.444444 0.045312 0.053704
0 18038 0.550781 0.406944 0.047396 0.056481
0 18039 0.374479 0.515278 0.050000 0.050926
0 18040 0.492448 0.606019 0.049479 0.050926
0 18041 0.384635 0.643056 0.046354 0.052778
0 18042 0.221094 0.464815 0.047396 0.053704
0 18043 0.434375 0.556944 0.047917 0.049074
0 18044 0.307031 0.475926 0.051562 0.050000
0 18045 0.513802 0.577778 0.046354 0.050000
0 18046 0.354427 0.557407 0.048438 0.051852
0 18047 0.626042 0.639352 0.046875 0.052778
0 18048 0.576302 0.361111 0.049479 0.059259
