0 19465 0.535417 0.670370 0.048958 0.053704
0 19466 0.523698 0.537963 0.047396 0.053704
0 19467 0.350781 0.670370 0.049479 0.046296
0 19468 0.451042 0.518056 0.048958 0.050926
0 19469 0.408594 0.446296 0.051562 0.053704
0 19470 0.403385 0.591204 0.051562 0.052778
0 19471 0.508073 0.701389 0.046354 0.047222
0 19472 0.270313 0.670833 0.045833 0.047222
0 19473 0.413542 0.705093 0.047917 0.049074
0 19474 0.575000 0.487500 0.053125 0.054630
0 19475 0.424740 0.556944 0.048438 0.047222
0 19476 0.511719 0.469907 0.048438 0.054630
0 19477 0.358594 0.524074 0.049479 0.055556
0 19478 0.481250 0.493519 0.046875 0.053704
0 19479 0.314063 0.593981 0.045833 0.041667
0 19480 0.291146 0.636111 0.045833 0.046296
0 19481 0.329948 0.708796 0.046354 0.052778
0 19482 0.146875 0.541667 0.048958 0.053704
0 19483 0.375521 0.631944 0.047917 0.049074
0 19484 0.237240 0.547685 0.052604 0.052778
0 19485 0.461979 0.653704 0.048958 0.050000
0 19486 0.439844 0.668519 0.052604 0.051852
0 19487 0.212760 0.601852 0.047396 0.050000
0 19488 0.594010 0.679630 0.047396 0.051852
