0 17761 0.585938 0.606944 0.047917 0.056481
0 17762 0.585938 0.452315 0.048958 0.056481
0 17763 0.415104 0.587037 0.045833 0.051852
0 17764 0.538542 0.419444 0.050000 0.055556
0 17765 0.497917 0.307407 0.048958 0.057407
0 17766 0.473177 0.511574 0.051562 0.052778
0 17767 0.557031 0.639352 0.046354 0.050926
0 17768 0.335417 0.581481 0.048958 0.053704
0 17769 0.225000 0.451852 0.048958 0.053704
0 17770 0.655990 0.367593 0.051562 0.059259
0 17771 0.502083 0.461574 0.045833 0.052778
0 17772 0.285938 0.516667 0.048958 0.051852
0 17773 0.438802 0.425926 0.045312 0.053704
0 17774 0.566406 0.383796 0.048438 0.054630
0 17775 0.383854 0.501389 0.050000 0.050926
0 17776 0.502344 0.599074 0.050521 0.057407
0 17777 0.391927 0.633796 0.046354 0.052778
0 17778 0.472917 0.637963 0.047917 0.050000
0 17779 0.442708 0.546759 0.047917 0.049074
0 17780 0.315885 0.461111 0.051562 0.050000
0 17781 0.523177 0.564815 0.046354 0.050000
0 17782 0.360677 0.545370 0.048438 0.051852
0 17783 0.637760 0.631019 0.046354 0.052778
0 17784 0.591406 0.331019 0.050521 0.060185
