0 19225 0.547917 0.635648 0.047917 0.049074
0 19226 0.539583 0.508333 0.046875 0.051852
0 19227 0.375000 0.633333 0.045833 0.051852
0 19228 0.471354 0.482870 0.047917 0.049074
0 19229 0.433854 0.412963 0.047917 0.051852
0 19230 0.422656 0.556019 0.051562 0.052778
0 19231 0.521875 0.662037 0.044792 0.046296
0 19232 0.297396 0.631944 0.045833 0.047222
0 19233 0.433073 0.668056 0.045312 0.049074
0 19234 0.591406 0.459722 0.049479 0.052778
0 19235 0.445573 0.523611 0.046354 0.045370
0 19236 0.529948 0.435185 0.048438 0.055556
0 19237 0.384635 0.489815 0.045312 0.053704
0 19238 0.502865 0.463889 0.045312 0.053704
0 19239 0.339583 0.558796 0.045833 0.041667
0 19240 0.320312 0.600000 0.045833 0.046296
0 19241 0.354427 0.673611 0.046354 0.052778
0 19242 0.180208 0.506481 0.047917 0.051852
0 19243 0.400000 0.601389 0.047917 0.049074
0 19244 0.266927 0.512037 0.051562 0.050000
0 19245 0.479687 0.618056 0.045833 0.047222
0 19246 0.459635 0.633333 0.049479 0.048148
0 19247 0.243490 0.563426 0.043229 0.050926
0 19248 0.603646 0.645833 0.046875 0.050926
