0 19369 0.538542 0.659259 0.047917 0.051852
0 19370 0.527865 0.528704 0.047396 0.053704
0 19371 0.358854 0.656481 0.046875 0.050000
0 19372 0.457292 0.506944 0.047917 0.049074
0 19373 0.416146 0.435648 0.050000 0.052778
0 19374 0.409635 0.580093 0.051562 0.052778
0 19375 0.511458 0.687963 0.045833 0.046296
0 19376 0.279167 0.657870 0.045833 0.047222
0 19377 0.419271 0.693981 0.046875 0.049074
0 19378 0.578906 0.479167 0.051562 0.052778
0 19379 0.430208 0.546296 0.046875 0.046296
0 19380 0.518490 0.457407 0.048438 0.055556
0 19381 0.367969 0.512500 0.047396 0.054630
0 19382 0.487760 0.482407 0.046354 0.053704
0 19383 0.321354 0.583796 0.045833 0.041667
0 19384 0.301563 0.622222 0.045833 0.046296
0 19385 0.338281 0.694907 0.046354 0.052778
0 19386 0.158854 0.534259 0.048958 0.053704
0 19387 0.383333 0.621759 0.047917 0.049074
0 19388 0.247135 0.535648 0.051562 0.050926
0 19389 0.467969 0.639815 0.047396 0.048148
0 19390 0.444531 0.656481 0.051562 0.050000
0 19391 0.223177 0.589815 0.047396 0.050000
0 19392 0.595833 0.669907 0.046875 0.050926
