0 17401 0.618750 0.568981 0.047917 0.056481
0 17402 0.621354 0.399537 0.048958 0.056481
0 17403 0.442188 0.551852 0.045833 0.051852
0 17404 0.574479 0.360185 0.050000 0.055556
0 17405 0.533333 0.240741 0.048958 0.057407
0 17406 0.507031 0.460648 0.051562 0.052778
0 17407 0.587760 0.604167 0.046354 0.050926
0 17408 0.360677 0.545833 0.048438 0.052778
0 17409 0.250781 0.405556 0.051562 0.053704
0 17410 0.696615 0.299537 0.050521 0.065741
0 17411 0.535677 0.410648 0.046354 0.052778
0 17412 0.311979 0.474074 0.048958 0.051852
0 17413 0.471094 0.372222 0.045312 0.053704
0 17414 0.600781 0.320833 0.048438 0.052778
0 17415 0.413021 0.456944 0.050000 0.050926
0 17416 0.530469 0.559259 0.050521 0.057407
0 17417 0.419010 0.599537 0.046354 0.052778
0 17418 0.501042 0.602778 0.047917 0.050000
0 17419 0.472396 0.509722 0.047917 0.049074
0 17420 0.339323 0.416667 0.050521 0.050000
0 17421 0.553906 0.517593 0.046354 0.050000
0 17422 0.387240 0.506481 0.048438 0.051852
0 17423 0.670312 0.593056 0.046875 0.054630
0 17424 0.628646 0.258796 0.051042 0.062037
