0 18913 0.563542 0.604167 0.047917 0.049074
0 18914 0.556771 0.478241 0.044792 0.050926
0 18915 0.403125 0.595370 0.045833 0.051852
0 18916 0.498958 0.453241 0.047917 0.049074
0 18917 0.461979 0.380556 0.047917 0.051852
0 18918 0.448698 0.523611 0.051562 0.052778
0 18919 0.538802 0.624074 0.044271 0.046296
0 18920 0.329948 0.592130 0.046354 0.047222
0 18921 0.456250 0.629167 0.044792 0.049074
0 18922 0.609115 0.430556 0.048438 0.053704
0 18923 0.471094 0.486574 0.046354 0.045370
0 18924 0.551823 0.404630 0.048438 0.055556
0 18925 0.413281 0.453704 0.045312 0.053704
0 18926 0.526823 0.434259 0.045312 0.053704
0 18927 0.369792 0.524537 0.045833 0.041667
0 18928 0.351823 0.556481 0.048438 0.051852
0 18929 0.383594 0.632870 0.046354 0.052778
0 18930 0.223698 0.474537 0.047396 0.050926
0 18931 0.427083 0.561574 0.047917 0.049074
0 18932 0.304948 0.483333 0.051562 0.050000
0 18933 0.503125 0.577315 0.045833 0.047222
0 18934 0.481771 0.598148 0.047917 0.046296
0 18935 0.282031 0.529167 0.043229 0.050926
0 18936 0.615365 0.615278 0.045312 0.049074
