0 18697 0.566146 0.607870 0.047917 0.049074
0 18698 0.561979 0.474537 0.044792 0.052778
0 18699 0.404687 0.594444 0.045833 0.051852
0 18700 0.504167 0.447685 0.047917 0.049074
0 18701 0.467708 0.369444 0.047917 0.051852
0 18702 0.451823 0.521759 0.051562 0.052778
0 18703 0.542188 0.625000 0.044792 0.046296
0 18704 0.331250 0.589815 0.046875 0.050000
0 18705 0.459896 0.630093 0.044792 0.049074
0 18706 0.616406 0.423148 0.048438 0.055556
0 18707 0.475781 0.481019 0.046354 0.045370
0 18708 0.559115 0.395370 0.048438 0.055556
0 18709 0.416927 0.449074 0.045312 0.053704
0 18710 0.533594 0.427315 0.045312 0.054630
0 18711 0.371615 0.519444 0.048438 0.048148
0 18712 0.352865 0.556481 0.048438 0.051852
0 18713 0.384635 0.632870 0.046354 0.052778
0 18714 0.224219 0.467593 0.048438 0.051852
0 18715 0.429167 0.558796 0.047917 0.049074
0 18716 0.306510 0.480556 0.051562 0.050000
0 18717 0.505208 0.578241 0.045833 0.049074
0 18718 0.486198 0.595370 0.048438 0.046296
0 18719 0.282552 0.526389 0.043229 0.050926
0 18720 0.618490 0.619907 0.045312 0.049074
