0 17737 0.588021 0.605093 0.047917 0.056481
0 17738 0.588021 0.450463 0.048958 0.056481
0 17739 0.417187 0.585185 0.045833 0.051852
0 17740 0.540625 0.414815 0.050000 0.055556
0 17741 0.501042 0.303704 0.048958 0.057407
0 17742 0.475260 0.509722 0.051562 0.052778
0 17743 0.560677 0.638426 0.046354 0.050926
0 17744 0.337500 0.579630 0.048958 0.053704
0 17745 0.227083 0.449074 0.050000 0.053704
0 17746 0.658333 0.363426 0.051042 0.060185
0 17747 0.504167 0.459722 0.045833 0.052778
0 17748 0.287500 0.514815 0.048958 0.051852
0 17749 0.440365 0.424074 0.045312 0.053704
0 17750 0.569010 0.380556 0.048438 0.053704
0 17751 0.385937 0.499537 0.050000 0.050926
0 17752 0.503906 0.597222 0.050521 0.057407
0 17753 0.394531 0.631019 0.046354 0.052778
0 17754 0.475000 0.636111 0.047917 0.050000
0 17755 0.444271 0.545833 0.047917 0.049074
0 17756 0.316927 0.459259 0.051562 0.050000
0 17757 0.524219 0.562963 0.046354 0.050000
0 17758 0.361719 0.543519 0.048438 0.051852
0 17759 0.640625 0.629167 0.045833 0.052778
0 17760 0.594531 0.326389 0.050521 0.060185
