0 17905 0.578125 0.614352 0.047917 0.054630
0 17906 0.577083 0.463426 0.048958 0.056481
0 17907 0.409375 0.593519 0.045833 0.051852
0 17908 0.527865 0.431481 0.049479 0.055556
0 17909 0.489063 0.324074 0.048958 0.057407
0 17910 0.463281 0.518981 0.051562 0.052778
0 17911 0.550260 0.641204 0.046354 0.050926
0 17912 0.330729 0.588889 0.046875 0.050000
0 17913 0.466667 0.637963 0.047917 0.050000
0 17914 0.645573 0.382407 0.051562 0.059259
0 17915 0.492708 0.470833 0.045833 0.052778
0 17916 0.280729 0.523148 0.048958 0.051852
0 17917 0.430469 0.437037 0.045312 0.053704
0 17918 0.555208 0.396759 0.047917 0.056481
0 17919 0.376563 0.510648 0.050000 0.050926
0 17920 0.494792 0.604630 0.050000 0.053704
0 17921 0.385677 0.639352 0.046354 0.052778
0 17922 0.220573 0.460185 0.048438 0.053704
0 17923 0.436979 0.554167 0.047917 0.049074
0 17924 0.307031 0.470370 0.051562 0.050000
0 17925 0.515885 0.574074 0.046354 0.050000
0 17926 0.354948 0.555556 0.048438 0.051852
0 17927 0.629167 0.635648 0.046875 0.052778
0 17928 0.580469 0.349537 0.050521 0.060185
