0 19585 0.540365 0.673148 0.050521 0.055556
0 19586 0.526302 0.538889 0.049479 0.053704
0 19587 0.350260 0.672222 0.049479 0.046296
0 19588 0.453385 0.519444 0.049479 0.051852
0 19589 0.408073 0.447222 0.051562 0.053704
0 19590 0.402865 0.594907 0.052604 0.050926
0 19591 0.512760 0.706019 0.047396 0.047222
0 19592 0.268229 0.676389 0.045833 0.047222
0 19593 0.414583 0.711574 0.047917 0.049074
0 19594 0.579427 0.486574 0.054688 0.058333
0 19595 0.424740 0.559259 0.049479 0.048148
0 19596 0.515365 0.466204 0.048438 0.054630
0 19597 0.359375 0.528241 0.050000 0.056481
0 19598 0.482292 0.495370 0.047917 0.053704
0 19599 0.311198 0.597685 0.048438 0.045370
0 19600 0.288802 0.640741 0.047396 0.048148
0 19601 0.328385 0.714352 0.046354 0.052778
0 19602 0.139844 0.545370 0.049479 0.053704
0 19603 0.376042 0.636574 0.047917 0.049074
0 19604 0.234896 0.550463 0.053125 0.052778
0 19605 0.463021 0.657870 0.048958 0.050926
0 19606 0.444010 0.669444 0.053646 0.053704
0 19607 0.208594 0.604630 0.047396 0.050000
0 19608 0.601042 0.684722 0.048958 0.054630
