0 18625 0.567708 0.610185 0.047917 0.050000
0 18626 0.563542 0.473611 0.044792 0.052778
0 18627 0.405729 0.595370 0.045833 0.051852
0 18628 0.506771 0.448611 0.047917 0.049074
0 18629 0.469792 0.365741 0.047917 0.051852
0 18630 0.452865 0.521759 0.051562 0.052778
0 18631 0.543490 0.626852 0.045312 0.046296
0 18632 0.331250 0.589815 0.046875 0.050000
0 18633 0.460417 0.630093 0.044792 0.049074
0 18634 0.619531 0.422222 0.048438 0.055556
0 18635 0.477344 0.480093 0.046354 0.045370
0 18636 0.561198 0.392593 0.048438 0.055556
0 18637 0.418490 0.449074 0.045312 0.053704
0 18638 0.536719 0.425926 0.046354 0.055556
0 18639 0.373958 0.518056 0.050000 0.050926
0 18640 0.353385 0.556481 0.048438 0.051852
0 18641 0.384635 0.633796 0.046354 0.052778
0 18642 0.225000 0.467593 0.046875 0.051852
0 18643 0.430208 0.558796 0.047917 0.049074
0 18644 0.306510 0.479630 0.051562 0.050000
0 18645 0.506510 0.579630 0.046354 0.050000
0 18646 0.487240 0.597222 0.048438 0.046296
0 18647 0.283594 0.526389 0.043229 0.050926
0 18648 0.620052 0.622685 0.045312 0.049074
