0 18145 0.573438 0.618056 0.047917 0.052778
0 18146 0.572917 0.474537 0.048958 0.056481
0 18147 0.407292 0.599074 0.045833 0.051852
0 18148 0.520052 0.445370 0.048438 0.053704
0 18149 0.481250 0.342593 0.048958 0.057407
0 18150 0.457552 0.525463 0.051562 0.052778
0 18151 0.548177 0.643056 0.046354 0.049074
0 18152 0.330729 0.592593 0.046875 0.050000
0 18153 0.464062 0.639815 0.047917 0.050000
0 18154 0.635156 0.402778 0.051562 0.059259
0 18155 0.486979 0.481944 0.045833 0.052778
0 18156 0.572656 0.371296 0.048438 0.059259
0 18157 0.425781 0.449074 0.045312 0.053704
0 18158 0.548177 0.413426 0.047396 0.056481
0 18159 0.373958 0.519907 0.050000 0.050926
0 18160 0.354427 0.558333 0.048438 0.051852
0 18161 0.385156 0.643056 0.046354 0.052778
0 18162 0.222135 0.467593 0.047396 0.053704
0 18163 0.432812 0.558796 0.047917 0.049074
0 18164 0.307031 0.479630 0.051562 0.050000
0 18165 0.513281 0.581481 0.046354 0.050000
0 18166 0.491406 0.606944 0.049479 0.050926
0 18167 0.280990 0.528241 0.046354 0.050926
0 18168 0.625000 0.638426 0.045833 0.050926
