0 18769 0.565104 0.606019 0.047917 0.049074
0 18770 0.560417 0.474537 0.044792 0.052778
0 18771 0.404167 0.594444 0.045833 0.051852
0 18772 0.502083 0.448611 0.047917 0.049074
0 18773 0.465625 0.373148 0.047917 0.051852
0 18774 0.450781 0.521759 0.051562 0.052778
0 18775 0.541667 0.624074 0.044792 0.046296
0 18776 0.331250 0.589352 0.046875 0.049074
0 18777 0.458854 0.630093 0.044792 0.049074
0 18778 0.613802 0.424537 0.048438 0.054630
0 18779 0.474219 0.481944 0.046354 0.045370
0 18780 0.556510 0.398148 0.048438 0.055556
0 18781 0.416406 0.449074 0.045312 0.053704
0 18782 0.531510 0.428704 0.045312 0.053704
0 18783 0.371094 0.519907 0.047396 0.045370
0 18784 0.352865 0.556481 0.048438 0.051852
0 18785 0.384635 0.631944 0.046354 0.052778
0 18786 0.224219 0.470370 0.047396 0.051852
0 18787 0.428646 0.559722 0.047917 0.049074
0 18788 0.306510 0.480556 0.051562 0.050000
0 18789 0.504687 0.577778 0.045833 0.048148
0 18790 0.485156 0.595370 0.048438 0.046296
0 18791 0.282031 0.526389 0.043229 0.050926
0 18792 0.617448 0.617130 0.045312 0.049074
