0 17977 0.576042 0.618056 0.047917 0.052778
0 17978 0.575000 0.467130 0.048958 0.056481
0 17979 0.407813 0.596296 0.045833 0.051852
0 17980 0.525260 0.437037 0.049479 0.055556
0 17981 0.485938 0.330556 0.048958 0.057407
0 17982 0.460677 0.521759 0.051562 0.052778
0 17983 0.549740 0.643056 0.046354 0.050926
0 17984 0.330729 0.589815 0.046875 0.050000
0 17985 0.220833 0.462963 0.047917 0.053704
0 17986 0.641406 0.389815 0.051562 0.059259
0 17987 0.490625 0.474537 0.045833 0.052778
0 17988 0.280729 0.525926 0.048958 0.051852
0 17989 0.427344 0.441667 0.045312 0.053704
0 17990 0.552344 0.403241 0.047396 0.056481
0 17991 0.375000 0.514352 0.050000 0.050926
0 17992 0.492969 0.606019 0.049479 0.050926
0 17993 0.384635 0.641204 0.046354 0.052778
0 17994 0.465625 0.638889 0.047917 0.050000
0 17995 0.435417 0.556019 0.047917 0.049074
0 17996 0.307031 0.474074 0.051562 0.050000
0 17997 0.514323 0.576852 0.046354 0.050000
0 17998 0.354427 0.557407 0.048438 0.051852
0 17999 0.627083 0.637500 0.046875 0.052778
0 18000 0.578125 0.356481 0.050000 0.059259
