0 19321 0.541667 0.651389 0.047917 0.050926
0 19322 0.530990 0.520833 0.047396 0.052778
0 19323 0.363021 0.650000 0.045833 0.051852
0 19324 0.461979 0.498611 0.047917 0.049074
0 19325 0.421615 0.427778 0.048438 0.051852
0 19326 0.412760 0.574537 0.051562 0.052778
0 19327 0.514844 0.679630 0.045312 0.046296
0 19328 0.284896 0.648611 0.045833 0.047222
0 19329 0.423177 0.686574 0.046354 0.049074
0 19330 0.583854 0.472685 0.051042 0.052778
0 19331 0.434635 0.538426 0.046354 0.045370
0 19332 0.522135 0.450000 0.048438 0.055556
0 19333 0.373177 0.504630 0.046354 0.053704
0 19334 0.491667 0.475926 0.046875 0.053704
0 19335 0.328125 0.575463 0.045833 0.041667
0 19336 0.307292 0.614815 0.045833 0.046296
0 19337 0.342448 0.687500 0.046354 0.052778
0 19338 0.165885 0.525000 0.049479 0.053704
0 19339 0.388542 0.615278 0.047917 0.049074
0 19340 0.253385 0.528704 0.051562 0.050000
0 19341 0.471094 0.632870 0.046354 0.047222
0 19342 0.449479 0.648611 0.051042 0.049074
0 19343 0.229167 0.579630 0.045833 0.050000
0 19344 0.598437 0.661574 0.046875 0.050926
