0 18937 0.563021 0.604167 0.047917 0.049074
0 18938 0.556250 0.479167 0.044792 0.050926
0 18939 0.403125 0.596296 0.045833 0.051852
0 18940 0.497917 0.454167 0.047917 0.049074
0 18941 0.460938 0.382407 0.047917 0.051852
0 18942 0.448698 0.524537 0.051562 0.052778
0 18943 0.538281 0.624074 0.044271 0.046296
0 18944 0.329688 0.593056 0.045833 0.047222
0 18945 0.455729 0.631019 0.044792 0.049074
0 18946 0.608594 0.431481 0.048438 0.053704
0 18947 0.470573 0.488426 0.046354 0.045370
0 18948 0.550781 0.406481 0.048438 0.055556
0 18949 0.412240 0.455556 0.045312 0.053704
0 18950 0.525781 0.435185 0.045312 0.053704
0 18951 0.369271 0.526389 0.045833 0.041667
0 18952 0.350521 0.559259 0.047917 0.050000
0 18953 0.383073 0.633796 0.046354 0.052778
0 18954 0.223177 0.475463 0.047396 0.050926
0 18955 0.426563 0.562500 0.047917 0.049074
0 18956 0.304948 0.483333 0.051562 0.050000
0 18957 0.501563 0.580093 0.045833 0.047222
0 18958 0.481250 0.600000 0.047917 0.046296
0 18959 0.280990 0.530093 0.043229 0.050926
0 18960 0.614844 0.616204 0.045312 0.049074
