0 18073 0.574479 0.618981 0.047917 0.052778
0 18074 0.573958 0.470833 0.048958 0.056481
0 18075 0.406771 0.599074 0.045833 0.051852
0 18076 0.522135 0.443056 0.049479 0.054630
0 18077 0.482292 0.337963 0.048958 0.057407
0 18078 0.458073 0.525463 0.051562 0.052778
0 18079 0.548698 0.644907 0.046354 0.050926
0 18080 0.330729 0.591667 0.046875 0.050000
0 18081 0.221354 0.466667 0.046875 0.053704
0 18082 0.637760 0.397222 0.051562 0.059259
0 18083 0.488542 0.479167 0.045833 0.052778
0 18084 0.575000 0.365741 0.048958 0.059259
0 18085 0.426302 0.447222 0.045312 0.053704
0 18086 0.549740 0.410648 0.047396 0.056481
0 18087 0.374479 0.517130 0.050000 0.050926
0 18088 0.491927 0.606944 0.049479 0.050926
0 18089 0.384635 0.643981 0.046354 0.052778
0 18090 0.464062 0.640741 0.047917 0.050000
0 18091 0.433333 0.558796 0.047917 0.049074
0 18092 0.307031 0.478704 0.051562 0.050000
0 18093 0.513802 0.579630 0.046354 0.050000
0 18094 0.354427 0.558333 0.048438 0.051852
0 18095 0.280208 0.528241 0.047917 0.050926
0 18096 0.625260 0.638889 0.046354 0.051852
