0 21649 0.595052 0.578241 0.049479 0.049074
0 21650 0.573958 0.478241 0.048958 0.050926
0 21651 0.422917 0.588426 0.046875 0.043519
0 21652 0.504687 0.468056 0.050000 0.052778
0 21653 0.455208 0.418981 0.050000 0.047222
0 21654 0.464062 0.536111 0.055208 0.046296
0 21655 0.570573 0.599537 0.048438 0.041667
0 21656 0.354167 0.587500 0.045833 0.047222
0 21657 0.489844 0.602315 0.046354 0.045370
0 21658 0.610417 0.435648 0.052083 0.052778
0 21659 0.483073 0.500000 0.049479 0.048148
0 21660 0.539844 0.423611 0.050521 0.049074
0 21661 0.421094 0.490741 0.047396 0.051852
0 21662 0.524740 0.438426 0.047396 0.045370
0 21663 0.387760 0.538426 0.050521 0.045370
0 21664 0.372656 0.574074 0.047396 0.048148
0 21665 0.409115 0.609722 0.047396 0.043519
0 21666 0.234896 0.493056 0.053125 0.049074
0 21667 0.441406 0.567130 0.047396 0.043519
0 21668 0.315625 0.502778 0.054167 0.048148
0 21669 0.525521 0.578241 0.048958 0.045370
0 21670 0.508333 0.587037 0.051042 0.048148
0 21671 0.296615 0.542130 0.047396 0.043519
0 21672 0.653646 0.585185 0.044792 0.048148
