0 20497 0.659115 0.575463 0.051562 0.052778
0 20498 0.637500 0.452315 0.052083 0.054630
0 20499 0.474219 0.578241 0.048438 0.049074
0 20500 0.566667 0.436574 0.050000 0.052778
0 20501 0.519010 0.373148 0.051562 0.053704
0 20502 0.520312 0.508796 0.055208 0.049074
0 20503 0.631250 0.599074 0.048958 0.046296
0 20504 0.397396 0.580093 0.045833 0.047222
0 20505 0.541667 0.604167 0.047917 0.049074
0 20506 0.682292 0.401389 0.056250 0.058333
0 20507 0.539844 0.475926 0.049479 0.048148
0 20508 0.614323 0.393056 0.052604 0.052778
0 20509 0.476562 0.465278 0.050000 0.056481
0 20510 0.588281 0.415278 0.047396 0.052778
0 20511 0.433594 0.518056 0.050521 0.045370
0 20512 0.418490 0.552778 0.047396 0.048148
0 20513 0.454688 0.612963 0.048958 0.050000
0 20514 0.271615 0.464815 0.052604 0.055556
0 20515 0.494792 0.551389 0.047917 0.049074
0 20516 0.359375 0.469444 0.054167 0.048148
0 20517 0.581250 0.562037 0.048958 0.050000
0 20518 0.561719 0.576852 0.053646 0.053704
0 20519 0.337240 0.521296 0.049479 0.050000
0 20520 0.718229 0.584722 0.050000 0.054630
