0 19705 0.557552 0.658333 0.050521 0.055556
0 19706 0.542188 0.526389 0.052083 0.054630
0 19707 0.364844 0.659259 0.049479 0.046296
0 19708 0.466406 0.510185 0.049479 0.051852
0 19709 0.421094 0.434259 0.051562 0.053704
0 19710 0.417969 0.582870 0.054688 0.049074
0 19711 0.529687 0.691667 0.047917 0.048148
0 19712 0.282813 0.664352 0.045833 0.047222
0 19713 0.431771 0.693056 0.047917 0.049074
0 19714 0.593490 0.473148 0.054688 0.053704
0 19715 0.438802 0.546296 0.049479 0.048148
0 19716 0.526302 0.458796 0.052604 0.052778
0 19717 0.372917 0.519907 0.050000 0.056481
0 19718 0.495312 0.482407 0.047917 0.053704
0 19719 0.326042 0.583796 0.050000 0.045370
0 19720 0.304948 0.630556 0.047396 0.048148
0 19721 0.342969 0.700463 0.047396 0.050926
0 19722 0.151823 0.534259 0.052604 0.055556
0 19723 0.391146 0.622685 0.047917 0.049074
0 19724 0.246875 0.539815 0.054167 0.050000
0 19725 0.478906 0.644444 0.049479 0.051852
0 19726 0.457031 0.659259 0.053646 0.053704
0 19727 0.221094 0.593519 0.048438 0.050000
0 19728 0.619271 0.670833 0.050000 0.056481
