0 19777 0.569010 0.649074 0.050521 0.055556
0 19778 0.554167 0.515278 0.052083 0.054630
0 19779 0.378385 0.648148 0.049479 0.046296
0 19780 0.477865 0.499074 0.049479 0.051852
0 19781 0.432552 0.425000 0.051562 0.053704
0 19782 0.430208 0.571759 0.055208 0.049074
0 19783 0.541146 0.680556 0.047917 0.048148
0 19784 0.295312 0.653241 0.045833 0.047222
0 19785 0.444271 0.681944 0.047917 0.049074
0 19786 0.605208 0.462037 0.055208 0.055556
0 19787 0.450781 0.535185 0.049479 0.048148
0 19788 0.537240 0.448611 0.052604 0.052778
0 19789 0.385417 0.511574 0.050000 0.056481
0 19790 0.507552 0.473148 0.047396 0.053704
0 19791 0.336719 0.574537 0.050521 0.045370
0 19792 0.317969 0.620370 0.047396 0.048148
0 19793 0.356771 0.688889 0.047917 0.050000
0 19794 0.165885 0.524074 0.052604 0.055556
0 19795 0.403646 0.612500 0.047917 0.049074
0 19796 0.259115 0.528704 0.051562 0.050000
0 19797 0.491406 0.632407 0.049479 0.051852
0 19798 0.469531 0.649074 0.053646 0.053704
0 19799 0.233073 0.583333 0.049479 0.050000
0 19800 0.631250 0.658796 0.050000 0.056481
