0 20113 0.638802 0.593519 0.051562 0.055556
0 20114 0.618229 0.463426 0.052083 0.054630
0 20115 0.449740 0.594444 0.048438 0.048148
0 20116 0.545573 0.445370 0.049479 0.051852
0 20117 0.498698 0.382407 0.051562 0.053704
0 20118 0.497396 0.518981 0.055208 0.049074
0 20119 0.609896 0.619444 0.048958 0.048148
0 20120 0.370833 0.596759 0.045833 0.047222
0 20121 0.515625 0.621759 0.047917 0.049074
0 20122 0.665625 0.409722 0.057292 0.060185
0 20123 0.519010 0.486111 0.049479 0.048148
0 20124 0.599219 0.406019 0.052604 0.052778
0 20125 0.453646 0.468519 0.050000 0.055556
0 20126 0.570573 0.426389 0.047396 0.052778
0 20127 0.409115 0.527315 0.050521 0.045370
0 20128 0.390885 0.566667 0.047396 0.048148
0 20129 0.428125 0.630556 0.048958 0.050000
0 20130 0.240365 0.476852 0.052604 0.055556
0 20131 0.470833 0.562500 0.047917 0.049074
0 20132 0.332292 0.480556 0.054167 0.048148
0 20133 0.558854 0.575000 0.048958 0.050000
0 20134 0.538281 0.596296 0.053646 0.053704
0 20135 0.308594 0.532407 0.049479 0.050000
0 20136 0.698438 0.601389 0.050000 0.054630
