0 20017 0.617969 0.608333 0.051562 0.055556
0 20018 0.600000 0.477315 0.052083 0.054630
0 20019 0.429427 0.612037 0.049479 0.046296
0 20020 0.525260 0.459259 0.049479 0.051852
0 20021 0.479427 0.395370 0.051562 0.053704
0 20022 0.478125 0.531944 0.055208 0.049074
0 20023 0.589063 0.637963 0.048958 0.048148
0 20024 0.349479 0.615278 0.045833 0.047222
0 20025 0.495312 0.640278 0.047917 0.049074
0 20026 0.647396 0.425463 0.057292 0.060185
0 20027 0.499740 0.498148 0.049479 0.048148
0 20028 0.580990 0.418981 0.052604 0.052778
0 20029 0.434375 0.481019 0.050000 0.056481
0 20030 0.553385 0.440741 0.047396 0.053704
0 20031 0.389323 0.541204 0.050521 0.045370
0 20032 0.368490 0.582407 0.047396 0.048148
0 20033 0.407292 0.646296 0.048958 0.050000
0 20034 0.218490 0.489815 0.052604 0.055556
0 20035 0.452604 0.574537 0.047917 0.049074
0 20036 0.310417 0.494444 0.054167 0.048148
0 20037 0.538542 0.590741 0.048958 0.050000
0 20038 0.517448 0.610185 0.053646 0.053704
0 20039 0.286198 0.547222 0.049479 0.050000
0 20040 0.678125 0.620833 0.050000 0.054630
