0 19873 0.588021 0.632407 0.051042 0.055556
0 19874 0.571354 0.499537 0.052083 0.054630
0 19875 0.397656 0.633333 0.049479 0.046296
0 19876 0.495573 0.483333 0.049479 0.051852
0 19877 0.450781 0.412963 0.051562 0.053704
0 19878 0.447917 0.556019 0.055208 0.049074
0 19879 0.559375 0.663889 0.047917 0.048148
0 19880 0.316146 0.638426 0.045833 0.047222
0 19881 0.464062 0.666204 0.047917 0.049074
0 19882 0.621354 0.447685 0.056250 0.058333
0 19883 0.470573 0.520370 0.049479 0.048148
0 19884 0.554427 0.437500 0.052604 0.052778
0 19885 0.404167 0.498611 0.050000 0.056481
0 19886 0.524740 0.460185 0.047396 0.053704
0 19887 0.357552 0.560648 0.050521 0.045370
0 19888 0.337240 0.605556 0.047396 0.048148
0 19889 0.376042 0.672222 0.048958 0.050000
0 19890 0.185677 0.511111 0.052604 0.055556
0 19891 0.420833 0.597685 0.047917 0.049074
0 19892 0.279948 0.515278 0.052604 0.049074
0 19893 0.509375 0.615278 0.048958 0.050926
0 19894 0.488281 0.633333 0.053646 0.053704
0 19895 0.253385 0.569444 0.049479 0.050000
0 19896 0.648958 0.643519 0.050000 0.055556
