0 20713 0.629427 0.592593 0.051562 0.055556
0 20714 0.608333 0.474537 0.050000 0.050926
0 20715 0.448177 0.593981 0.048438 0.049074
0 20716 0.539062 0.455093 0.050000 0.052778
0 20717 0.489323 0.397222 0.051562 0.053704
0 20718 0.494792 0.522685 0.055208 0.049074
0 20719 0.601562 0.615741 0.048958 0.046296
0 20720 0.375000 0.592130 0.045833 0.047222
0 20721 0.514062 0.622685 0.047917 0.049074
0 20722 0.650260 0.424537 0.055729 0.056481
0 20723 0.514323 0.490741 0.049479 0.048148
0 20724 0.583594 0.415278 0.052604 0.052778
0 20725 0.449479 0.488426 0.050000 0.056481
0 20726 0.559635 0.434259 0.047396 0.053704
0 20727 0.410156 0.531944 0.050521 0.045370
0 20728 0.392969 0.569444 0.047396 0.048148
0 20729 0.430208 0.623148 0.048958 0.050000
0 20730 0.247396 0.483796 0.053125 0.049074
0 20731 0.467187 0.568056 0.047917 0.049074
0 20732 0.334375 0.491667 0.054167 0.048148
0 20733 0.553646 0.576852 0.048958 0.050000
0 20734 0.535156 0.591667 0.053646 0.053704
0 20735 0.312240 0.539815 0.049479 0.050000
0 20736 0.688542 0.597685 0.050000 0.054630
