0 21265 0.613281 0.586574 0.049479 0.049074
0 21266 0.590625 0.473611 0.050000 0.050926
0 21267 0.436198 0.592130 0.048438 0.049074
0 21268 0.521354 0.460648 0.050000 0.052778
0 21269 0.472656 0.408333 0.051562 0.053704
0 21270 0.479167 0.530093 0.055208 0.049074
0 21271 0.586719 0.606944 0.048438 0.041667
0 21272 0.365104 0.592130 0.045833 0.047222
0 21273 0.503906 0.608333 0.047396 0.048148
0 21274 0.628906 0.432870 0.055729 0.056481
0 21275 0.499740 0.496296 0.049479 0.048148
0 21276 0.558073 0.422222 0.050521 0.053704
0 21277 0.435417 0.489352 0.050000 0.056481
0 21278 0.541406 0.436111 0.047396 0.046296
0 21279 0.401823 0.533796 0.050521 0.045370
0 21280 0.383594 0.571296 0.047396 0.048148
0 21281 0.421094 0.616204 0.047396 0.043519
0 21282 0.243750 0.491204 0.053125 0.049074
0 21283 0.454688 0.569907 0.047917 0.049074
0 21284 0.325521 0.500926 0.054167 0.048148
0 21285 0.539062 0.579167 0.048958 0.045370
0 21286 0.522917 0.589815 0.051042 0.048148
0 21287 0.307031 0.542593 0.049479 0.050000
0 21288 0.672135 0.589815 0.045312 0.050000
