0 19945 0.602344 0.620370 0.051562 0.055556
0 19946 0.585938 0.488426 0.052083 0.054630
0 19947 0.413281 0.622222 0.049479 0.046296
0 19948 0.510156 0.471296 0.049479 0.051852
0 19949 0.465365 0.404630 0.051562 0.053704
0 19950 0.463021 0.543981 0.055208 0.049074
0 19951 0.573698 0.650926 0.048438 0.048148
0 19952 0.332292 0.626389 0.045833 0.047222
0 19953 0.479687 0.653241 0.047917 0.049074
0 19954 0.633854 0.437500 0.057292 0.060185
0 19955 0.485156 0.509259 0.049479 0.048148
0 19956 0.567448 0.429167 0.052604 0.052778
0 19957 0.419271 0.489352 0.050000 0.056481
0 19958 0.538021 0.450000 0.048958 0.053704
0 19959 0.373698 0.551389 0.050521 0.045370
0 19960 0.351302 0.593519 0.047396 0.048148
0 19961 0.390625 0.658333 0.048958 0.050000
0 19962 0.201302 0.500926 0.052604 0.055556
0 19963 0.436458 0.586574 0.047917 0.049074
0 19964 0.295312 0.505093 0.053125 0.049074
0 19965 0.523438 0.602778 0.048958 0.050000
0 19966 0.502865 0.621296 0.053646 0.053704
0 19967 0.269531 0.558333 0.049479 0.050000
0 19968 0.663542 0.631944 0.050000 0.054630
