0 21769 0.586719 0.581019 0.049479 0.049074
0 21770 0.564844 0.485648 0.048438 0.049074
0 21771 0.417708 0.593056 0.046875 0.043519
0 21772 0.495833 0.476389 0.050000 0.052778
0 21773 0.447917 0.430093 0.050000 0.045370
0 21774 0.454688 0.541204 0.055208 0.043519
0 21775 0.563802 0.603241 0.048438 0.041667
0 21776 0.348438 0.590278 0.045833 0.047222
0 21777 0.482552 0.603241 0.046354 0.045370
0 21778 0.600521 0.439352 0.052083 0.052778
0 21779 0.476302 0.507407 0.049479 0.048148
0 21780 0.530990 0.431944 0.048438 0.045370
0 21781 0.412240 0.497222 0.047396 0.051852
0 21782 0.515365 0.444907 0.047396 0.045370
0 21783 0.381510 0.541667 0.049479 0.044444
0 21784 0.363281 0.578704 0.047396 0.048148
0 21785 0.401302 0.609722 0.047396 0.043519
0 21786 0.228906 0.500463 0.048438 0.050926
0 21787 0.432552 0.569907 0.047396 0.043519
0 21788 0.309375 0.508333 0.054167 0.048148
0 21789 0.516406 0.580556 0.048438 0.044444
0 21790 0.501563 0.589815 0.051042 0.048148
0 21791 0.289844 0.545833 0.047396 0.043519
0 21792 0.644792 0.587037 0.044792 0.048148
