0 20281 0.663802 0.576852 0.051562 0.055556
0 20282 0.644271 0.446759 0.052083 0.054630
0 20283 0.476823 0.578241 0.048438 0.049074
0 20284 0.570833 0.431944 0.050000 0.052778
0 20285 0.524740 0.362963 0.051562 0.053704
0 20286 0.524219 0.505093 0.054688 0.049074
0 20287 0.633854 0.601852 0.048958 0.046296
0 20288 0.398958 0.579167 0.045833 0.047222
0 20289 0.542188 0.606944 0.047917 0.049074
0 20290 0.688542 0.395833 0.057292 0.060185
0 20291 0.545573 0.469444 0.049479 0.048148
0 20292 0.622656 0.389352 0.052604 0.052778
0 20293 0.480208 0.458333 0.050000 0.055556
0 20294 0.594531 0.411111 0.047396 0.053704
0 20295 0.436198 0.511574 0.050521 0.045370
0 20296 0.420052 0.552778 0.047396 0.048148
0 20297 0.458333 0.612037 0.048958 0.050000
0 20298 0.270052 0.462963 0.052604 0.055556
0 20299 0.498958 0.545833 0.047917 0.049074
0 20300 0.360417 0.467593 0.054167 0.048148
0 20301 0.583333 0.560185 0.048958 0.050000
0 20302 0.564323 0.576852 0.053646 0.053704
0 20303 0.338802 0.517593 0.049479 0.050000
0 20304 0.723437 0.583796 0.050000 0.054630
