0 21481 0.608594 0.581944 0.049479 0.049074
0 21482 0.586979 0.474074 0.048958 0.050000
0 21483 0.435677 0.587500 0.047396 0.043519
0 21484 0.518750 0.461574 0.050000 0.052778
0 21485 0.469010 0.414815 0.050521 0.050000
0 21486 0.476042 0.530093 0.055208 0.049074
0 21487 0.584635 0.601389 0.048438 0.041667
0 21488 0.365104 0.591204 0.045833 0.047222
0 21489 0.502344 0.606944 0.046354 0.045370
0 21490 0.623177 0.431481 0.052604 0.053704
0 21491 0.495573 0.499074 0.049479 0.048148
0 21492 0.553646 0.422685 0.050000 0.049074
0 21493 0.434375 0.487500 0.050000 0.056481
0 21494 0.538281 0.435648 0.047396 0.045370
0 21495 0.399740 0.538426 0.050521 0.045370
0 21496 0.382552 0.571296 0.047396 0.048148
0 21497 0.420573 0.612500 0.047396 0.043519
0 21498 0.244271 0.491204 0.053125 0.049074
0 21499 0.452865 0.567593 0.047396 0.046296
0 21500 0.326562 0.500926 0.054167 0.048148
0 21501 0.538542 0.578241 0.048958 0.045370
0 21502 0.521875 0.588889 0.051042 0.048148
0 21503 0.306771 0.541204 0.047917 0.045370
0 21504 0.668750 0.585185 0.044792 0.048148
