0 19993 0.612760 0.612037 0.051562 0.055556
0 19994 0.595313 0.481019 0.052083 0.054630
0 19995 0.423698 0.614815 0.049479 0.046296
0 19996 0.520052 0.463889 0.049479 0.051852
0 19997 0.474740 0.398148 0.051562 0.053704
0 19998 0.472917 0.535648 0.055208 0.049074
0 19999 0.583854 0.642593 0.048958 0.048148
0 20000 0.343229 0.618981 0.045833 0.047222
0 20001 0.490104 0.643981 0.047917 0.049074
0 20002 0.642708 0.429167 0.057292 0.060185
0 20003 0.495052 0.501852 0.049479 0.048148
0 20004 0.576302 0.422685 0.052604 0.052778
0 20005 0.429167 0.483796 0.050000 0.056481
0 20006 0.547917 0.443519 0.047917 0.053704
0 20007 0.384115 0.544907 0.050521 0.045370
0 20008 0.362760 0.586111 0.047396 0.048148
0 20009 0.402083 0.650000 0.048958 0.050000
0 20010 0.212760 0.493519 0.052604 0.055556
0 20011 0.447396 0.578241 0.047917 0.049074
0 20012 0.305469 0.498148 0.053646 0.048148
0 20013 0.533854 0.594444 0.048958 0.050000
0 20014 0.512240 0.613889 0.053646 0.053704
0 20015 0.280469 0.550926 0.049479 0.050000
0 20016 0.672917 0.624537 0.050000 0.054630
