0 20209 0.654948 0.582407 0.051562 0.055556
0 20210 0.635938 0.450463 0.052083 0.054630
0 20211 0.468490 0.582870 0.048438 0.049074
0 20212 0.561979 0.434259 0.050000 0.051852
0 20213 0.515885 0.369444 0.051562 0.053704
0 20214 0.516667 0.507870 0.055208 0.049074
0 20215 0.626563 0.606019 0.048958 0.047222
0 20216 0.390625 0.582870 0.045833 0.047222
0 20217 0.533333 0.608796 0.047917 0.049074
0 20218 0.683333 0.396759 0.057292 0.060185
0 20219 0.536719 0.475000 0.049479 0.048148
0 20220 0.614323 0.394907 0.052604 0.052778
0 20221 0.472396 0.456481 0.050000 0.055556
0 20222 0.586719 0.415741 0.047396 0.051852
0 20223 0.428906 0.514352 0.050521 0.045370
0 20224 0.409115 0.556481 0.047396 0.048148
0 20225 0.448437 0.615741 0.048958 0.050000
0 20226 0.259115 0.467593 0.052604 0.055556
0 20227 0.488021 0.551389 0.047917 0.049074
0 20228 0.350000 0.471296 0.054167 0.048148
0 20229 0.577604 0.562037 0.048958 0.050000
0 20230 0.555469 0.585185 0.053646 0.053704
0 20231 0.326823 0.523148 0.049479 0.050000
0 20232 0.714583 0.591204 0.050000 0.054630
