0 21457 0.609635 0.581944 0.049479 0.049074
0 21458 0.588542 0.474074 0.048958 0.050000
0 21459 0.437240 0.587963 0.047396 0.044444
0 21460 0.519792 0.461574 0.050000 0.052778
0 21461 0.471094 0.414352 0.050521 0.049074
0 21462 0.476562 0.530093 0.055208 0.049074
0 21463 0.585156 0.601389 0.048438 0.041667
0 21464 0.365625 0.591204 0.045833 0.047222
0 21465 0.502865 0.606944 0.046354 0.045370
0 21466 0.624479 0.431944 0.053125 0.054630
0 21467 0.497656 0.499074 0.049479 0.048148
0 21468 0.554688 0.423148 0.050000 0.050000
0 21469 0.434375 0.487500 0.050000 0.056481
0 21470 0.538802 0.435648 0.047396 0.045370
0 21471 0.401302 0.538426 0.050521 0.045370
0 21472 0.383594 0.571296 0.047396 0.048148
0 21473 0.421615 0.612500 0.047396 0.043519
0 21474 0.244792 0.491204 0.053125 0.049074
0 21475 0.453385 0.568056 0.047396 0.047222
0 21476 0.327604 0.500926 0.054167 0.048148
0 21477 0.540104 0.578241 0.048958 0.045370
0 21478 0.521875 0.588889 0.051042 0.048148
0 21479 0.307292 0.541667 0.047917 0.046296
0 21480 0.669271 0.585185 0.044792 0.048148
