0 20377 0.666927 0.573148 0.051562 0.053704
0 20378 0.647917 0.446759 0.052083 0.054630
0 20379 0.481510 0.577315 0.048438 0.049074
0 20380 0.575000 0.431019 0.050000 0.052778
0 20381 0.527865 0.366667 0.051562 0.053704
0 20382 0.529167 0.503241 0.055208 0.049074
0 20383 0.640104 0.598148 0.048958 0.046296
0 20384 0.405729 0.578241 0.045833 0.047222
0 20385 0.547917 0.606019 0.047917 0.049074
0 20386 0.691406 0.394907 0.056771 0.060185
0 20387 0.549740 0.468519 0.049479 0.048148
0 20388 0.624219 0.391204 0.052604 0.052778
0 20389 0.484896 0.460648 0.050000 0.056481
0 20390 0.597135 0.411111 0.047396 0.053704
0 20391 0.443490 0.510648 0.050521 0.045370
0 20392 0.425781 0.550926 0.047396 0.048148
0 20393 0.461979 0.609259 0.048958 0.050000
0 20394 0.277865 0.462963 0.052604 0.055556
0 20395 0.501042 0.547685 0.047917 0.049074
0 20396 0.366146 0.467593 0.054167 0.048148
0 20397 0.588542 0.558333 0.048958 0.050000
0 20398 0.569531 0.576852 0.053646 0.053704
0 20399 0.342969 0.517593 0.049479 0.050000
0 20400 0.726562 0.581944 0.050000 0.054630
