0 19729 0.561198 0.655556 0.050521 0.055556
0 19730 0.546354 0.522685 0.052083 0.054630
0 19731 0.369531 0.655556 0.049479 0.046296
0 19732 0.470052 0.507407 0.049479 0.051852
0 19733 0.425260 0.431481 0.051562 0.053704
0 19734 0.421875 0.580093 0.055208 0.049074
0 19735 0.533333 0.687963 0.047917 0.048148
0 19736 0.287500 0.660648 0.045833 0.047222
0 19737 0.435937 0.689352 0.047917 0.049074
0 19738 0.597135 0.468981 0.054688 0.054630
0 19739 0.442969 0.542593 0.049479 0.048148
0 19740 0.530469 0.458796 0.052604 0.052778
0 19741 0.376563 0.518056 0.050000 0.056481
0 19742 0.499479 0.479630 0.047917 0.053704
0 19743 0.329688 0.581019 0.050000 0.045370
0 19744 0.308073 0.627778 0.047396 0.048148
0 19745 0.347656 0.696759 0.047396 0.050926
0 19746 0.156510 0.530556 0.052604 0.055556
0 19747 0.395313 0.618981 0.047917 0.049074
0 19748 0.251042 0.536111 0.053125 0.050000
0 19749 0.482812 0.642130 0.050000 0.052778
0 19750 0.460677 0.656481 0.053646 0.053704
0 19751 0.224479 0.589815 0.048958 0.050000
0 19752 0.623437 0.667130 0.050000 0.056481
