0 21409 0.612760 0.582870 0.049479 0.049074
0 21410 0.590885 0.473148 0.049479 0.050000
0 21411 0.437500 0.589352 0.047917 0.047222
0 21412 0.521354 0.460648 0.050000 0.052778
0 21413 0.471094 0.412963 0.050521 0.050000
0 21414 0.478125 0.531019 0.055208 0.049074
0 21415 0.587240 0.602315 0.048438 0.041667
0 21416 0.366667 0.591204 0.045833 0.047222
0 21417 0.504687 0.607407 0.046875 0.046296
0 21418 0.627344 0.431944 0.053646 0.054630
0 21419 0.499219 0.498148 0.049479 0.048148
0 21420 0.557292 0.422685 0.050000 0.050926
0 21421 0.435417 0.487500 0.050000 0.056481
0 21422 0.540885 0.435648 0.047396 0.045370
0 21423 0.402344 0.535648 0.050521 0.045370
0 21424 0.385677 0.571296 0.047396 0.048148
0 21425 0.422656 0.613426 0.047396 0.043519
0 21426 0.245312 0.491204 0.053125 0.049074
0 21427 0.455469 0.568519 0.047396 0.048148
0 21428 0.327083 0.500926 0.054167 0.048148
0 21429 0.539583 0.578241 0.048958 0.045370
0 21430 0.522396 0.588889 0.051042 0.048148
0 21431 0.309115 0.542130 0.048438 0.047222
0 21432 0.670312 0.586111 0.044792 0.048148
