0 21289 0.613281 0.585648 0.049479 0.049074
0 21290 0.590625 0.473611 0.050000 0.050926
0 21291 0.436719 0.592130 0.048438 0.049074
0 21292 0.521354 0.460648 0.050000 0.052778
0 21293 0.471875 0.408796 0.051042 0.052778
0 21294 0.479167 0.530093 0.055208 0.049074
0 21295 0.586719 0.606019 0.048438 0.041667
0 21296 0.366667 0.592130 0.045833 0.047222
0 21297 0.504948 0.608333 0.047396 0.048148
0 21298 0.629427 0.432870 0.055729 0.056481
0 21299 0.499740 0.496296 0.049479 0.048148
0 21300 0.558073 0.422222 0.050521 0.053704
0 21301 0.435937 0.488426 0.050000 0.056481
0 21302 0.541927 0.435648 0.047396 0.045370
0 21303 0.401823 0.533796 0.050521 0.045370
0 21304 0.384115 0.571296 0.047396 0.048148
0 21305 0.421615 0.615278 0.047396 0.043519
0 21306 0.244271 0.491204 0.053125 0.049074
0 21307 0.454688 0.568981 0.047917 0.049074
0 21308 0.326042 0.500926 0.054167 0.048148
0 21309 0.539062 0.579167 0.048958 0.045370
0 21310 0.523438 0.588889 0.051042 0.048148
0 21311 0.307552 0.543519 0.049479 0.050000
0 21312 0.672135 0.588889 0.045312 0.050000
