0 20521 0.655990 0.575926 0.051562 0.053704
0 20522 0.634375 0.452315 0.052083 0.054630
0 20523 0.471094 0.580093 0.048438 0.049074
0 20524 0.563542 0.438426 0.050000 0.052778
0 20525 0.515885 0.375000 0.051562 0.053704
0 20526 0.517708 0.509722 0.055208 0.049074
0 20527 0.628125 0.600926 0.048958 0.046296
0 20528 0.395313 0.580093 0.045833 0.047222
0 20529 0.538542 0.606019 0.047917 0.049074
0 20530 0.678385 0.404167 0.055729 0.058333
0 20531 0.537240 0.476852 0.049479 0.048148
0 20532 0.611198 0.395833 0.052604 0.052778
0 20533 0.473438 0.468056 0.050000 0.056481
0 20534 0.585156 0.416667 0.047396 0.051852
0 20535 0.430990 0.519907 0.050521 0.045370
0 20536 0.416406 0.552778 0.047396 0.048148
0 20537 0.452083 0.612963 0.048958 0.050000
0 20538 0.268750 0.466204 0.053125 0.052778
0 20539 0.491667 0.553241 0.047917 0.049074
0 20540 0.356771 0.472222 0.054167 0.048148
0 20541 0.578125 0.562963 0.048958 0.050000
0 20542 0.558594 0.578704 0.053646 0.053704
0 20543 0.334635 0.522222 0.049479 0.050000
0 20544 0.715625 0.585648 0.050000 0.054630
