0 21001 0.608854 0.592593 0.050000 0.051852
0 21002 0.586979 0.478241 0.050000 0.050926
0 21003 0.429427 0.599537 0.048438 0.049074
0 21004 0.517708 0.462037 0.050000 0.051852
0 21005 0.468490 0.409259 0.051562 0.053704
0 21006 0.475000 0.530093 0.055208 0.049074
0 21007 0.582552 0.615741 0.048438 0.044444
0 21008 0.358854 0.598611 0.045833 0.047222
0 21009 0.495833 0.621759 0.047917 0.049074
0 21010 0.626823 0.437500 0.055729 0.056481
0 21011 0.495052 0.497222 0.049479 0.048148
0 21012 0.558073 0.424537 0.052604 0.052778
0 21013 0.431250 0.494907 0.050000 0.056481
0 21014 0.538281 0.440278 0.047396 0.050926
0 21015 0.393490 0.541204 0.050521 0.045370
0 21016 0.378385 0.572222 0.047396 0.048148
0 21017 0.413542 0.625926 0.048958 0.050000
0 21018 0.233854 0.493981 0.053125 0.049074
0 21019 0.450000 0.573611 0.047917 0.049074
0 21020 0.318750 0.500926 0.054167 0.048148
0 21021 0.533854 0.582870 0.048958 0.049074
0 21022 0.517448 0.595833 0.052604 0.050926
0 21023 0.297656 0.545370 0.049479 0.050000
0 21024 0.668490 0.598148 0.047396 0.051852
