0 19849 0.583073 0.636111 0.050521 0.055556
0 19850 0.566667 0.503241 0.052083 0.054630
0 19851 0.392448 0.637037 0.049479 0.046296
0 19852 0.491406 0.487037 0.049479 0.051852
0 19853 0.446094 0.416667 0.051562 0.053704
0 19854 0.443229 0.560648 0.055208 0.049074
0 19855 0.554688 0.667593 0.047917 0.048148
0 19856 0.310937 0.642130 0.045833 0.047222
0 19857 0.458854 0.670833 0.047917 0.049074
0 19858 0.617708 0.451389 0.056250 0.058333
0 19859 0.465365 0.524074 0.049479 0.048148
0 19860 0.550260 0.440278 0.052604 0.052778
0 19861 0.399479 0.501389 0.050000 0.056481
0 19862 0.520573 0.463889 0.047396 0.053704
0 19863 0.352344 0.564352 0.050521 0.045370
0 19864 0.332552 0.609259 0.047396 0.048148
0 19865 0.370833 0.677778 0.048958 0.050000
0 19866 0.180469 0.513889 0.052604 0.055556
0 19867 0.416146 0.602315 0.047917 0.049074
0 19868 0.274479 0.518056 0.052083 0.049074
0 19869 0.504948 0.619907 0.049479 0.050926
0 19870 0.483594 0.637037 0.053646 0.053704
0 19871 0.248177 0.573148 0.049479 0.050000
0 19872 0.644271 0.647222 0.050000 0.055556
