0 20425 0.664844 0.573148 0.051562 0.053704
0 20426 0.646354 0.450463 0.052083 0.054630
0 20427 0.478906 0.576389 0.048438 0.049074
0 20428 0.573958 0.433796 0.050000 0.052778
0 20429 0.526823 0.368519 0.051562 0.053704
0 20430 0.528646 0.504167 0.055208 0.049074
0 20431 0.636979 0.597222 0.048958 0.046296
0 20432 0.404167 0.578241 0.045833 0.047222
0 20433 0.545312 0.605093 0.047917 0.049074
0 20434 0.689323 0.397222 0.056771 0.059259
0 20435 0.547135 0.470370 0.049479 0.048148
0 20436 0.620052 0.392130 0.052604 0.052778
0 20437 0.482812 0.461574 0.050000 0.056481
0 20438 0.597656 0.412963 0.047396 0.053704
0 20439 0.440365 0.512500 0.050521 0.045370
0 20440 0.425260 0.551852 0.047396 0.048148
0 20441 0.460938 0.610185 0.048958 0.050000
0 20442 0.276823 0.462963 0.052604 0.055556
0 20443 0.501042 0.547685 0.047917 0.049074
0 20444 0.364063 0.468519 0.054167 0.048148
0 20445 0.587500 0.560185 0.048958 0.050000
0 20446 0.567969 0.575000 0.053646 0.053704
0 20447 0.342448 0.517593 0.049479 0.050000
0 20448 0.725521 0.581944 0.050000 0.054630
