0 20953 0.609635 0.594907 0.050521 0.052778
0 20954 0.586979 0.479167 0.050000 0.050926
0 20955 0.430469 0.600463 0.048438 0.049074
0 20956 0.518229 0.463426 0.050000 0.052778
0 20957 0.470052 0.409259 0.051562 0.053704
0 20958 0.477083 0.529167 0.055208 0.049074
0 20959 0.583073 0.617130 0.048438 0.045370
0 20960 0.359375 0.599537 0.045833 0.047222
0 20961 0.497396 0.621759 0.047917 0.049074
0 20962 0.627865 0.437500 0.055729 0.056481
0 20963 0.495573 0.497222 0.049479 0.048148
0 20964 0.558594 0.426389 0.052604 0.052778
0 20965 0.430729 0.496759 0.050000 0.056481
0 20966 0.539323 0.441667 0.047396 0.051852
0 20967 0.392969 0.542130 0.050521 0.045370
0 20968 0.377344 0.573148 0.047396 0.048148
0 20969 0.412500 0.628704 0.048958 0.050000
0 20970 0.233333 0.493981 0.053125 0.049074
0 20971 0.449479 0.574537 0.047917 0.049074
0 20972 0.318229 0.500926 0.054167 0.048148
0 20973 0.534375 0.583333 0.048958 0.050000
0 20974 0.518490 0.596296 0.052604 0.051852
0 20975 0.297656 0.545370 0.049479 0.050000
0 20976 0.669271 0.600463 0.047917 0.052778
