0 19897 0.592708 0.627778 0.051042 0.055556
0 19898 0.576562 0.495833 0.052083 0.054630
0 19899 0.402865 0.629630 0.049479 0.046296
0 19900 0.500260 0.479630 0.049479 0.051852
0 19901 0.455469 0.410185 0.051562 0.053704
0 19902 0.453125 0.552315 0.055208 0.049074
0 19903 0.564323 0.659259 0.048438 0.048148
0 19904 0.321354 0.634722 0.045833 0.047222
0 19905 0.469271 0.661574 0.047917 0.049074
0 19906 0.625781 0.444444 0.056771 0.059259
0 19907 0.475260 0.516667 0.049479 0.048148
0 19908 0.558594 0.434722 0.052604 0.052778
0 19909 0.408854 0.494907 0.050000 0.056481
0 19910 0.529167 0.456481 0.047917 0.053704
0 19911 0.363281 0.557870 0.050521 0.045370
0 19912 0.341927 0.601852 0.047396 0.048148
0 19913 0.380729 0.667593 0.048958 0.050000
0 19914 0.190885 0.507407 0.052604 0.055556
0 19915 0.426042 0.593981 0.047917 0.049074
0 19916 0.284635 0.511574 0.052604 0.049074
0 19917 0.513542 0.611574 0.048958 0.050926
0 19918 0.493490 0.629630 0.053646 0.053704
0 19919 0.258594 0.565741 0.049479 0.050000
0 19920 0.653646 0.639815 0.050000 0.055556
