0 21721 0.589323 0.579167 0.049479 0.049074
0 21722 0.567187 0.481944 0.048958 0.050926
0 21723 0.419792 0.591204 0.046875 0.043519
0 21724 0.499479 0.472685 0.050000 0.052778
0 21725 0.450521 0.424537 0.050000 0.045370
0 21726 0.458333 0.538889 0.055208 0.044444
0 21727 0.566406 0.601389 0.048438 0.041667
0 21728 0.350521 0.588426 0.045833 0.047222
0 21729 0.485156 0.602315 0.046354 0.045370
0 21730 0.604167 0.437500 0.052083 0.052778
0 21731 0.478906 0.504630 0.049479 0.048148
0 21732 0.534375 0.428241 0.048958 0.047222
0 21733 0.414323 0.493519 0.047396 0.051852
0 21734 0.517969 0.442130 0.047396 0.045370
0 21735 0.383594 0.539352 0.050521 0.045370
0 21736 0.367448 0.576852 0.047396 0.048148
0 21737 0.404427 0.606944 0.047396 0.043519
0 21738 0.229948 0.496296 0.048438 0.050000
0 21739 0.435156 0.568056 0.047396 0.043519
0 21740 0.311979 0.506481 0.054167 0.048148
0 21741 0.520312 0.578241 0.048958 0.045370
0 21742 0.503646 0.588889 0.051042 0.048148
0 21743 0.291927 0.543981 0.047396 0.043519
0 21744 0.647396 0.585185 0.044792 0.048148
