0 20641 0.639323 0.586111 0.051562 0.055556
0 20642 0.618490 0.467593 0.051562 0.053704
0 20643 0.457031 0.591204 0.048438 0.049074
0 20644 0.548438 0.449537 0.050000 0.052778
0 20645 0.499219 0.388889 0.051562 0.053704
0 20646 0.503646 0.517130 0.055208 0.049074
0 20647 0.613021 0.610185 0.048958 0.046296
0 20648 0.383333 0.586574 0.045833 0.047222
0 20649 0.523438 0.616204 0.047917 0.049074
0 20650 0.661198 0.418056 0.055729 0.056481
0 20651 0.523698 0.485185 0.049479 0.048148
0 20652 0.594010 0.408796 0.052604 0.052778
0 20653 0.457813 0.481019 0.050000 0.056481
0 20654 0.569531 0.427778 0.047396 0.053704
0 20655 0.419531 0.528241 0.050521 0.045370
0 20656 0.402344 0.562963 0.047396 0.048148
0 20657 0.439063 0.617593 0.048958 0.050000
0 20658 0.255208 0.478241 0.053125 0.049074
0 20659 0.476042 0.562500 0.047917 0.049074
0 20660 0.342187 0.485185 0.054167 0.048148
0 20661 0.563021 0.570370 0.048958 0.050000
0 20662 0.544010 0.587963 0.053646 0.053704
0 20663 0.320573 0.532407 0.049479 0.050000
0 20664 0.698438 0.593056 0.050000 0.054630
