0 20881 0.613542 0.594907 0.051042 0.054630
0 20882 0.591667 0.478241 0.050000 0.050926
0 20883 0.433594 0.600463 0.048438 0.049074
0 20884 0.522396 0.462037 0.050000 0.051852
0 20885 0.475260 0.406481 0.051562 0.053704
0 20886 0.480729 0.528241 0.055208 0.049074
0 20887 0.586979 0.618519 0.048958 0.046296
0 20888 0.361979 0.599537 0.045833 0.047222
0 20889 0.499479 0.622685 0.047917 0.049074
0 20890 0.632552 0.435648 0.055729 0.056481
0 20891 0.499219 0.497222 0.049479 0.048148
0 20892 0.563281 0.425463 0.052604 0.052778
0 20893 0.435417 0.494907 0.050000 0.056481
0 20894 0.543490 0.442130 0.047396 0.052778
0 20895 0.396094 0.540278 0.050521 0.045370
0 20896 0.380990 0.573148 0.047396 0.048148
0 20897 0.416146 0.628704 0.048958 0.050000
0 20898 0.235417 0.493056 0.053125 0.049074
0 20899 0.452604 0.574537 0.047917 0.049074
0 20900 0.320312 0.500926 0.054167 0.048148
0 20901 0.538542 0.582407 0.048958 0.050000
0 20902 0.520312 0.596759 0.053125 0.052778
0 20903 0.300781 0.545370 0.049479 0.050000
0 20904 0.673698 0.598611 0.048438 0.052778
