0 20977 0.609635 0.593519 0.050521 0.051852
0 20978 0.586979 0.478241 0.050000 0.050926
0 20979 0.428906 0.600463 0.048438 0.049074
0 20980 0.518229 0.462037 0.050000 0.051852
0 20981 0.468490 0.410185 0.051562 0.053704
0 20982 0.476042 0.529167 0.055208 0.049074
0 20983 0.582552 0.616667 0.048438 0.044444
0 20984 0.358333 0.599537 0.045833 0.047222
0 20985 0.496875 0.621759 0.047917 0.049074
0 20986 0.626823 0.438426 0.055729 0.056481
0 20987 0.494531 0.497222 0.049479 0.048148
0 20988 0.558073 0.425463 0.052604 0.052778
0 20989 0.430729 0.495833 0.050000 0.056481
0 20990 0.538802 0.441667 0.047396 0.051852
0 20991 0.393490 0.541204 0.050521 0.045370
0 20992 0.377865 0.573148 0.047396 0.048148
0 20993 0.413021 0.627778 0.048958 0.050000
0 20994 0.233333 0.493981 0.053125 0.049074
0 20995 0.449479 0.573611 0.047917 0.049074
0 20996 0.318229 0.500926 0.054167 0.048148
0 20997 0.534375 0.582870 0.048958 0.049074
0 20998 0.517969 0.595833 0.052604 0.050926
0 20999 0.297135 0.545370 0.049479 0.050000
0 21000 0.668490 0.599074 0.047396 0.051852
