0 21385 0.612760 0.583796 0.049479 0.049074
0 21386 0.590885 0.473148 0.049479 0.050000
0 21387 0.438281 0.590278 0.048438 0.049074
0 21388 0.521354 0.460648 0.050000 0.052778
0 21389 0.471094 0.412500 0.050521 0.050926
0 21390 0.478646 0.530093 0.055208 0.049074
0 21391 0.588281 0.603241 0.048438 0.041667
0 21392 0.367188 0.591204 0.045833 0.047222
0 21393 0.505208 0.607407 0.046875 0.046296
0 21394 0.628646 0.432407 0.054167 0.055556
0 21395 0.499740 0.498148 0.049479 0.048148
0 21396 0.557292 0.421759 0.050000 0.050926
0 21397 0.435937 0.487500 0.050000 0.056481
0 21398 0.541406 0.435648 0.047396 0.045370
0 21399 0.402344 0.534722 0.050521 0.045370
0 21400 0.385677 0.571296 0.047396 0.048148
0 21401 0.423177 0.614352 0.047396 0.043519
0 21402 0.245833 0.491204 0.053125 0.049074
0 21403 0.456771 0.568981 0.047917 0.049074
0 21404 0.327083 0.500926 0.054167 0.048148
0 21405 0.539583 0.578241 0.048958 0.045370
0 21406 0.522396 0.588889 0.051042 0.048148
0 21407 0.309896 0.542593 0.048958 0.048148
0 21408 0.670833 0.586574 0.044792 0.049074
