0 21625 0.597656 0.579167 0.049479 0.049074
0 21626 0.576562 0.477315 0.048958 0.050926
0 21627 0.424479 0.587500 0.046875 0.043519
0 21628 0.507292 0.467130 0.050000 0.052778
0 21629 0.458073 0.418056 0.050521 0.049074
0 21630 0.466146 0.535185 0.055208 0.046296
0 21631 0.572656 0.599537 0.048438 0.041667
0 21632 0.356250 0.588426 0.045833 0.047222
0 21633 0.491927 0.603241 0.046354 0.045370
0 21634 0.612500 0.434722 0.052083 0.052778
0 21635 0.485156 0.500000 0.049479 0.048148
0 21636 0.541927 0.423611 0.050521 0.049074
0 21637 0.423177 0.489815 0.047396 0.051852
0 21638 0.527344 0.437500 0.047396 0.045370
0 21639 0.389844 0.538426 0.050521 0.045370
0 21640 0.374740 0.573148 0.047396 0.048148
0 21641 0.411198 0.609722 0.047396 0.043519
0 21642 0.236458 0.493981 0.053125 0.049074
0 21643 0.443490 0.567130 0.047396 0.043519
0 21644 0.316667 0.501852 0.054167 0.048148
0 21645 0.527604 0.578241 0.048958 0.045370
0 21646 0.510417 0.587037 0.051042 0.048148
0 21647 0.298698 0.541204 0.047396 0.043519
0 21648 0.655729 0.585185 0.044792 0.048148
