0 21097 0.609635 0.590278 0.049479 0.049074
0 21098 0.587500 0.475463 0.050000 0.050926
0 21099 0.430990 0.595833 0.048438 0.049074
0 21100 0.518750 0.461111 0.050000 0.051852
0 21101 0.469531 0.408333 0.051562 0.053704
0 21102 0.476562 0.530093 0.055208 0.049074
0 21103 0.584115 0.612037 0.048438 0.042593
0 21104 0.360938 0.595833 0.045833 0.047222
0 21105 0.498958 0.616204 0.047917 0.049074
0 21106 0.627344 0.433796 0.055729 0.056481
0 21107 0.496615 0.498148 0.049479 0.048148
0 21108 0.556771 0.423611 0.051042 0.052778
0 21109 0.432812 0.493056 0.050000 0.056481
0 21110 0.538802 0.440741 0.047396 0.050000
0 21111 0.395052 0.539352 0.050521 0.045370
0 21112 0.380469 0.572222 0.047396 0.048148
0 21113 0.415365 0.621296 0.048438 0.048148
0 21114 0.236979 0.493056 0.053125 0.049074
0 21115 0.451562 0.571759 0.047917 0.049074
0 21116 0.320833 0.500926 0.054167 0.048148
0 21117 0.535937 0.581019 0.048958 0.047222
0 21118 0.518750 0.594444 0.052083 0.050000
0 21119 0.301302 0.545370 0.049479 0.050000
0 21120 0.670052 0.594907 0.046354 0.050926
