0 21529 0.605469 0.581019 0.049479 0.049074
0 21530 0.584896 0.474074 0.048958 0.050000
0 21531 0.431771 0.587500 0.046875 0.043519
0 21532 0.515625 0.462500 0.050000 0.052778
0 21533 0.466146 0.415278 0.051042 0.052778
0 21534 0.473438 0.530556 0.055208 0.048148
0 21535 0.581510 0.600463 0.048438 0.041667
0 21536 0.363021 0.590278 0.045833 0.047222
0 21537 0.499740 0.606019 0.046354 0.045370
0 21538 0.620833 0.431944 0.052083 0.052778
0 21539 0.491927 0.499074 0.049479 0.048148
0 21540 0.550260 0.423611 0.050521 0.049074
0 21541 0.430990 0.487963 0.048438 0.053704
0 21542 0.534635 0.435648 0.047396 0.045370
0 21543 0.396094 0.538426 0.050521 0.045370
0 21544 0.380990 0.571296 0.047396 0.048148
0 21545 0.418490 0.611574 0.047396 0.043519
0 21546 0.242708 0.491204 0.053125 0.049074
0 21547 0.450260 0.567130 0.047396 0.045370
0 21548 0.323958 0.500000 0.054167 0.048148
0 21549 0.534896 0.578241 0.048958 0.045370
0 21550 0.518750 0.587037 0.051042 0.048148
0 21551 0.305469 0.540741 0.047396 0.044444
0 21552 0.665104 0.585185 0.044792 0.048148
