0 21025 0.608854 0.591204 0.050000 0.050926
0 21026 0.586979 0.477315 0.050000 0.050926
0 21027 0.429948 0.598611 0.048438 0.049074
0 21028 0.517708 0.462037 0.050000 0.051852
0 21029 0.468490 0.408333 0.051562 0.053704
0 21030 0.475000 0.530093 0.055208 0.049074
0 21031 0.583073 0.614352 0.048438 0.043519
0 21032 0.359375 0.597685 0.045833 0.047222
0 21033 0.496875 0.619907 0.047917 0.049074
0 21034 0.626823 0.436574 0.055729 0.056481
0 21035 0.495052 0.497222 0.049479 0.048148
0 21036 0.557552 0.424537 0.052604 0.052778
0 21037 0.431771 0.494907 0.050000 0.056481
0 21038 0.538281 0.441204 0.047396 0.050926
0 21039 0.394010 0.540278 0.050521 0.045370
0 21040 0.378906 0.572222 0.047396 0.048148
0 21041 0.413542 0.625000 0.048958 0.050000
0 21042 0.233854 0.493981 0.053125 0.049074
0 21043 0.450521 0.572685 0.047917 0.049074
0 21044 0.318750 0.500926 0.054167 0.048148
0 21045 0.533854 0.581481 0.048958 0.048148
0 21046 0.517448 0.596759 0.052604 0.050926
0 21047 0.298698 0.545370 0.049479 0.050000
0 21048 0.668750 0.597222 0.046875 0.051852
