0 20785 0.622135 0.593519 0.051562 0.055556
0 20786 0.600000 0.476389 0.050000 0.050926
0 20787 0.441406 0.596759 0.048438 0.049074
0 20788 0.529167 0.461574 0.050000 0.052778
0 20789 0.481510 0.402778 0.051562 0.053704
0 20790 0.485938 0.528241 0.055208 0.049074
0 20791 0.594271 0.616667 0.048958 0.046296
0 20792 0.367188 0.597685 0.045833 0.047222
0 20793 0.507292 0.624537 0.047917 0.049074
0 20794 0.640885 0.431019 0.055729 0.056481
0 20795 0.505469 0.496296 0.049479 0.048148
0 20796 0.573177 0.420833 0.052604 0.052778
0 20797 0.441667 0.493981 0.050000 0.056481
0 20798 0.550521 0.439815 0.046875 0.053704
0 20799 0.402865 0.536574 0.050521 0.045370
0 20800 0.388281 0.571296 0.047396 0.048148
0 20801 0.421354 0.628704 0.048958 0.050000
0 20802 0.240625 0.489352 0.053125 0.049074
0 20803 0.460417 0.570833 0.047917 0.049074
0 20804 0.328125 0.495370 0.054167 0.048148
0 20805 0.545833 0.580556 0.048958 0.050000
0 20806 0.526823 0.595370 0.053646 0.053704
0 20807 0.306510 0.542593 0.049479 0.050000
0 20808 0.680208 0.598148 0.048958 0.053704
