0 19969 0.607552 0.615741 0.051562 0.055556
0 19970 0.590625 0.484722 0.052083 0.054630
0 19971 0.418490 0.618519 0.049479 0.046296
0 19972 0.515365 0.467593 0.049479 0.051852
0 19973 0.470052 0.400926 0.051562 0.053704
0 19974 0.468229 0.540278 0.055208 0.049074
0 19975 0.579167 0.647222 0.048958 0.048148
0 19976 0.338021 0.622685 0.045833 0.047222
0 19977 0.484896 0.648611 0.047917 0.049074
0 19978 0.638021 0.432870 0.057292 0.060185
0 19979 0.490365 0.505556 0.049479 0.048148
0 19980 0.571615 0.426389 0.052604 0.052778
0 19981 0.424479 0.486574 0.050000 0.056481
0 19982 0.542969 0.447222 0.048438 0.053704
0 19983 0.378906 0.547685 0.050521 0.045370
0 19984 0.357031 0.589815 0.047396 0.048148
0 19985 0.396354 0.653704 0.048958 0.050000
0 19986 0.207031 0.497222 0.052604 0.055556
0 19987 0.442188 0.581944 0.047917 0.049074
0 19988 0.300260 0.500926 0.053646 0.048148
0 19989 0.528646 0.598148 0.048958 0.050000
0 19990 0.507552 0.617593 0.053646 0.053704
0 19991 0.275260 0.554630 0.049479 0.050000
0 19992 0.668229 0.628241 0.050000 0.054630
