0 21433 0.611198 0.582870 0.049479 0.049074
0 21434 0.589583 0.473148 0.048958 0.050000
0 21435 0.437240 0.588426 0.047396 0.045370
0 21436 0.520312 0.460648 0.050000 0.052778
0 21437 0.471094 0.413889 0.050521 0.050000
0 21438 0.477604 0.530093 0.055208 0.049074
0 21439 0.586198 0.602315 0.048438 0.041667
0 21440 0.366146 0.591204 0.045833 0.047222
0 21441 0.504167 0.607407 0.046875 0.046296
0 21442 0.626042 0.431944 0.053125 0.054630
0 21443 0.499219 0.499074 0.049479 0.048148
0 21444 0.556250 0.422222 0.050000 0.050000
0 21445 0.434896 0.487500 0.050000 0.056481
0 21446 0.539844 0.435648 0.047396 0.045370
0 21447 0.402344 0.536574 0.050521 0.045370
0 21448 0.384635 0.571296 0.047396 0.048148
0 21449 0.422135 0.613426 0.047396 0.043519
0 21450 0.245312 0.491204 0.053125 0.049074
0 21451 0.454427 0.568056 0.047396 0.047222
0 21452 0.327604 0.500926 0.054167 0.048148
0 21453 0.540104 0.578241 0.048958 0.045370
0 21454 0.521875 0.588889 0.051042 0.048148
0 21455 0.308594 0.542130 0.048438 0.047222
0 21456 0.669792 0.585185 0.044792 0.048148
