0 22057 0.573698 0.587963 0.049479 0.048148
0 22058 0.550260 0.500926 0.047396 0.048148
0 22059 0.406771 0.599537 0.046875 0.043519
0 22060 0.483333 0.495370 0.046875 0.048148
0 22061 0.434896 0.448611 0.050000 0.045370
0 22062 0.442188 0.552778 0.054167 0.042593
0 22063 0.548958 0.602778 0.046875 0.038889
0 22064 0.338021 0.594907 0.045833 0.047222
0 22065 0.471094 0.606019 0.046354 0.045370
0 22066 0.585938 0.454167 0.052083 0.052778
0 22067 0.461719 0.521296 0.049479 0.048148
0 22068 0.516927 0.447222 0.047396 0.044444
0 22069 0.399740 0.514815 0.047396 0.051852
0 22070 0.501823 0.467130 0.047396 0.045370
0 22071 0.369271 0.555093 0.046875 0.043519
0 22072 0.353125 0.590741 0.043750 0.048148
0 22073 0.391927 0.609722 0.047396 0.043519
0 22074 0.220052 0.512500 0.048438 0.050926
0 22075 0.423698 0.578241 0.047396 0.043519
0 22076 0.299740 0.523148 0.049479 0.046296
0 22077 0.504948 0.589815 0.046354 0.040741
0 22078 0.489323 0.592130 0.047396 0.043519
0 22079 0.280208 0.557407 0.046875 0.042593
0 22080 0.629167 0.589815 0.044792 0.048148
