0 19801 0.573698 0.644444 0.050521 0.055556
0 19802 0.558333 0.511574 0.052083 0.054630
0 19803 0.383073 0.644444 0.049479 0.046296
0 19804 0.482031 0.495370 0.049479 0.051852
0 19805 0.436719 0.422222 0.051562 0.053704
0 19806 0.434375 0.568056 0.055208 0.049074
0 19807 0.545312 0.676852 0.047917 0.048148
0 19808 0.300521 0.649537 0.045833 0.047222
0 19809 0.448958 0.678241 0.047917 0.049074
0 19810 0.609635 0.458796 0.055729 0.056481
0 19811 0.455990 0.531481 0.049479 0.048148
0 19812 0.541406 0.445833 0.052604 0.052778
0 19813 0.390104 0.507870 0.050000 0.056481
0 19814 0.511719 0.469444 0.047396 0.053704
0 19815 0.341927 0.570833 0.050521 0.045370
0 19816 0.322656 0.616667 0.047396 0.048148
0 19817 0.361719 0.685185 0.048438 0.050000
0 19818 0.170573 0.521296 0.052604 0.055556
0 19819 0.407813 0.608796 0.047917 0.049074
0 19820 0.264323 0.525000 0.051562 0.050000
0 19821 0.496094 0.628704 0.049479 0.051852
0 19822 0.474219 0.645370 0.053646 0.053704
0 19823 0.238281 0.580556 0.049479 0.050000
0 19824 0.635417 0.655093 0.050000 0.056481
