0 21553 0.604427 0.580093 0.049479 0.049074
0 21554 0.583854 0.474537 0.048958 0.050926
0 21555 0.430208 0.587500 0.046875 0.043519
0 21556 0.514062 0.463426 0.050000 0.052778
0 21557 0.464844 0.415741 0.051562 0.053704
0 21558 0.471354 0.531481 0.055208 0.048148
0 21559 0.578906 0.600463 0.048438 0.041667
0 21560 0.361979 0.589352 0.045833 0.047222
0 21561 0.498177 0.605093 0.046354 0.045370
0 21562 0.618750 0.431944 0.052083 0.052778
0 21563 0.490365 0.499074 0.049479 0.048148
0 21564 0.548177 0.423611 0.050521 0.049074
0 21565 0.429167 0.488426 0.047917 0.052778
0 21566 0.532552 0.436574 0.047396 0.045370
0 21567 0.394531 0.538426 0.050521 0.045370
0 21568 0.379948 0.571296 0.047396 0.048148
0 21569 0.416406 0.611574 0.047396 0.043519
0 21570 0.241146 0.492130 0.053125 0.049074
0 21571 0.448177 0.566667 0.047396 0.044444
0 21572 0.322917 0.500000 0.054167 0.048148
0 21573 0.532813 0.578241 0.048958 0.045370
0 21574 0.516667 0.587037 0.051042 0.048148
0 21575 0.304948 0.540278 0.047396 0.043519
0 21576 0.663021 0.585185 0.044792 0.048148
