0 20737 0.626823 0.592593 0.051562 0.055556
0 20738 0.605208 0.475463 0.050000 0.050926
0 20739 0.446094 0.594907 0.048438 0.049074
0 20740 0.535417 0.456944 0.050000 0.052778
0 20741 0.486198 0.399074 0.051562 0.053704
0 20742 0.491667 0.524537 0.055208 0.049074
0 20743 0.599479 0.615741 0.048958 0.046296
0 20744 0.372396 0.593981 0.045833 0.047222
0 20745 0.510938 0.625463 0.047917 0.049074
0 20746 0.646615 0.427315 0.055729 0.056481
0 20747 0.511719 0.492593 0.049479 0.048148
0 20748 0.579948 0.417130 0.052604 0.052778
0 20749 0.446875 0.490278 0.050000 0.056481
0 20750 0.556510 0.436111 0.047396 0.053704
0 20751 0.407552 0.533796 0.050521 0.045370
0 20752 0.391406 0.570370 0.047396 0.048148
0 20753 0.427083 0.625000 0.048958 0.050000
0 20754 0.245312 0.485648 0.053125 0.049074
0 20755 0.464583 0.568981 0.047917 0.049074
0 20756 0.332292 0.493519 0.054167 0.048148
0 20757 0.551042 0.578704 0.048958 0.050000
0 20758 0.532552 0.592593 0.053646 0.053704
0 20759 0.310156 0.540741 0.049479 0.050000
0 20760 0.685677 0.597222 0.049479 0.053704
