0 20761 0.624740 0.593519 0.051562 0.055556
0 20762 0.602604 0.475463 0.050000 0.050926
0 20763 0.444010 0.595833 0.048438 0.049074
0 20764 0.532292 0.458796 0.050000 0.052778
0 20765 0.483594 0.401852 0.051562 0.053704
0 20766 0.488542 0.526389 0.055208 0.049074
0 20767 0.596875 0.615741 0.048958 0.046296
0 20768 0.369792 0.595833 0.045833 0.047222
0 20769 0.509375 0.624537 0.047917 0.049074
0 20770 0.642969 0.429167 0.055729 0.056481
0 20771 0.508594 0.494444 0.049479 0.048148
0 20772 0.576302 0.418981 0.052604 0.052778
0 20773 0.444271 0.492130 0.050000 0.056481
0 20774 0.553385 0.437963 0.047396 0.053704
0 20775 0.405469 0.534722 0.050521 0.045370
0 20776 0.389844 0.571296 0.047396 0.048148
0 20777 0.424479 0.626852 0.048958 0.050000
0 20778 0.242708 0.487500 0.053125 0.049074
0 20779 0.462500 0.569907 0.047917 0.049074
0 20780 0.330208 0.494444 0.054167 0.048148
0 20781 0.547917 0.580556 0.048958 0.050000
0 20782 0.529427 0.594444 0.053646 0.053704
0 20783 0.308073 0.541667 0.049479 0.050000
0 20784 0.683073 0.597222 0.049479 0.053704
