0 21937 0.578906 0.585648 0.049479 0.049074
0 21938 0.555990 0.496759 0.047396 0.047222
0 21939 0.410938 0.597685 0.046875 0.043519
0 21940 0.488802 0.489352 0.047396 0.049074
0 21941 0.439583 0.443056 0.050000 0.045370
0 21942 0.447396 0.549074 0.055208 0.044444
0 21943 0.554688 0.605556 0.047917 0.040741
0 21944 0.342708 0.593981 0.045833 0.047222
0 21945 0.476302 0.607870 0.046354 0.045370
0 21946 0.591667 0.449537 0.052083 0.052778
0 21947 0.466927 0.518519 0.049479 0.048148
0 21948 0.522656 0.442593 0.047396 0.044444
0 21949 0.404948 0.510185 0.047396 0.051852
0 21950 0.507552 0.460648 0.047396 0.045370
0 21951 0.374740 0.551852 0.047396 0.044444
0 21952 0.358073 0.585185 0.047396 0.048148
0 21953 0.395573 0.610648 0.047396 0.043519
0 21954 0.223698 0.509722 0.048438 0.050926
0 21955 0.426823 0.577315 0.047396 0.043519
0 21956 0.303646 0.518056 0.052083 0.047222
0 21957 0.510417 0.587963 0.046875 0.040741
0 21958 0.494531 0.592593 0.049479 0.046296
0 21959 0.284115 0.554167 0.047396 0.043519
0 21960 0.635417 0.589815 0.044792 0.048148
