0 21049 0.609375 0.590741 0.050000 0.050000
0 21050 0.586979 0.476389 0.050000 0.050926
0 21051 0.429948 0.597685 0.048438 0.049074
0 21052 0.517708 0.461111 0.050000 0.051852
0 21053 0.468490 0.408333 0.051562 0.053704
0 21054 0.475521 0.530093 0.055208 0.049074
0 21055 0.583594 0.614352 0.048438 0.043519
0 21056 0.359896 0.596759 0.045833 0.047222
0 21057 0.497396 0.618981 0.047917 0.049074
0 21058 0.626823 0.435648 0.055729 0.056481
0 21059 0.495573 0.498148 0.049479 0.048148
0 21060 0.557292 0.423611 0.052083 0.052778
0 21061 0.432292 0.493981 0.050000 0.056481
0 21062 0.538281 0.441204 0.047396 0.050926
0 21063 0.394531 0.540278 0.050521 0.045370
0 21064 0.379427 0.572222 0.047396 0.048148
0 21065 0.414062 0.624074 0.048958 0.050000
0 21066 0.234896 0.493981 0.053125 0.049074
0 21067 0.451042 0.572685 0.047917 0.049074
0 21068 0.318750 0.500926 0.054167 0.048148
0 21069 0.534375 0.581481 0.048958 0.048148
0 21070 0.517708 0.595370 0.052083 0.050000
0 21071 0.299740 0.545370 0.049479 0.050000
0 21072 0.669271 0.596296 0.046875 0.051852
