0 21985 0.576823 0.587500 0.049479 0.049074
0 21986 0.553906 0.499537 0.047396 0.047222
0 21987 0.409375 0.598611 0.046875 0.043519
0 21988 0.486979 0.492593 0.046875 0.048148
0 21989 0.437500 0.445833 0.050000 0.045370
0 21990 0.445833 0.552315 0.055208 0.045370
0 21991 0.552344 0.604167 0.047396 0.039815
0 21992 0.340625 0.593981 0.045833 0.047222
0 21993 0.474219 0.606019 0.046354 0.045370
0 21994 0.590104 0.452315 0.052083 0.052778
0 21995 0.464844 0.519444 0.049479 0.048148
0 21996 0.520052 0.444444 0.047396 0.044444
0 21997 0.402865 0.512963 0.047396 0.051852
0 21998 0.505469 0.463426 0.047396 0.045370
0 21999 0.372917 0.553704 0.047917 0.044444
0 22000 0.356250 0.587963 0.045833 0.048148
0 22001 0.394010 0.610648 0.047396 0.043519
0 22002 0.222656 0.511574 0.048438 0.050926
0 22003 0.425781 0.577315 0.047396 0.043519
0 22004 0.302083 0.520833 0.051042 0.047222
0 22005 0.508594 0.589815 0.046354 0.040741
0 22006 0.492708 0.593056 0.048958 0.045370
0 22007 0.283073 0.556019 0.047396 0.043519
0 22008 0.633333 0.589815 0.044792 0.048148
