0 20857 0.615365 0.595370 0.051562 0.055556
0 20858 0.593229 0.478241 0.050000 0.050926
0 20859 0.435156 0.600463 0.048438 0.049074
0 20860 0.523958 0.461111 0.050000 0.051852
0 20861 0.476823 0.405556 0.051562 0.053704
0 20862 0.482292 0.528241 0.055208 0.049074
0 20863 0.588542 0.617593 0.048958 0.046296
0 20864 0.362500 0.599537 0.045833 0.047222
0 20865 0.501563 0.623611 0.047917 0.049074
0 20866 0.634635 0.434722 0.055729 0.056481
0 20867 0.500781 0.497222 0.049479 0.048148
0 20868 0.565365 0.424537 0.052604 0.052778
0 20869 0.436979 0.494907 0.050000 0.056481
0 20870 0.545052 0.441204 0.047396 0.052778
0 20871 0.397135 0.539352 0.050521 0.045370
0 20872 0.383073 0.573148 0.047396 0.048148
0 20873 0.417708 0.628704 0.048958 0.050000
0 20874 0.236458 0.492130 0.053125 0.049074
0 20875 0.453646 0.574537 0.047917 0.049074
0 20876 0.322396 0.500000 0.054167 0.048148
0 20877 0.540625 0.582407 0.048958 0.050000
0 20878 0.521354 0.596759 0.053125 0.052778
0 20879 0.301823 0.544444 0.049479 0.050000
0 20880 0.674740 0.598611 0.048438 0.052778
