0 20809 0.620052 0.594444 0.051562 0.055556
0 20810 0.597396 0.477315 0.050000 0.050926
0 20811 0.439323 0.597685 0.048438 0.049074
0 20812 0.526563 0.461111 0.050000 0.051852
0 20813 0.479948 0.403704 0.051562 0.053704
0 20814 0.484375 0.528241 0.055208 0.049074
0 20815 0.592187 0.616667 0.048958 0.046296
0 20816 0.364583 0.599537 0.045833 0.047222
0 20817 0.505208 0.623611 0.047917 0.049074
0 20818 0.638802 0.431944 0.055729 0.056481
0 20819 0.503385 0.497222 0.049479 0.048148
0 20820 0.569531 0.423611 0.052604 0.052778
0 20821 0.440104 0.493981 0.050000 0.056481
0 20822 0.549219 0.441667 0.047396 0.053704
0 20823 0.400781 0.537500 0.050521 0.045370
0 20824 0.386198 0.572222 0.047396 0.048148
0 20825 0.420312 0.628704 0.048958 0.050000
0 20826 0.239063 0.490278 0.053125 0.049074
0 20827 0.458333 0.571759 0.047917 0.049074
0 20828 0.326562 0.497222 0.054167 0.048148
0 20829 0.544271 0.581481 0.048958 0.050000
0 20830 0.524219 0.597222 0.053646 0.053704
0 20831 0.304427 0.543519 0.049479 0.050000
0 20832 0.678125 0.598148 0.048958 0.053704
