0 21601 0.600260 0.579167 0.049479 0.049074
0 21602 0.578646 0.476389 0.048958 0.050926
0 21603 0.426563 0.587500 0.046875 0.043519
0 21604 0.509896 0.465278 0.050000 0.052778
0 21605 0.460156 0.417130 0.051562 0.052778
0 21606 0.467708 0.533796 0.055208 0.047222
0 21607 0.574740 0.599537 0.048438 0.041667
0 21608 0.357812 0.588426 0.045833 0.047222
0 21609 0.494010 0.604167 0.046354 0.045370
0 21610 0.614583 0.433796 0.052083 0.052778
0 21611 0.486719 0.499074 0.049479 0.048148
0 21612 0.544010 0.423611 0.050521 0.049074
0 21613 0.425260 0.488889 0.047396 0.051852
0 21614 0.528906 0.437500 0.047396 0.045370
0 21615 0.391406 0.538426 0.050521 0.045370
0 21616 0.376302 0.571296 0.047396 0.048148
0 21617 0.412760 0.610648 0.047396 0.043519
0 21618 0.238021 0.493056 0.053125 0.049074
0 21619 0.445052 0.566204 0.047396 0.043519
0 21620 0.320312 0.499074 0.054167 0.048148
0 21621 0.529167 0.578241 0.048958 0.045370
0 21622 0.512500 0.587037 0.051042 0.048148
0 21623 0.300781 0.541204 0.047396 0.043519
0 21624 0.658333 0.585185 0.044792 0.048148
