0 21697 0.590885 0.579167 0.049479 0.049074
0 21698 0.569271 0.481019 0.048958 0.050926
0 21699 0.420833 0.590278 0.046875 0.043519
0 21700 0.501042 0.471759 0.050000 0.052778
0 21701 0.451562 0.422685 0.050000 0.045370
0 21702 0.460417 0.538426 0.055208 0.045370
0 21703 0.567448 0.600463 0.048438 0.041667
0 21704 0.351042 0.588426 0.045833 0.047222
0 21705 0.486719 0.602315 0.046354 0.045370
0 21706 0.606250 0.436574 0.052083 0.052778
0 21707 0.480469 0.502778 0.049479 0.048148
0 21708 0.536198 0.426389 0.049479 0.047222
0 21709 0.416406 0.492593 0.047396 0.051852
0 21710 0.519531 0.440278 0.047396 0.045370
0 21711 0.384635 0.538426 0.050521 0.045370
0 21712 0.369010 0.575926 0.047396 0.048148
0 21713 0.405990 0.606019 0.047396 0.043519
0 21714 0.231250 0.495370 0.050000 0.050000
0 21715 0.437240 0.568056 0.047396 0.043519
0 21716 0.313021 0.505556 0.054167 0.048148
0 21717 0.521875 0.578241 0.048958 0.045370
0 21718 0.504687 0.587963 0.051042 0.048148
0 21719 0.292969 0.542130 0.047396 0.043519
0 21720 0.648958 0.585185 0.044792 0.048148
