0 19753 0.565365 0.651852 0.050521 0.055556
0 19754 0.550000 0.518981 0.052083 0.054630
0 19755 0.374219 0.651852 0.049479 0.046296
0 19756 0.473698 0.502778 0.049479 0.051852
0 19757 0.428906 0.428704 0.051562 0.053704
0 19758 0.426042 0.575463 0.055208 0.049074
0 19759 0.537500 0.684259 0.047917 0.048148
0 19760 0.291667 0.657870 0.045833 0.047222
0 19761 0.440104 0.685648 0.047917 0.049074
0 19762 0.601562 0.465741 0.055208 0.055556
0 19763 0.447135 0.538889 0.049479 0.048148
0 19764 0.533073 0.451389 0.052604 0.052778
0 19765 0.380729 0.514352 0.050000 0.056481
0 19766 0.503646 0.475926 0.047917 0.053704
0 19767 0.333073 0.577315 0.050521 0.045370
0 19768 0.313281 0.624074 0.047396 0.048148
0 19769 0.352604 0.693056 0.047917 0.050926
0 19770 0.161198 0.527778 0.052604 0.055556
0 19771 0.399479 0.616204 0.047917 0.049074
0 19772 0.255208 0.532407 0.052083 0.050000
0 19773 0.486719 0.637037 0.049479 0.051852
0 19774 0.464844 0.653704 0.053646 0.053704
0 19775 0.228385 0.587037 0.049479 0.050000
0 19776 0.627083 0.662500 0.050000 0.056481
