0 20569 0.649219 0.579630 0.051562 0.055556
0 20570 0.628125 0.458796 0.052083 0.054630
0 20571 0.465365 0.584722 0.048438 0.049074
0 20572 0.557813 0.443056 0.050000 0.052778
0 20573 0.509635 0.379630 0.051562 0.053704
0 20574 0.511979 0.512500 0.055208 0.049074
0 20575 0.621875 0.604630 0.048958 0.046296
0 20576 0.391146 0.581944 0.045833 0.047222
0 20577 0.532292 0.609722 0.047917 0.049074
0 20578 0.671615 0.410185 0.055729 0.057407
0 20579 0.532552 0.480556 0.049479 0.048148
0 20580 0.604427 0.401389 0.052604 0.052778
0 20581 0.467187 0.473611 0.050000 0.056481
0 20582 0.579427 0.420370 0.047396 0.050000
0 20583 0.426302 0.522685 0.050521 0.045370
0 20584 0.411198 0.555556 0.047396 0.048148
0 20585 0.446875 0.614815 0.048958 0.050000
0 20586 0.263542 0.469907 0.053125 0.049074
0 20587 0.485417 0.556944 0.047917 0.049074
0 20588 0.351042 0.477778 0.054167 0.048148
0 20589 0.571875 0.564815 0.048958 0.050000
0 20590 0.552865 0.582407 0.053646 0.053704
0 20591 0.329427 0.525926 0.049479 0.050000
0 20592 0.708854 0.588426 0.050000 0.054630
