0 20041 0.623177 0.604630 0.051562 0.055556
0 20042 0.604688 0.473611 0.052083 0.054630
0 20043 0.434375 0.607407 0.048958 0.046296
0 20044 0.529948 0.455556 0.049479 0.051852
0 20045 0.484115 0.391667 0.051562 0.053704
0 20046 0.483333 0.528241 0.055208 0.049074
0 20047 0.594271 0.633333 0.048958 0.048148
0 20048 0.354687 0.610648 0.045833 0.047222
0 20049 0.500521 0.635648 0.047917 0.049074
0 20050 0.652083 0.421759 0.057292 0.060185
0 20051 0.504948 0.495370 0.049479 0.048148
0 20052 0.585156 0.416204 0.052604 0.052778
0 20053 0.439583 0.478241 0.050000 0.056481
0 20054 0.557552 0.436574 0.047396 0.052778
0 20055 0.394010 0.537500 0.050521 0.045370
0 20056 0.374219 0.578704 0.047396 0.048148
0 20057 0.413021 0.642593 0.048958 0.050000
0 20058 0.224219 0.486111 0.052604 0.055556
0 20059 0.458333 0.570833 0.047917 0.049074
0 20060 0.316146 0.490741 0.054167 0.048148
0 20061 0.543750 0.587037 0.048958 0.050000
0 20062 0.522656 0.606481 0.053646 0.053704
0 20063 0.291927 0.542593 0.049479 0.050000
0 20064 0.682813 0.615278 0.050000 0.054630
