0 20185 0.652344 0.584259 0.051562 0.055556
0 20186 0.631771 0.453241 0.052083 0.054630
0 20187 0.464323 0.583796 0.048438 0.049074
0 20188 0.558333 0.437037 0.050000 0.051852
0 20189 0.513281 0.372222 0.051562 0.053704
0 20190 0.511458 0.510648 0.055208 0.049074
0 20191 0.622917 0.608796 0.048958 0.047222
0 20192 0.385937 0.585648 0.045833 0.047222
0 20193 0.529167 0.611574 0.047917 0.049074
0 20194 0.678646 0.399537 0.057292 0.060185
0 20195 0.533594 0.476852 0.049479 0.048148
0 20196 0.611198 0.396759 0.052604 0.052778
0 20197 0.467708 0.460185 0.050000 0.055556
0 20198 0.584115 0.417593 0.047396 0.051852
0 20199 0.423698 0.517130 0.050521 0.045370
0 20200 0.405469 0.557407 0.047396 0.048148
0 20201 0.443229 0.619444 0.048958 0.050000
0 20202 0.254427 0.469444 0.052604 0.055556
0 20203 0.483854 0.554167 0.047917 0.049074
0 20204 0.346875 0.473148 0.054167 0.048148
0 20205 0.572917 0.565741 0.048958 0.050000
0 20206 0.551823 0.587037 0.053646 0.053704
0 20207 0.323177 0.525000 0.049479 0.050000
0 20208 0.711979 0.593981 0.050000 0.054630
