0 20089 0.633594 0.597222 0.051562 0.055556
0 20090 0.613542 0.467130 0.052083 0.054630
0 20091 0.444792 0.598611 0.048958 0.047222
0 20092 0.539844 0.448148 0.049479 0.051852
0 20093 0.493490 0.385185 0.051562 0.053704
0 20094 0.492708 0.521759 0.055208 0.049074
0 20095 0.604688 0.624074 0.048958 0.048148
0 20096 0.365625 0.601389 0.045833 0.047222
0 20097 0.510938 0.627315 0.047917 0.049074
0 20098 0.660937 0.413426 0.057292 0.060185
0 20099 0.514323 0.488889 0.049479 0.048148
0 20100 0.594531 0.408796 0.052604 0.052778
0 20101 0.448958 0.471296 0.050000 0.055556
0 20102 0.565885 0.429167 0.047396 0.052778
0 20103 0.403906 0.531019 0.050521 0.045370
0 20104 0.385156 0.570370 0.047396 0.048148
0 20105 0.423438 0.634259 0.048958 0.050000
0 20106 0.236198 0.479630 0.052604 0.055556
0 20107 0.466667 0.565278 0.047917 0.049074
0 20108 0.327083 0.484259 0.054167 0.048148
0 20109 0.554167 0.578704 0.048958 0.050000
0 20110 0.533073 0.600000 0.053646 0.053704
0 20111 0.303385 0.535185 0.049479 0.050000
0 20112 0.693229 0.606019 0.050000 0.054630
