0 20929 0.610677 0.594444 0.050521 0.053704
0 20930 0.588542 0.479167 0.050000 0.050926
0 20931 0.431510 0.600463 0.048438 0.049074
0 20932 0.519792 0.462037 0.050000 0.051852
0 20933 0.471615 0.408333 0.051562 0.053704
0 20934 0.478646 0.529167 0.055208 0.049074
0 20935 0.584115 0.618056 0.048438 0.045370
0 20936 0.359896 0.599537 0.045833 0.047222
0 20937 0.498437 0.622685 0.047917 0.049074
0 20938 0.628906 0.437500 0.055729 0.056481
0 20939 0.497135 0.497222 0.049479 0.048148
0 20940 0.559115 0.427315 0.052604 0.052778
0 20941 0.432292 0.495833 0.050000 0.056481
0 20942 0.539323 0.441667 0.047396 0.051852
0 20943 0.394010 0.541204 0.050521 0.045370
0 20944 0.378906 0.573148 0.047396 0.048148
0 20945 0.414062 0.628704 0.048958 0.050000
0 20946 0.233854 0.493981 0.053125 0.049074
0 20947 0.450521 0.574537 0.047917 0.049074
0 20948 0.319271 0.500926 0.054167 0.048148
0 20949 0.534896 0.583333 0.048958 0.050000
0 20950 0.519010 0.596296 0.052604 0.051852
0 20951 0.298698 0.545370 0.049479 0.050000
0 20952 0.670312 0.599537 0.047917 0.052778
