0 20305 0.666406 0.575926 0.051562 0.055556
0 20306 0.645833 0.444907 0.052083 0.054630
0 20307 0.477865 0.578241 0.048438 0.049074
0 20308 0.573438 0.431019 0.050000 0.052778
0 20309 0.526823 0.364815 0.051562 0.053704
0 20310 0.525781 0.504167 0.054688 0.049074
0 20311 0.635417 0.600926 0.048958 0.046296
0 20312 0.401562 0.578241 0.045833 0.047222
0 20313 0.544271 0.606944 0.047917 0.049074
0 20314 0.690104 0.394907 0.057292 0.060185
0 20315 0.547135 0.468519 0.049479 0.048148
0 20316 0.622656 0.389352 0.052604 0.052778
0 20317 0.483333 0.459722 0.050000 0.056481
0 20318 0.597135 0.409259 0.047396 0.053704
0 20319 0.438802 0.511574 0.050521 0.045370
0 20320 0.423698 0.550926 0.047396 0.048148
0 20321 0.459375 0.611111 0.048958 0.050000
0 20322 0.272135 0.462963 0.052604 0.055556
0 20323 0.501563 0.546759 0.047917 0.049074
0 20324 0.363542 0.466667 0.054167 0.048148
0 20325 0.585417 0.559259 0.048958 0.050000
0 20326 0.565885 0.576852 0.053646 0.053704
0 20327 0.339844 0.517593 0.049479 0.050000
0 20328 0.725000 0.582870 0.050000 0.054630
