0 22009 0.575781 0.588426 0.049479 0.049074
0 22010 0.552344 0.500926 0.047396 0.048148
0 22011 0.408333 0.598611 0.046875 0.043519
0 22012 0.485938 0.493519 0.046875 0.048148
0 22013 0.436458 0.447685 0.050000 0.045370
0 22014 0.444531 0.553704 0.054688 0.042593
0 22015 0.551302 0.604167 0.047396 0.039815
0 22016 0.340104 0.594907 0.045833 0.047222
0 22017 0.473177 0.606019 0.046354 0.045370
0 22018 0.588542 0.452315 0.052083 0.052778
0 22019 0.463802 0.519444 0.049479 0.048148
0 22020 0.519010 0.445370 0.047396 0.044444
0 22021 0.402344 0.514815 0.047396 0.051852
0 22022 0.504948 0.465278 0.047396 0.045370
0 22023 0.371615 0.554630 0.047396 0.044444
0 22024 0.355208 0.588889 0.044792 0.048148
0 22025 0.393490 0.610648 0.047396 0.043519
0 22026 0.222135 0.512500 0.048438 0.050926
0 22027 0.425260 0.577315 0.047396 0.043519
0 22028 0.301302 0.521296 0.050521 0.046296
0 22029 0.507552 0.589815 0.046354 0.040741
0 22030 0.491406 0.592593 0.048438 0.044444
0 22031 0.282552 0.556944 0.047396 0.043519
0 22032 0.631771 0.589815 0.044792 0.048148
