0 21241 0.613281 0.586574 0.049479 0.049074
0 21242 0.590625 0.473611 0.050000 0.050926
0 21243 0.435677 0.593056 0.048438 0.049074
0 21244 0.521354 0.460648 0.050000 0.052778
0 21245 0.472135 0.408333 0.051562 0.053704
0 21246 0.479687 0.530093 0.055208 0.049074
0 21247 0.586198 0.607870 0.048438 0.041667
0 21248 0.365625 0.590278 0.045833 0.047222
0 21249 0.503646 0.609722 0.047917 0.049074
0 21250 0.628906 0.432870 0.055729 0.056481
0 21251 0.499219 0.496296 0.049479 0.048148
0 21252 0.558073 0.422222 0.050521 0.053704
0 21253 0.435417 0.489352 0.050000 0.056481
0 21254 0.540885 0.437037 0.047396 0.046296
0 21255 0.400781 0.533796 0.050521 0.045370
0 21256 0.383073 0.571296 0.047396 0.048148
0 21257 0.420052 0.616204 0.047396 0.043519
0 21258 0.243229 0.491204 0.053125 0.049074
0 21259 0.454167 0.569907 0.047917 0.049074
0 21260 0.325521 0.500926 0.054167 0.048148
0 21261 0.539062 0.579167 0.048958 0.045370
0 21262 0.521875 0.589815 0.051042 0.048148
0 21263 0.306510 0.542593 0.049479 0.050000
0 21264 0.672135 0.589815 0.045312 0.050000
