0 21817 0.583594 0.582870 0.049479 0.049074
0 21818 0.562500 0.489815 0.047917 0.048148
0 21819 0.415625 0.594907 0.046875 0.043519
0 21820 0.494010 0.479167 0.049479 0.050926
0 21821 0.445312 0.434722 0.050000 0.045370
0 21822 0.452083 0.543981 0.055208 0.043519
0 21823 0.560677 0.604167 0.048438 0.041667
0 21824 0.346875 0.591204 0.045833 0.047222
0 21825 0.480990 0.605093 0.046354 0.045370
0 21826 0.597396 0.442130 0.052083 0.052778
0 21827 0.473698 0.511111 0.049479 0.048148
0 21828 0.527344 0.435185 0.047396 0.044444
0 21829 0.410156 0.501852 0.047396 0.051852
0 21830 0.512760 0.450463 0.047396 0.045370
0 21831 0.379167 0.545370 0.046875 0.044444
0 21832 0.362240 0.580556 0.047396 0.048148
0 21833 0.399740 0.609722 0.047396 0.043519
0 21834 0.227344 0.503241 0.048438 0.050926
0 21835 0.430990 0.571759 0.047396 0.043519
0 21836 0.307292 0.512037 0.054167 0.048148
0 21837 0.515104 0.582870 0.047917 0.043519
0 21838 0.499479 0.591667 0.051042 0.048148
0 21839 0.287760 0.548611 0.047396 0.043519
0 21840 0.642188 0.587963 0.044792 0.048148
