0 21745 0.588281 0.580093 0.049479 0.049074
0 21746 0.565885 0.483333 0.048438 0.050000
0 21747 0.418750 0.592130 0.046875 0.043519
0 21748 0.497917 0.474537 0.050000 0.052778
0 21749 0.448958 0.427315 0.050000 0.045370
0 21750 0.456771 0.540741 0.055208 0.044444
0 21751 0.564844 0.602315 0.048438 0.041667
0 21752 0.349479 0.589352 0.045833 0.047222
0 21753 0.483594 0.602315 0.046354 0.045370
0 21754 0.602083 0.438426 0.052083 0.052778
0 21755 0.477865 0.506481 0.049479 0.048148
0 21756 0.532813 0.430556 0.048958 0.046296
0 21757 0.413281 0.495370 0.047396 0.051852
0 21758 0.516406 0.443981 0.047396 0.045370
0 21759 0.382552 0.541204 0.050521 0.045370
0 21760 0.365365 0.577778 0.047396 0.048148
0 21761 0.402865 0.607870 0.047396 0.043519
0 21762 0.229427 0.498148 0.048438 0.050000
0 21763 0.433594 0.568981 0.047396 0.043519
0 21764 0.310417 0.507407 0.054167 0.048148
0 21765 0.518750 0.578704 0.048958 0.044444
0 21766 0.502604 0.589815 0.051042 0.048148
0 21767 0.290885 0.544907 0.047396 0.043519
0 21768 0.645833 0.586111 0.044792 0.048148
