0 21361 0.613281 0.583796 0.049479 0.049074
0 21362 0.590365 0.473148 0.049479 0.050000
0 21363 0.437760 0.590278 0.048438 0.049074
0 21364 0.521354 0.460648 0.050000 0.052778
0 21365 0.471875 0.411111 0.051042 0.051852
0 21366 0.478646 0.530093 0.055208 0.049074
0 21367 0.587760 0.603241 0.048438 0.041667
0 21368 0.367708 0.591204 0.045833 0.047222
0 21369 0.505208 0.607870 0.046875 0.047222
0 21370 0.628646 0.432407 0.054167 0.055556
0 21371 0.499740 0.497222 0.049479 0.048148
0 21372 0.557292 0.422222 0.050000 0.051852
0 21373 0.436458 0.487500 0.050000 0.056481
0 21374 0.541406 0.435648 0.047396 0.045370
0 21375 0.401823 0.534722 0.050521 0.045370
0 21376 0.385156 0.571296 0.047396 0.048148
0 21377 0.422656 0.614352 0.047396 0.043519
0 21378 0.246354 0.491204 0.053125 0.049074
0 21379 0.456250 0.568981 0.047917 0.049074
0 21380 0.326562 0.500926 0.054167 0.048148
0 21381 0.539583 0.578241 0.048958 0.045370
0 21382 0.522917 0.588889 0.051042 0.048148
0 21383 0.308854 0.543056 0.048958 0.049074
0 21384 0.671354 0.587500 0.044792 0.049074
