0 20449 0.663281 0.573611 0.051562 0.052778
0 20450 0.643229 0.451389 0.052083 0.054630
0 20451 0.477865 0.576389 0.048438 0.049074
0 20452 0.571354 0.434722 0.050000 0.052778
0 20453 0.525260 0.369444 0.051562 0.053704
0 20454 0.525521 0.506019 0.055208 0.049074
0 20455 0.635417 0.597222 0.048958 0.046296
0 20456 0.402083 0.579167 0.045833 0.047222
0 20457 0.544271 0.605093 0.047917 0.049074
0 20458 0.687500 0.397222 0.056250 0.059259
0 20459 0.544531 0.472222 0.049479 0.048148
0 20460 0.618490 0.392130 0.052604 0.052778
0 20461 0.481250 0.462500 0.050000 0.056481
0 20462 0.594531 0.412963 0.047396 0.053704
0 20463 0.438281 0.514352 0.050521 0.045370
0 20464 0.422656 0.551852 0.047396 0.048148
0 20465 0.460417 0.611111 0.048958 0.050000
0 20466 0.276302 0.462963 0.052604 0.055556
0 20467 0.501042 0.548611 0.047917 0.049074
0 20468 0.363021 0.468519 0.054167 0.048148
0 20469 0.586979 0.561111 0.048958 0.050000
0 20470 0.567448 0.574074 0.053646 0.053704
0 20471 0.342448 0.517593 0.049479 0.050000
0 20472 0.723958 0.582870 0.050000 0.054630
