0 20689 0.632552 0.589815 0.051562 0.055556
0 20690 0.611719 0.472222 0.050521 0.051852
0 20691 0.450781 0.593056 0.048438 0.049074
0 20692 0.542188 0.453241 0.050000 0.052778
0 20693 0.492448 0.394444 0.051562 0.053704
0 20694 0.497396 0.520833 0.055208 0.049074
0 20695 0.605208 0.613889 0.048958 0.046296
0 20696 0.377604 0.590278 0.045833 0.047222
0 20697 0.517188 0.620833 0.047917 0.049074
0 20698 0.653906 0.422685 0.055729 0.056481
0 20699 0.517448 0.488889 0.049479 0.048148
0 20700 0.587240 0.412500 0.052604 0.052778
0 20701 0.452083 0.486574 0.050000 0.056481
0 20702 0.563281 0.432407 0.047396 0.053704
0 20703 0.412240 0.531019 0.050521 0.045370
0 20704 0.396094 0.567593 0.047396 0.048148
0 20705 0.432812 0.621296 0.048958 0.050000
0 20706 0.250000 0.481944 0.053125 0.049074
0 20707 0.469792 0.566204 0.047917 0.049074
0 20708 0.335938 0.490741 0.054167 0.048148
0 20709 0.556771 0.575000 0.048958 0.050000
0 20710 0.538281 0.589815 0.053646 0.053704
0 20711 0.314844 0.537037 0.049479 0.050000
0 20712 0.691667 0.595833 0.050000 0.054630
