0 21865 0.581510 0.583796 0.049479 0.049074
0 21866 0.560156 0.493981 0.047396 0.047222
0 21867 0.413542 0.596759 0.046875 0.043519
0 21868 0.491927 0.483333 0.048438 0.050000
0 21869 0.442708 0.437500 0.050000 0.045370
0 21870 0.450000 0.545833 0.055208 0.043519
0 21871 0.558073 0.606019 0.048438 0.041667
0 21872 0.344792 0.593056 0.045833 0.047222
0 21873 0.478906 0.606944 0.046354 0.045370
0 21874 0.594792 0.445833 0.052083 0.052778
0 21875 0.470573 0.513889 0.049479 0.048148
0 21876 0.526302 0.439815 0.047396 0.044444
0 21877 0.408073 0.506481 0.047396 0.051852
0 21878 0.510677 0.455093 0.047396 0.045370
0 21879 0.377083 0.548148 0.045833 0.044444
0 21880 0.360677 0.582407 0.047396 0.048148
0 21881 0.398177 0.610648 0.047396 0.043519
0 21882 0.225781 0.506019 0.048438 0.050926
0 21883 0.428906 0.574537 0.047396 0.043519
0 21884 0.306250 0.515741 0.054167 0.048148
0 21885 0.513281 0.585185 0.047396 0.042593
0 21886 0.497917 0.593519 0.051042 0.048148
0 21887 0.286198 0.550463 0.047396 0.043519
0 21888 0.639583 0.589815 0.044792 0.048148
