0 20593 0.645573 0.581481 0.051562 0.055556
0 20594 0.625000 0.462500 0.052083 0.054630
0 20595 0.462760 0.586574 0.048438 0.049074
0 20596 0.554688 0.444907 0.050000 0.052778
0 20597 0.507031 0.381481 0.051562 0.053704
0 20598 0.509375 0.514352 0.055208 0.049074
0 20599 0.618750 0.606481 0.048958 0.046296
0 20600 0.388542 0.582870 0.045833 0.047222
0 20601 0.529167 0.612500 0.047917 0.049074
0 20602 0.668490 0.413426 0.055729 0.056481
0 20603 0.529427 0.482407 0.049479 0.048148
0 20604 0.600781 0.404167 0.052604 0.052778
0 20605 0.464062 0.475463 0.050000 0.056481
0 20606 0.576302 0.423148 0.047396 0.051852
0 20607 0.424219 0.524537 0.050521 0.045370
0 20608 0.408073 0.558333 0.047396 0.048148
0 20609 0.444271 0.615741 0.048958 0.050000
0 20610 0.260417 0.472685 0.053125 0.049074
0 20611 0.482292 0.558796 0.047917 0.049074
0 20612 0.347917 0.479630 0.054167 0.048148
0 20613 0.568750 0.566667 0.048958 0.050000
0 20614 0.549740 0.584259 0.053646 0.053704
0 20615 0.326823 0.526852 0.049479 0.050000
0 20616 0.705208 0.590278 0.050000 0.054630
