0 20137 0.644010 0.589815 0.051562 0.055556
0 20138 0.622396 0.459722 0.052083 0.054630
0 20139 0.454948 0.589815 0.048438 0.048148
0 20140 0.549740 0.442593 0.049479 0.051852
0 20141 0.503385 0.378704 0.051562 0.053704
0 20142 0.502083 0.516204 0.055208 0.049074
0 20143 0.615104 0.614815 0.048958 0.048148
0 20144 0.376563 0.592130 0.045833 0.047222
0 20145 0.520833 0.616204 0.047917 0.049074
0 20146 0.670312 0.406019 0.057292 0.060185
0 20147 0.524219 0.482407 0.049479 0.048148
0 20148 0.603906 0.402315 0.052604 0.052778
0 20149 0.458333 0.465741 0.050000 0.055556
0 20150 0.574740 0.423148 0.047396 0.051852
0 20151 0.413802 0.524537 0.050521 0.045370
0 20152 0.396615 0.562963 0.047396 0.048148
0 20153 0.433333 0.626852 0.048958 0.050000
0 20154 0.245052 0.474074 0.052604 0.055556
0 20155 0.475000 0.559722 0.047917 0.049074
0 20156 0.338021 0.477778 0.054167 0.048148
0 20157 0.563542 0.572222 0.048958 0.050000
0 20158 0.543490 0.592593 0.053646 0.053704
0 20159 0.313802 0.529630 0.049479 0.050000
0 20160 0.702604 0.598611 0.050000 0.054630
