0 19825 0.578385 0.640741 0.050521 0.055556
0 19826 0.561979 0.507870 0.052083 0.054630
0 19827 0.387760 0.640741 0.049479 0.046296
0 19828 0.486719 0.490741 0.049479 0.051852
0 19829 0.441406 0.419444 0.051562 0.053704
0 19830 0.438542 0.564352 0.055208 0.049074
0 19831 0.550000 0.672222 0.047917 0.048148
0 19832 0.305729 0.645833 0.045833 0.047222
0 19833 0.453646 0.675463 0.047917 0.049074
0 19834 0.613281 0.455556 0.055729 0.057407
0 19835 0.460677 0.527778 0.049479 0.048148
0 19836 0.546094 0.443056 0.052604 0.052778
0 19837 0.394792 0.505093 0.050000 0.056481
0 19838 0.515885 0.466667 0.047396 0.053704
0 19839 0.347135 0.567130 0.050521 0.045370
0 19840 0.327344 0.612963 0.047396 0.048148
0 19841 0.366406 0.681481 0.048438 0.050000
0 19842 0.175260 0.517593 0.052604 0.055556
0 19843 0.411979 0.605093 0.047917 0.049074
0 19844 0.269792 0.522222 0.052083 0.050000
0 19845 0.500260 0.623611 0.049479 0.050926
0 19846 0.478906 0.641667 0.053646 0.053704
0 19847 0.242969 0.576852 0.049479 0.050000
0 19848 0.639583 0.651389 0.050000 0.056481
