0 21577 0.602865 0.580093 0.049479 0.049074
0 21578 0.581250 0.475463 0.048958 0.050926
0 21579 0.428125 0.587500 0.046875 0.043519
0 21580 0.512500 0.464352 0.050000 0.052778
0 21581 0.463021 0.416667 0.051042 0.051852
0 21582 0.469792 0.532870 0.055208 0.047222
0 21583 0.576823 0.600463 0.048438 0.041667
0 21584 0.359896 0.589352 0.045833 0.047222
0 21585 0.496094 0.604167 0.046354 0.045370
0 21586 0.616667 0.432870 0.052083 0.052778
0 21587 0.488281 0.499074 0.049479 0.048148
0 21588 0.546094 0.423611 0.050521 0.049074
0 21589 0.427865 0.488889 0.047396 0.051852
0 21590 0.530990 0.436574 0.047396 0.045370
0 21591 0.392969 0.538426 0.050521 0.045370
0 21592 0.378385 0.571296 0.047396 0.048148
0 21593 0.414844 0.610648 0.047396 0.043519
0 21594 0.239583 0.492130 0.053125 0.049074
0 21595 0.446615 0.566667 0.047396 0.044444
0 21596 0.321875 0.499074 0.054167 0.048148
0 21597 0.531250 0.578241 0.048958 0.045370
0 21598 0.514583 0.587037 0.051042 0.048148
0 21599 0.302865 0.541204 0.047396 0.043519
0 21600 0.660417 0.585185 0.044792 0.048148
