0 21073 0.609635 0.590741 0.049479 0.050000
0 21074 0.587500 0.475463 0.050000 0.050926
0 21075 0.430469 0.596759 0.048438 0.049074
0 21076 0.518229 0.461111 0.050000 0.051852
0 21077 0.469010 0.408333 0.051562 0.053704
0 21078 0.476042 0.530093 0.055208 0.049074
0 21079 0.584115 0.612963 0.048438 0.042593
0 21080 0.360417 0.596759 0.045833 0.047222
0 21081 0.498437 0.618056 0.047917 0.049074
0 21082 0.627344 0.434722 0.055729 0.056481
0 21083 0.496094 0.498148 0.049479 0.048148
0 21084 0.557031 0.423611 0.051562 0.052778
0 21085 0.432292 0.493056 0.050000 0.056481
0 21086 0.538802 0.442130 0.047396 0.050926
0 21087 0.394531 0.539352 0.050521 0.045370
0 21088 0.379948 0.572222 0.047396 0.048148
0 21089 0.415104 0.622685 0.048958 0.049074
0 21090 0.236458 0.493981 0.053125 0.049074
0 21091 0.451042 0.571759 0.047917 0.049074
0 21092 0.319792 0.500926 0.054167 0.048148
0 21093 0.534896 0.581019 0.048958 0.047222
0 21094 0.518229 0.594444 0.052083 0.050000
0 21095 0.300781 0.545370 0.049479 0.050000
0 21096 0.669792 0.595370 0.046875 0.051852
