0 20617 0.642448 0.583333 0.051562 0.055556
0 20618 0.621875 0.466204 0.052083 0.054630
0 20619 0.459635 0.588426 0.048438 0.049074
0 20620 0.551562 0.447685 0.050000 0.052778
0 20621 0.502865 0.385185 0.051562 0.053704
0 20622 0.506771 0.516204 0.055208 0.049074
0 20623 0.615625 0.608333 0.048958 0.046296
0 20624 0.385937 0.584722 0.045833 0.047222
0 20625 0.526042 0.614352 0.047917 0.049074
0 20626 0.664844 0.415278 0.055729 0.056481
0 20627 0.526823 0.483333 0.049479 0.048148
0 20628 0.597656 0.406944 0.052604 0.052778
0 20629 0.460938 0.478241 0.050000 0.056481
0 20630 0.572656 0.425926 0.047396 0.053704
0 20631 0.421615 0.526389 0.050521 0.045370
0 20632 0.404948 0.560185 0.047396 0.048148
0 20633 0.441667 0.616667 0.048958 0.050000
0 20634 0.257812 0.475463 0.053125 0.049074
0 20635 0.479167 0.560648 0.047917 0.049074
0 20636 0.344792 0.482407 0.054167 0.048148
0 20637 0.565625 0.568519 0.048958 0.050000
0 20638 0.546615 0.586111 0.053646 0.053704
0 20639 0.323698 0.529630 0.049479 0.050000
0 20640 0.702083 0.591204 0.050000 0.054630
