0 21337 0.613802 0.584722 0.049479 0.049074
0 21338 0.590365 0.473148 0.049479 0.050000
0 21339 0.437240 0.591204 0.048438 0.049074
0 21340 0.521354 0.460648 0.050000 0.052778
0 21341 0.471875 0.410185 0.051042 0.051852
0 21342 0.478646 0.530093 0.055208 0.049074
0 21343 0.587240 0.604167 0.048438 0.041667
0 21344 0.368229 0.591204 0.045833 0.047222
0 21345 0.505990 0.607870 0.047396 0.047222
0 21346 0.628906 0.432870 0.054688 0.056481
0 21347 0.499740 0.497222 0.049479 0.048148
0 21348 0.557292 0.421296 0.050000 0.051852
0 21349 0.436458 0.487500 0.050000 0.056481
0 21350 0.541927 0.435648 0.047396 0.045370
0 21351 0.401823 0.534722 0.050521 0.045370
0 21352 0.385156 0.571296 0.047396 0.048148
0 21353 0.422656 0.614352 0.047396 0.043519
0 21354 0.245312 0.491204 0.053125 0.049074
0 21355 0.455729 0.568981 0.047917 0.049074
0 21356 0.326562 0.500926 0.054167 0.048148
0 21357 0.539583 0.578241 0.048958 0.045370
0 21358 0.522917 0.588889 0.051042 0.048148
0 21359 0.308594 0.543519 0.049479 0.050000
0 21360 0.672135 0.587500 0.045312 0.049074
