0 20065 0.628385 0.600926 0.051562 0.055556
0 20066 0.608854 0.469907 0.052083 0.054630
0 20067 0.439583 0.603241 0.048958 0.047222
0 20068 0.535156 0.451852 0.049479 0.051852
0 20069 0.488802 0.388889 0.051562 0.053704
0 20070 0.488021 0.524537 0.055208 0.049074
0 20071 0.599479 0.628704 0.048958 0.048148
0 20072 0.360417 0.606019 0.045833 0.047222
0 20073 0.505729 0.631019 0.047917 0.049074
0 20074 0.656250 0.417130 0.057292 0.060185
0 20075 0.509635 0.492593 0.049479 0.048148
0 20076 0.589844 0.412500 0.052604 0.052778
0 20077 0.444792 0.475463 0.050000 0.056481
0 20078 0.561719 0.432870 0.047396 0.052778
0 20079 0.399219 0.534722 0.050521 0.045370
0 20080 0.379427 0.574074 0.047396 0.048148
0 20081 0.418229 0.637963 0.048958 0.050000
0 20082 0.229948 0.482407 0.052604 0.055556
0 20083 0.462500 0.568056 0.047917 0.049074
0 20084 0.321354 0.487963 0.054167 0.048148
0 20085 0.548958 0.582407 0.048958 0.050000
0 20086 0.527865 0.602778 0.053646 0.053704
0 20087 0.297656 0.538889 0.049479 0.050000
0 20088 0.688021 0.610648 0.050000 0.054630
