0 20257 0.660677 0.578704 0.051562 0.055556
0 20258 0.641667 0.447685 0.052083 0.054630
0 20259 0.474219 0.579167 0.048438 0.049074
0 20260 0.568750 0.431944 0.050000 0.052778
0 20261 0.521615 0.364815 0.051562 0.053704
0 20262 0.522656 0.506019 0.054688 0.049074
0 20263 0.632292 0.603241 0.048958 0.047222
0 20264 0.396354 0.580093 0.045833 0.047222
0 20265 0.539583 0.606944 0.047917 0.049074
0 20266 0.686458 0.395833 0.057292 0.060185
0 20267 0.542448 0.471296 0.049479 0.048148
0 20268 0.619531 0.391204 0.052604 0.052778
0 20269 0.477604 0.457407 0.050000 0.055556
0 20270 0.591927 0.412500 0.047396 0.052778
0 20271 0.433594 0.512500 0.050521 0.045370
0 20272 0.416406 0.553704 0.047396 0.048148
0 20273 0.455208 0.612963 0.048958 0.050000
0 20274 0.268490 0.462963 0.052604 0.055556
0 20275 0.496875 0.545833 0.047917 0.049074
0 20276 0.356771 0.469444 0.054167 0.048148
0 20277 0.581250 0.560185 0.048958 0.050000
0 20278 0.562240 0.580556 0.053646 0.053704
0 20279 0.334635 0.519444 0.049479 0.050000
0 20280 0.720313 0.586574 0.050000 0.054630
