0 21193 0.611719 0.588426 0.049479 0.049074
0 21194 0.589583 0.474537 0.050000 0.050926
0 21195 0.435156 0.593981 0.048438 0.049074
0 21196 0.521354 0.460648 0.050000 0.052778
0 21197 0.471094 0.408333 0.051562 0.053704
0 21198 0.478646 0.530093 0.055208 0.049074
0 21199 0.585677 0.609722 0.048438 0.041667
0 21200 0.364063 0.592130 0.045833 0.047222
0 21201 0.502083 0.611574 0.047917 0.049074
0 21202 0.628385 0.433796 0.055729 0.056481
0 21203 0.498698 0.496296 0.049479 0.048148
0 21204 0.558073 0.423148 0.050521 0.053704
0 21205 0.434375 0.490278 0.050000 0.056481
0 21206 0.540365 0.438889 0.047396 0.048148
0 21207 0.398698 0.535648 0.050521 0.045370
0 21208 0.382031 0.571296 0.047396 0.048148
0 21209 0.418750 0.618056 0.047917 0.045370
0 21210 0.241146 0.492130 0.053125 0.049074
0 21211 0.453125 0.569907 0.047917 0.049074
0 21212 0.324479 0.500926 0.054167 0.048148
0 21213 0.538542 0.580093 0.048958 0.045370
0 21214 0.520833 0.590741 0.051042 0.048148
0 21215 0.304948 0.543519 0.049479 0.050000
0 21216 0.671875 0.591204 0.045833 0.050926
