0 21505 0.607031 0.581019 0.049479 0.049074
0 21506 0.585938 0.474074 0.048958 0.050000
0 21507 0.433594 0.587500 0.047396 0.043519
0 21508 0.517188 0.462500 0.050000 0.052778
0 21509 0.467708 0.414815 0.051042 0.051852
0 21510 0.475521 0.530093 0.055208 0.049074
0 21511 0.583594 0.601389 0.048438 0.041667
0 21512 0.364063 0.590278 0.045833 0.047222
0 21513 0.501823 0.606944 0.046354 0.045370
0 21514 0.621875 0.432407 0.052083 0.053704
0 21515 0.494010 0.499074 0.049479 0.048148
0 21516 0.552865 0.423611 0.050521 0.049074
0 21517 0.432292 0.487500 0.048958 0.054630
0 21518 0.536198 0.435648 0.047396 0.045370
0 21519 0.398177 0.538426 0.050521 0.045370
0 21520 0.381510 0.571296 0.047396 0.048148
0 21521 0.420052 0.612500 0.047396 0.043519
0 21522 0.244271 0.491204 0.053125 0.049074
0 21523 0.451823 0.567593 0.047396 0.046296
0 21524 0.325521 0.500000 0.054167 0.048148
0 21525 0.536458 0.578241 0.048958 0.045370
0 21526 0.520833 0.587963 0.051042 0.048148
0 21527 0.305990 0.540741 0.047396 0.044444
0 21528 0.666667 0.585185 0.044792 0.048148
