0 21121 0.610156 0.590278 0.049479 0.049074
0 21122 0.588021 0.474537 0.050000 0.050926
0 21123 0.431510 0.595833 0.048438 0.049074
0 21124 0.519271 0.460185 0.050000 0.051852
0 21125 0.470052 0.408333 0.051562 0.053704
0 21126 0.477083 0.530093 0.055208 0.049074
0 21127 0.584635 0.611574 0.048438 0.041667
0 21128 0.361979 0.594907 0.045833 0.047222
0 21129 0.500000 0.615278 0.047917 0.049074
0 21130 0.627344 0.433796 0.055729 0.056481
0 21131 0.497135 0.497222 0.049479 0.048148
0 21132 0.557031 0.423611 0.050521 0.052778
0 21133 0.433333 0.492130 0.050000 0.056481
0 21134 0.539323 0.440278 0.047396 0.049074
0 21135 0.396094 0.538426 0.050521 0.045370
0 21136 0.380469 0.571296 0.047396 0.048148
0 21137 0.416406 0.620833 0.048438 0.047222
0 21138 0.238021 0.493056 0.053125 0.049074
0 21139 0.452083 0.570833 0.047917 0.049074
0 21140 0.321875 0.500926 0.054167 0.048148
0 21141 0.536458 0.580556 0.048958 0.046296
0 21142 0.519010 0.593056 0.051562 0.049074
0 21143 0.302344 0.544444 0.049479 0.050000
0 21144 0.670573 0.593981 0.046354 0.050926
