0 21313 0.613802 0.584722 0.049479 0.049074
0 21314 0.590365 0.473148 0.049479 0.050000
0 21315 0.436719 0.591204 0.048438 0.049074
0 21316 0.521354 0.460648 0.050000 0.052778
0 21317 0.471875 0.409722 0.051042 0.052778
0 21318 0.479167 0.530093 0.055208 0.049074
0 21319 0.587240 0.605093 0.048438 0.041667
0 21320 0.367708 0.591204 0.045833 0.047222
0 21321 0.505469 0.607870 0.047396 0.047222
0 21322 0.629167 0.432870 0.055208 0.056481
0 21323 0.500260 0.496296 0.049479 0.048148
0 21324 0.557292 0.421759 0.050000 0.052778
0 21325 0.436458 0.488426 0.050000 0.056481
0 21326 0.542448 0.435648 0.047396 0.045370
0 21327 0.401823 0.533796 0.050521 0.045370
0 21328 0.384635 0.571296 0.047396 0.048148
0 21329 0.422135 0.615278 0.047396 0.043519
0 21330 0.244792 0.491204 0.053125 0.049074
0 21331 0.455208 0.568981 0.047917 0.049074
0 21332 0.326042 0.500926 0.054167 0.048148
0 21333 0.539062 0.579167 0.048958 0.045370
0 21334 0.523438 0.588889 0.051042 0.048148
0 21335 0.308073 0.543519 0.049479 0.050000
0 21336 0.672135 0.588426 0.045312 0.049074
