0 20665 0.636198 0.587963 0.051562 0.055556
0 20666 0.615104 0.469907 0.051042 0.052778
0 20667 0.452865 0.592130 0.048438 0.049074
0 20668 0.545312 0.451389 0.050000 0.052778
0 20669 0.495052 0.391667 0.051562 0.053704
0 20670 0.500521 0.518981 0.055208 0.049074
0 20671 0.608854 0.612037 0.048958 0.046296
0 20672 0.380208 0.588426 0.045833 0.047222
0 20673 0.520312 0.618981 0.047917 0.049074
0 20674 0.657552 0.419907 0.055729 0.056481
0 20675 0.520573 0.487037 0.049479 0.048148
0 20676 0.590365 0.410648 0.052604 0.052778
0 20677 0.454688 0.483796 0.050000 0.056481
0 20678 0.566406 0.429630 0.047396 0.053704
0 20679 0.414844 0.529167 0.050521 0.045370
0 20680 0.399219 0.564815 0.047396 0.048148
0 20681 0.435937 0.619444 0.048958 0.050000
0 20682 0.252604 0.481019 0.053125 0.049074
0 20683 0.472917 0.564352 0.047917 0.049074
0 20684 0.339062 0.487963 0.054167 0.048148
0 20685 0.559896 0.573148 0.048958 0.050000
0 20686 0.540885 0.588889 0.053646 0.053704
0 20687 0.317969 0.535185 0.049479 0.050000
0 20688 0.695312 0.593981 0.050000 0.054630
