0 21889 0.580469 0.584722 0.049479 0.049074
0 21890 0.558594 0.494907 0.047396 0.047222
0 21891 0.412500 0.596759 0.046875 0.043519
0 21892 0.490885 0.485185 0.048438 0.050000
0 21893 0.441667 0.439352 0.050000 0.045370
0 21894 0.449479 0.547222 0.055208 0.044444
0 21895 0.557031 0.606944 0.048438 0.041667
0 21896 0.344271 0.593056 0.045833 0.047222
0 21897 0.477865 0.607870 0.046354 0.045370
0 21898 0.593750 0.446759 0.052083 0.052778
0 21899 0.469531 0.515741 0.049479 0.048148
0 21900 0.524740 0.440741 0.047396 0.044444
0 21901 0.407031 0.507407 0.047396 0.051852
0 21902 0.509635 0.456944 0.047396 0.045370
0 21903 0.376302 0.549074 0.046354 0.044444
0 21904 0.359635 0.583333 0.047396 0.048148
0 21905 0.397135 0.610648 0.047396 0.043519
0 21906 0.225260 0.506944 0.048438 0.050926
0 21907 0.428385 0.575463 0.047396 0.043519
0 21908 0.305208 0.516667 0.053125 0.048148
0 21909 0.512240 0.585648 0.047396 0.041667
0 21910 0.496615 0.593056 0.050521 0.047222
0 21911 0.285677 0.552315 0.047396 0.043519
0 21912 0.638021 0.589815 0.044792 0.048148
