0 19681 0.553906 0.662037 0.050521 0.055556
0 19682 0.539323 0.527778 0.051562 0.053704
0 19683 0.360677 0.663889 0.049479 0.046296
0 19684 0.462760 0.512963 0.049479 0.051852
0 19685 0.417448 0.437963 0.051562 0.053704
0 19686 0.414583 0.585648 0.054167 0.049074
0 19687 0.526042 0.695370 0.047917 0.048148
0 19688 0.278646 0.668056 0.045833 0.047222
0 19689 0.428125 0.696759 0.047917 0.049074
0 19690 0.590365 0.475463 0.054688 0.054630
0 19691 0.435156 0.550000 0.049479 0.048148
0 19692 0.523698 0.459722 0.051562 0.052778
0 19693 0.369792 0.521759 0.050000 0.056481
0 19694 0.491406 0.486111 0.048438 0.053704
0 19695 0.322917 0.587963 0.050000 0.046296
0 19696 0.301823 0.632407 0.047396 0.048148
0 19697 0.338542 0.704167 0.046875 0.050926
0 19698 0.148177 0.536574 0.051562 0.054630
0 19699 0.386979 0.626389 0.047917 0.049074
0 19700 0.243490 0.542593 0.053646 0.050000
0 19701 0.475781 0.647222 0.049479 0.051852
0 19702 0.452865 0.662963 0.053646 0.053704
0 19703 0.217188 0.596296 0.047917 0.050000
0 19704 0.615104 0.674537 0.050000 0.056481
