0 21145 0.610677 0.589352 0.049479 0.049074
0 21146 0.588542 0.474537 0.050000 0.050926
0 21147 0.433073 0.594907 0.048438 0.049074
0 21148 0.520312 0.460185 0.050000 0.051852
0 21149 0.470573 0.408333 0.051562 0.053704
0 21150 0.477604 0.530093 0.055208 0.049074
0 21151 0.585156 0.610648 0.048438 0.041667
0 21152 0.362500 0.593981 0.045833 0.047222
0 21153 0.500521 0.614352 0.047917 0.049074
0 21154 0.627865 0.433796 0.055729 0.056481
0 21155 0.497656 0.497222 0.049479 0.048148
0 21156 0.558073 0.424074 0.050521 0.053704
0 21157 0.433854 0.491204 0.050000 0.056481
0 21158 0.539844 0.439352 0.047396 0.049074
0 21159 0.397135 0.537500 0.050521 0.045370
0 21160 0.380990 0.571296 0.047396 0.048148
0 21161 0.417448 0.619444 0.048438 0.046296
0 21162 0.239063 0.492130 0.053125 0.049074
0 21163 0.452604 0.570833 0.047917 0.049074
0 21164 0.322917 0.500926 0.054167 0.048148
0 21165 0.536979 0.580556 0.048958 0.046296
0 21166 0.520052 0.593056 0.051562 0.049074
0 21167 0.303385 0.544444 0.049479 0.050000
0 21168 0.671094 0.593056 0.046354 0.050926
