0 20401 0.666927 0.572222 0.051562 0.053704
0 20402 0.646875 0.448611 0.052083 0.054630
0 20403 0.479948 0.576389 0.048438 0.049074
0 20404 0.574479 0.431944 0.050000 0.052778
0 20405 0.528385 0.367593 0.051562 0.053704
0 20406 0.528646 0.504167 0.055208 0.049074
0 20407 0.638542 0.597222 0.048958 0.046296
0 20408 0.406250 0.578241 0.045833 0.047222
0 20409 0.546875 0.606019 0.047917 0.049074
0 20410 0.690885 0.396759 0.056771 0.060185
0 20411 0.549219 0.469444 0.049479 0.048148
0 20412 0.622135 0.391204 0.052604 0.052778
0 20413 0.484375 0.461574 0.050000 0.056481
0 20414 0.597135 0.412037 0.047396 0.053704
0 20415 0.442969 0.511574 0.050521 0.045370
0 20416 0.427344 0.550926 0.047396 0.048148
0 20417 0.461458 0.609259 0.048958 0.050000
0 20418 0.277344 0.462963 0.052604 0.055556
0 20419 0.501042 0.547685 0.047917 0.049074
0 20420 0.365104 0.467593 0.054167 0.048148
0 20421 0.588021 0.559259 0.048958 0.050000
0 20422 0.568490 0.575926 0.053646 0.053704
0 20423 0.342448 0.517593 0.049479 0.050000
0 20424 0.727083 0.581944 0.050000 0.054630
