0 20329 0.666406 0.574537 0.051562 0.054630
0 20330 0.646875 0.444907 0.052083 0.054630
0 20331 0.478906 0.577315 0.048438 0.049074
0 20332 0.574479 0.431019 0.050000 0.052778
0 20333 0.527344 0.365741 0.051562 0.053704
0 20334 0.527344 0.503241 0.054688 0.049074
0 20335 0.636979 0.600000 0.048958 0.046296
0 20336 0.403125 0.578241 0.045833 0.047222
0 20337 0.546875 0.606944 0.047917 0.049074
0 20338 0.692187 0.393981 0.057292 0.060185
0 20339 0.548698 0.468519 0.049479 0.048148
0 20340 0.623177 0.390278 0.052604 0.052778
0 20341 0.483854 0.459722 0.050000 0.056481
0 20342 0.597135 0.410185 0.047396 0.053704
0 20343 0.440885 0.510648 0.050521 0.045370
0 20344 0.424740 0.550926 0.047396 0.048148
0 20345 0.460417 0.610185 0.048958 0.050000
0 20346 0.273698 0.462963 0.052604 0.055556
0 20347 0.501042 0.546759 0.047917 0.049074
0 20348 0.364583 0.466667 0.054167 0.048148
0 20349 0.586979 0.558333 0.048958 0.050000
0 20350 0.566927 0.576852 0.053646 0.053704
0 20351 0.340885 0.517593 0.049479 0.050000
0 20352 0.726562 0.581944 0.050000 0.054630
