0 21913 0.579427 0.585648 0.049479 0.049074
0 21914 0.557552 0.495833 0.047396 0.047222
0 21915 0.411979 0.596759 0.046875 0.043519
0 21916 0.489583 0.487500 0.047917 0.049074
0 21917 0.440625 0.441204 0.050000 0.045370
0 21918 0.448437 0.548148 0.055208 0.044444
0 21919 0.555729 0.605556 0.047917 0.040741
0 21920 0.343229 0.593981 0.045833 0.047222
0 21921 0.477344 0.608796 0.046354 0.045370
0 21922 0.592708 0.448611 0.052083 0.052778
0 21923 0.467969 0.517593 0.049479 0.048148
0 21924 0.523698 0.441667 0.047396 0.044444
0 21925 0.405990 0.509259 0.047396 0.051852
0 21926 0.508594 0.458796 0.047396 0.045370
0 21927 0.375521 0.550926 0.046875 0.044444
0 21928 0.359115 0.584259 0.047396 0.048148
0 21929 0.396094 0.610648 0.047396 0.043519
0 21930 0.224219 0.507870 0.048438 0.050926
0 21931 0.427344 0.577315 0.047396 0.043519
0 21932 0.304427 0.517130 0.052604 0.047222
0 21933 0.511458 0.587500 0.046875 0.041667
0 21934 0.495312 0.592593 0.050000 0.046296
0 21935 0.285156 0.553241 0.047396 0.043519
0 21936 0.636979 0.589815 0.044792 0.048148
