0 22993 0.571875 0.562963 0.046875 0.042593
0 22994 0.544792 0.499537 0.044792 0.041667
0 22995 0.415104 0.568981 0.045833 0.037963
0 22996 0.477083 0.496759 0.041667 0.037963
0 22997 0.434896 0.466667 0.044792 0.038889
0 22998 0.444271 0.532870 0.048958 0.041667
0 22999 0.547917 0.570370 0.044792 0.037037
0 23000 0.348958 0.566667 0.042708 0.038889
0 23001 0.477604 0.573148 0.045833 0.040741
0 23002 0.579688 0.474074 0.050000 0.042593
0 23003 0.458333 0.518519 0.044792 0.035185
0 23004 0.512760 0.469444 0.044271 0.038889
0 23005 0.397135 0.519444 0.047396 0.050000
0 23006 0.499479 0.489815 0.044792 0.042593
0 23007 0.372396 0.535185 0.044792 0.037037
0 23008 0.363281 0.560648 0.043229 0.047222
0 23009 0.400521 0.578704 0.043750 0.037037
0 23010 0.231510 0.500926 0.047396 0.050000
0 23011 0.429688 0.556944 0.045833 0.037963
0 23012 0.304688 0.512963 0.048958 0.046296
0 23013 0.503906 0.565741 0.046354 0.040741
0 23014 0.491146 0.562963 0.046875 0.042593
0 23015 0.290885 0.530093 0.045312 0.039815
0 23016 0.621615 0.562963 0.042188 0.044444
