0 22801 0.572917 0.566204 0.047917 0.043519
0 22802 0.546615 0.500463 0.045312 0.043519
0 22803 0.413021 0.573611 0.045833 0.037963
0 22804 0.478125 0.497222 0.041667 0.038889
0 22805 0.434896 0.462963 0.045833 0.040741
0 22806 0.443229 0.535185 0.051042 0.042593
0 22807 0.547396 0.577315 0.044792 0.037963
0 22808 0.346875 0.568519 0.042708 0.038889
0 22809 0.474479 0.579630 0.045833 0.040741
0 22810 0.580990 0.469444 0.049479 0.048148
0 22811 0.458854 0.521296 0.045833 0.037037
0 22812 0.513021 0.465278 0.044792 0.039815
0 22813 0.397135 0.519444 0.047396 0.051852
0 22814 0.499740 0.485648 0.045312 0.043519
0 22815 0.372396 0.542593 0.044792 0.037037
0 22816 0.361719 0.564352 0.043229 0.047222
0 22817 0.398958 0.585185 0.043750 0.037037
0 22818 0.227865 0.504630 0.047396 0.050000
0 22819 0.427604 0.560648 0.045833 0.037963
0 22820 0.304167 0.515741 0.048958 0.046296
0 22821 0.503385 0.571296 0.046354 0.040741
0 22822 0.491146 0.568519 0.046875 0.042593
0 22823 0.287240 0.536574 0.045312 0.039815
0 22824 0.623437 0.569444 0.044792 0.044444
