0 22753 0.572656 0.567593 0.048438 0.044444
0 22754 0.545052 0.500463 0.045312 0.043519
0 22755 0.411458 0.575463 0.045833 0.037963
0 22756 0.477604 0.496296 0.041667 0.038889
0 22757 0.433854 0.461574 0.045833 0.041667
0 22758 0.442708 0.535185 0.052083 0.042593
0 22759 0.546615 0.579167 0.045312 0.037963
0 22760 0.344792 0.569444 0.042708 0.038889
0 22761 0.473958 0.580556 0.045833 0.040741
0 22762 0.579948 0.469444 0.049479 0.050000
0 22763 0.458333 0.521296 0.045833 0.037037
0 22764 0.512500 0.464352 0.045833 0.041667
0 22765 0.396615 0.519444 0.047396 0.051852
0 22766 0.498958 0.484259 0.045833 0.044444
0 22767 0.371354 0.543981 0.044792 0.037963
0 22768 0.360156 0.565278 0.043229 0.047222
0 22769 0.397917 0.587037 0.043750 0.037037
0 22770 0.226562 0.505556 0.047917 0.050000
0 22771 0.426042 0.560648 0.045833 0.037963
0 22772 0.302604 0.515741 0.048958 0.046296
0 22773 0.502865 0.572222 0.046354 0.040741
0 22774 0.490104 0.570370 0.046875 0.042593
0 22775 0.286198 0.537500 0.045312 0.039815
0 22776 0.622396 0.571296 0.044792 0.044444
