0 22777 0.573177 0.567593 0.048438 0.044444
0 22778 0.546094 0.500463 0.045312 0.043519
0 22779 0.411979 0.574537 0.045833 0.037963
0 22780 0.478125 0.496296 0.041667 0.038889
0 22781 0.434375 0.462037 0.045833 0.040741
0 22782 0.442969 0.535185 0.051562 0.042593
0 22783 0.546875 0.578241 0.044792 0.037963
0 22784 0.345833 0.569444 0.042708 0.038889
0 22785 0.473958 0.580556 0.045833 0.040741
0 22786 0.580469 0.468981 0.049479 0.049074
0 22787 0.458333 0.521296 0.045833 0.037037
0 22788 0.512760 0.464815 0.045312 0.040741
0 22789 0.397135 0.519444 0.047396 0.051852
0 22790 0.500000 0.484259 0.045833 0.044444
0 22791 0.371875 0.543519 0.044792 0.037037
0 22792 0.361198 0.564352 0.043229 0.047222
0 22793 0.398438 0.586111 0.043750 0.037037
0 22794 0.226823 0.504630 0.047396 0.050000
0 22795 0.427083 0.560648 0.045833 0.037963
0 22796 0.303646 0.515741 0.048958 0.046296
0 22797 0.503385 0.572222 0.046354 0.040741
0 22798 0.490625 0.569444 0.046875 0.042593
0 22799 0.286719 0.536574 0.045312 0.039815
0 22800 0.622917 0.570370 0.044792 0.044444
