0 22945 0.571875 0.563889 0.046875 0.042593
0 22946 0.546354 0.499537 0.044792 0.041667
0 22947 0.414583 0.569907 0.045833 0.037963
0 22948 0.478646 0.497685 0.041667 0.037963
0 22949 0.436458 0.465741 0.044792 0.038889
0 22950 0.445833 0.534259 0.048958 0.042593
0 22951 0.548958 0.572222 0.044792 0.037037
0 22952 0.349479 0.568519 0.042708 0.038889
0 22953 0.477083 0.575000 0.045833 0.040741
0 22954 0.580469 0.472685 0.049479 0.043519
0 22955 0.459115 0.519907 0.045312 0.036111
0 22956 0.513281 0.468519 0.044271 0.038889
0 22957 0.399219 0.520370 0.047396 0.051852
0 22958 0.499479 0.488889 0.044792 0.042593
0 22959 0.372917 0.537037 0.044792 0.037037
0 22960 0.363281 0.561574 0.043229 0.047222
0 22961 0.401562 0.580556 0.043750 0.037037
0 22962 0.230469 0.501852 0.047396 0.050000
0 22963 0.430729 0.558796 0.045833 0.037963
0 22964 0.304688 0.513889 0.048958 0.046296
0 22965 0.504948 0.567593 0.046354 0.040741
0 22966 0.491667 0.564815 0.046875 0.042593
0 22967 0.290365 0.531944 0.045312 0.039815
0 22968 0.623437 0.564815 0.042708 0.044444
