0 22585 0.567448 0.573148 0.048438 0.044444
0 22586 0.541667 0.500463 0.046875 0.043519
0 22587 0.405729 0.581944 0.045833 0.037963
0 22588 0.474479 0.498148 0.042708 0.040741
0 22589 0.429688 0.456944 0.046875 0.043519
0 22590 0.437240 0.541204 0.052604 0.043519
0 22591 0.542448 0.585185 0.046354 0.038889
0 22592 0.338542 0.577778 0.042708 0.038889
0 22593 0.468229 0.587963 0.045833 0.040741
0 22594 0.576823 0.465278 0.049479 0.050926
0 22595 0.454948 0.522222 0.046354 0.040741
0 22596 0.509115 0.458796 0.047396 0.043519
0 22597 0.392969 0.517593 0.047396 0.051852
0 22598 0.494271 0.481481 0.046875 0.044444
0 22599 0.366146 0.547685 0.044792 0.039815
0 22600 0.352865 0.571759 0.043229 0.047222
0 22601 0.392448 0.593519 0.044271 0.038889
0 22602 0.220573 0.506944 0.048438 0.050926
0 22603 0.420833 0.566204 0.045833 0.037963
0 22604 0.297396 0.518519 0.048958 0.046296
0 22605 0.499219 0.577778 0.046354 0.040741
0 22606 0.486458 0.575926 0.046875 0.042593
0 22607 0.278906 0.543056 0.045312 0.039815
0 22608 0.620313 0.577778 0.044792 0.044444
