0 22201 0.567448 0.585648 0.049479 0.047222
0 22202 0.542969 0.501852 0.047396 0.048148
0 22203 0.402865 0.595370 0.046354 0.040741
0 22204 0.476562 0.498611 0.046875 0.047222
0 22205 0.427604 0.451852 0.048958 0.044444
0 22206 0.435677 0.550926 0.052604 0.042593
0 22207 0.542448 0.601852 0.046354 0.038889
0 22208 0.332552 0.593056 0.044271 0.043519
0 22209 0.464844 0.604167 0.046354 0.045370
0 22210 0.578125 0.457870 0.052083 0.052778
0 22211 0.455990 0.524074 0.049479 0.048148
0 22212 0.510677 0.452778 0.047396 0.044444
0 22213 0.393490 0.517593 0.047396 0.051852
0 22214 0.495573 0.472685 0.047396 0.045370
0 22215 0.364063 0.556019 0.045833 0.041667
0 22216 0.348438 0.587037 0.042708 0.044444
0 22217 0.388281 0.607870 0.047396 0.043519
0 22218 0.215365 0.513426 0.048438 0.050926
0 22219 0.417187 0.576852 0.046875 0.042593
0 22220 0.294792 0.525000 0.048958 0.046296
0 22221 0.498698 0.589815 0.046354 0.040741
0 22222 0.484375 0.589815 0.046875 0.042593
0 22223 0.275260 0.555093 0.045312 0.039815
0 22224 0.622917 0.588889 0.044792 0.048148
