0 22513 0.565365 0.575463 0.048438 0.045370
0 22514 0.539844 0.500926 0.047396 0.044444
0 22515 0.404167 0.583796 0.045833 0.037963
0 22516 0.473438 0.498611 0.043750 0.041667
0 22517 0.427083 0.456019 0.046875 0.043519
0 22518 0.435156 0.543981 0.052604 0.043519
0 22519 0.540885 0.587963 0.046354 0.038889
0 22520 0.335938 0.580556 0.042708 0.038889
0 22521 0.465625 0.590741 0.045833 0.040741
0 22522 0.575260 0.463426 0.049479 0.050926
0 22523 0.453646 0.523148 0.046875 0.042593
0 22524 0.507552 0.457870 0.047396 0.043519
0 22525 0.391406 0.517593 0.047396 0.051852
0 22526 0.492448 0.480093 0.047396 0.045370
0 22527 0.363542 0.550463 0.044792 0.039815
0 22528 0.349740 0.574537 0.043229 0.047222
0 22529 0.389323 0.596296 0.044271 0.040741
0 22530 0.216406 0.508796 0.048438 0.050926
0 22531 0.418229 0.568981 0.045833 0.037963
0 22532 0.294792 0.521296 0.048958 0.046296
0 22533 0.497656 0.580556 0.046354 0.040741
0 22534 0.484375 0.578704 0.046875 0.042593
0 22535 0.277344 0.545833 0.045312 0.039815
0 22536 0.619271 0.580093 0.044792 0.045370
