0 22537 0.565885 0.575463 0.048438 0.045370
0 22538 0.540365 0.500926 0.047396 0.044444
0 22539 0.404687 0.582870 0.045833 0.037963
0 22540 0.473698 0.498611 0.043229 0.041667
0 22541 0.428125 0.456944 0.046875 0.043519
0 22542 0.435677 0.543056 0.052604 0.043519
0 22543 0.541406 0.587037 0.046354 0.038889
0 22544 0.336458 0.579630 0.042708 0.038889
0 22545 0.466667 0.589815 0.045833 0.040741
0 22546 0.575781 0.463426 0.049479 0.050926
0 22547 0.454167 0.522685 0.046875 0.041667
0 22548 0.508073 0.457870 0.047396 0.043519
0 22549 0.391927 0.517593 0.047396 0.051852
0 22550 0.492708 0.480556 0.046875 0.044444
0 22551 0.364583 0.549537 0.044792 0.039815
0 22552 0.350781 0.573611 0.043229 0.047222
0 22553 0.390365 0.594907 0.044271 0.039815
0 22554 0.217969 0.507870 0.048438 0.050926
0 22555 0.419271 0.568056 0.045833 0.037963
0 22556 0.295312 0.520370 0.048958 0.046296
0 22557 0.498177 0.579630 0.046354 0.040741
0 22558 0.484896 0.577778 0.046875 0.042593
0 22559 0.277865 0.544907 0.045312 0.039815
0 22560 0.619792 0.578704 0.044792 0.044444
