0 22297 0.563281 0.584722 0.049479 0.047222
0 22298 0.539844 0.502778 0.047396 0.048148
0 22299 0.400521 0.591204 0.045833 0.037963
0 22300 0.473698 0.499537 0.046354 0.045370
0 22301 0.425781 0.453704 0.047396 0.044444
0 22302 0.434635 0.549537 0.052604 0.043519
0 22303 0.539844 0.598148 0.046354 0.038889
0 22304 0.330208 0.590741 0.042708 0.038889
0 22305 0.464844 0.600463 0.046354 0.043519
0 22306 0.575521 0.460648 0.051042 0.052778
0 22307 0.452865 0.524074 0.048438 0.046296
0 22308 0.508594 0.454630 0.047396 0.044444
0 22309 0.390365 0.519444 0.047396 0.051852
0 22310 0.492448 0.476389 0.047396 0.045370
0 22311 0.362760 0.555556 0.045312 0.040741
0 22312 0.346615 0.584722 0.042188 0.043519
0 22313 0.386458 0.605556 0.046875 0.042593
0 22314 0.213802 0.513426 0.048438 0.050926
0 22315 0.415885 0.575000 0.046354 0.040741
0 22316 0.293229 0.524074 0.048958 0.046296
0 22317 0.497656 0.587037 0.046354 0.040741
0 22318 0.481250 0.587963 0.046875 0.042593
0 22319 0.274740 0.553241 0.045312 0.039815
0 22320 0.619271 0.587037 0.044792 0.048148
