0 22273 0.564323 0.584722 0.049479 0.047222
0 22274 0.540365 0.502778 0.047396 0.048148
0 22275 0.401042 0.592593 0.045833 0.038889
0 22276 0.474219 0.498611 0.046354 0.045370
0 22277 0.426563 0.452778 0.047917 0.044444
0 22278 0.434635 0.549537 0.052604 0.043519
0 22279 0.540365 0.599074 0.046354 0.038889
0 22280 0.330990 0.591204 0.043229 0.039815
0 22281 0.464844 0.601389 0.046354 0.043519
0 22282 0.575781 0.460648 0.051562 0.052778
0 22283 0.452865 0.523611 0.048438 0.047222
0 22284 0.509115 0.454630 0.047396 0.044444
0 22285 0.390885 0.518519 0.047396 0.051852
0 22286 0.492448 0.475463 0.047396 0.045370
0 22287 0.363021 0.555556 0.045833 0.040741
0 22288 0.346094 0.585648 0.042188 0.043519
0 22289 0.386198 0.606944 0.047396 0.043519
0 22290 0.214323 0.513426 0.048438 0.050926
0 22291 0.415885 0.575000 0.046354 0.040741
0 22292 0.293229 0.524074 0.048958 0.046296
0 22293 0.497656 0.587963 0.046354 0.040741
0 22294 0.482292 0.587963 0.046875 0.042593
0 22295 0.274740 0.553241 0.045312 0.039815
0 22296 0.620313 0.587037 0.044792 0.048148
