0 22489 0.565365 0.576389 0.048438 0.045370
0 22490 0.539844 0.500926 0.047396 0.044444
0 22491 0.403646 0.584722 0.045833 0.037963
0 22492 0.472656 0.499074 0.044271 0.042593
0 22493 0.426563 0.456019 0.046875 0.043519
0 22494 0.434635 0.543981 0.052604 0.043519
0 22495 0.540365 0.588889 0.046354 0.038889
0 22496 0.334896 0.581481 0.042708 0.038889
0 22497 0.465104 0.591667 0.045833 0.040741
0 22498 0.574740 0.462500 0.049479 0.050926
0 22499 0.453125 0.523611 0.046875 0.043519
0 22500 0.507031 0.457870 0.047396 0.043519
0 22501 0.390885 0.517593 0.047396 0.051852
0 22502 0.492448 0.480093 0.047396 0.045370
0 22503 0.362500 0.551389 0.044792 0.039815
0 22504 0.349740 0.576389 0.043229 0.047222
0 22505 0.389062 0.597222 0.044792 0.040741
0 22506 0.215365 0.509722 0.048438 0.050926
0 22507 0.417187 0.569907 0.045833 0.037963
0 22508 0.294271 0.521296 0.048958 0.046296
0 22509 0.497135 0.581481 0.046354 0.040741
0 22510 0.483854 0.579630 0.046875 0.042593
0 22511 0.276302 0.546759 0.045312 0.039815
0 22512 0.619271 0.580093 0.044792 0.045370
