0 23017 0.571875 0.562963 0.046875 0.042593
0 23018 0.544271 0.499537 0.044792 0.041667
0 23019 0.414323 0.566667 0.045312 0.037037
0 23020 0.476562 0.496759 0.041667 0.037963
0 23021 0.433854 0.466667 0.044792 0.038889
0 23022 0.444010 0.532407 0.049479 0.040741
0 23023 0.546875 0.569444 0.044792 0.037037
0 23024 0.348438 0.565741 0.042708 0.038889
0 23025 0.477083 0.571759 0.045833 0.039815
0 23026 0.578646 0.474074 0.050000 0.042593
0 23027 0.457813 0.518519 0.044792 0.035185
0 23028 0.512240 0.469444 0.044271 0.038889
0 23029 0.396094 0.519444 0.047396 0.050000
0 23030 0.499479 0.489815 0.044792 0.042593
0 23031 0.372396 0.534259 0.044792 0.037037
0 23032 0.362760 0.560648 0.043229 0.047222
0 23033 0.400521 0.577778 0.043750 0.037037
0 23034 0.230990 0.500000 0.047396 0.050000
0 23035 0.429167 0.556019 0.045833 0.037963
0 23036 0.304688 0.512963 0.048958 0.046296
0 23037 0.503385 0.564815 0.046354 0.040741
0 23038 0.491146 0.562037 0.046875 0.042593
0 23039 0.290365 0.529167 0.045312 0.039815
0 23040 0.620833 0.562963 0.041667 0.044444
