0 22921 0.572135 0.563889 0.047396 0.042593
0 22922 0.546875 0.500000 0.044792 0.042593
0 22923 0.414583 0.569907 0.045833 0.037963
0 22924 0.479167 0.498611 0.041667 0.037963
0 22925 0.436458 0.465741 0.044792 0.038889
0 22926 0.444792 0.534259 0.048958 0.042593
0 22927 0.549479 0.573148 0.044792 0.037037
0 22928 0.350000 0.569444 0.042708 0.038889
0 22929 0.476562 0.575926 0.045833 0.040741
0 22930 0.580469 0.472222 0.049479 0.044444
0 22931 0.459635 0.520370 0.045312 0.037037
0 22932 0.513802 0.468519 0.044271 0.038889
0 22933 0.398698 0.519444 0.047396 0.051852
0 22934 0.500000 0.488889 0.044792 0.042593
0 22935 0.372917 0.537963 0.044792 0.037037
0 22936 0.362760 0.562500 0.043229 0.047222
0 22937 0.402083 0.582407 0.043750 0.037037
0 22938 0.229948 0.501852 0.047396 0.050000
0 22939 0.431250 0.559722 0.045833 0.037963
0 22940 0.304688 0.513889 0.048958 0.046296
0 22941 0.504948 0.568519 0.046354 0.040741
0 22942 0.491667 0.564815 0.046875 0.042593
0 22943 0.289844 0.532870 0.045312 0.039815
0 22944 0.623698 0.565741 0.043229 0.044444
