0 22345 0.563542 0.582407 0.048958 0.046296
0 22346 0.539323 0.502315 0.047396 0.047222
0 22347 0.400521 0.590278 0.045833 0.037963
0 22348 0.472396 0.499074 0.045833 0.044444
0 22349 0.425000 0.453241 0.046875 0.043519
0 22350 0.434115 0.547685 0.052604 0.043519
0 22351 0.539844 0.596296 0.046354 0.038889
0 22352 0.330729 0.587963 0.042708 0.038889
0 22353 0.464062 0.598148 0.045833 0.042593
0 22354 0.574740 0.461111 0.050521 0.051852
0 22355 0.452604 0.524074 0.047917 0.046296
0 22356 0.507552 0.455556 0.047396 0.044444
0 22357 0.390365 0.518519 0.047396 0.051852
0 22358 0.492448 0.477315 0.047396 0.045370
0 22359 0.362240 0.555556 0.045312 0.040741
0 22360 0.347135 0.582407 0.042188 0.044444
0 22361 0.386719 0.603704 0.046354 0.042593
0 22362 0.213802 0.512500 0.048438 0.050926
0 22363 0.416406 0.573611 0.046354 0.039815
0 22364 0.292708 0.523148 0.048958 0.046296
0 22365 0.497656 0.585185 0.046354 0.040741
0 22366 0.480208 0.587037 0.046875 0.042593
0 22367 0.274740 0.551389 0.045312 0.039815
0 22368 0.617708 0.586111 0.044792 0.048148
