0 22681 0.570052 0.570370 0.048438 0.044444
0 22682 0.543750 0.500463 0.045833 0.043519
0 22683 0.408854 0.578241 0.045833 0.037963
0 22684 0.476042 0.496759 0.041667 0.039815
0 22685 0.432031 0.459259 0.046354 0.042593
0 22686 0.440365 0.537500 0.052604 0.043519
0 22687 0.545312 0.581019 0.045833 0.037963
0 22688 0.342187 0.573148 0.042708 0.038889
0 22689 0.471875 0.583333 0.045833 0.040741
0 22690 0.578906 0.467130 0.049479 0.050926
0 22691 0.457292 0.521296 0.045833 0.037037
0 22692 0.511198 0.461111 0.046354 0.042593
0 22693 0.396094 0.519444 0.047396 0.051852
0 22694 0.497135 0.483333 0.046354 0.044444
0 22695 0.369271 0.545370 0.044792 0.038889
0 22696 0.357031 0.568056 0.043229 0.047222
0 22697 0.395313 0.588889 0.043750 0.037037
0 22698 0.224219 0.506944 0.048438 0.050926
0 22699 0.423958 0.562500 0.045833 0.037963
0 22700 0.300521 0.515741 0.048958 0.046296
0 22701 0.501302 0.574074 0.046354 0.040741
0 22702 0.488542 0.572222 0.046875 0.042593
0 22703 0.283594 0.540278 0.045312 0.039815
0 22704 0.621354 0.574074 0.044792 0.044444
