0 23065 0.570052 0.559259 0.046354 0.042593
0 23066 0.543229 0.499537 0.044792 0.041667
0 23067 0.412760 0.563889 0.044271 0.037037
0 23068 0.475521 0.495833 0.041667 0.037963
0 23069 0.432292 0.466667 0.044792 0.038889
0 23070 0.442448 0.531019 0.049479 0.039815
0 23071 0.545833 0.567593 0.044792 0.037037
0 23072 0.347396 0.562963 0.042708 0.038889
0 23073 0.475260 0.568981 0.045312 0.039815
0 23074 0.576562 0.475926 0.050000 0.042593
0 23075 0.455990 0.517130 0.044271 0.034259
0 23076 0.511198 0.469444 0.044271 0.038889
0 23077 0.394010 0.518519 0.047396 0.048148
0 23078 0.497656 0.491667 0.044271 0.042593
0 23079 0.371875 0.532407 0.044792 0.037037
0 23080 0.361719 0.558796 0.043229 0.047222
0 23081 0.399479 0.575000 0.043750 0.037037
0 23082 0.229948 0.498148 0.047396 0.050000
0 23083 0.428125 0.554167 0.045833 0.037963
0 23084 0.303906 0.510648 0.048438 0.045370
0 23085 0.502865 0.563889 0.046354 0.040741
0 23086 0.490365 0.559722 0.046354 0.041667
0 23087 0.289323 0.528241 0.045312 0.039815
0 23088 0.619531 0.561111 0.041146 0.044444
