0 22705 0.571094 0.569444 0.048438 0.044444
0 22706 0.544271 0.500463 0.045833 0.043519
0 22707 0.409896 0.577315 0.045833 0.037963
0 22708 0.476562 0.496759 0.041667 0.039815
0 22709 0.433073 0.460185 0.046354 0.042593
0 22710 0.440885 0.536574 0.052604 0.043519
0 22711 0.545573 0.580093 0.045312 0.037963
0 22712 0.343229 0.571296 0.042708 0.038889
0 22713 0.472396 0.582407 0.045833 0.040741
0 22714 0.579427 0.468056 0.049479 0.050926
0 22715 0.457813 0.521296 0.045833 0.037037
0 22716 0.511719 0.462037 0.046354 0.042593
0 22717 0.396094 0.519444 0.047396 0.051852
0 22718 0.497396 0.483333 0.045833 0.044444
0 22719 0.369792 0.544907 0.044792 0.037963
0 22720 0.358073 0.567130 0.043229 0.047222
0 22721 0.396354 0.588889 0.043750 0.037037
0 22722 0.224479 0.506944 0.047917 0.050926
0 22723 0.425000 0.561574 0.045833 0.037963
0 22724 0.301042 0.515741 0.048958 0.046296
0 22725 0.501823 0.574074 0.046354 0.040741
0 22726 0.489063 0.571296 0.046875 0.042593
0 22727 0.285156 0.539352 0.045312 0.039815
0 22728 0.621875 0.573148 0.044792 0.044444
