0 22657 0.569531 0.571296 0.048438 0.044444
0 22658 0.543490 0.500463 0.046354 0.043519
0 22659 0.408333 0.579167 0.045833 0.037963
0 22660 0.475521 0.496759 0.041667 0.039815
0 22661 0.430990 0.458796 0.046354 0.043519
0 22662 0.439323 0.538426 0.052604 0.043519
0 22663 0.544792 0.581944 0.045833 0.037963
0 22664 0.341146 0.574074 0.042708 0.038889
0 22665 0.470833 0.585185 0.045833 0.040741
0 22666 0.578385 0.466204 0.049479 0.050926
0 22667 0.456771 0.521759 0.045833 0.037963
0 22668 0.510938 0.460648 0.046875 0.043519
0 22669 0.395052 0.518519 0.047396 0.051852
0 22670 0.496094 0.482407 0.046354 0.044444
0 22671 0.368750 0.546296 0.044792 0.038889
0 22672 0.355990 0.568981 0.043229 0.047222
0 22673 0.394792 0.590278 0.043750 0.037963
0 22674 0.223177 0.506944 0.048438 0.050926
0 22675 0.422917 0.563426 0.045833 0.037963
0 22676 0.300000 0.515741 0.048958 0.046296
0 22677 0.500781 0.575000 0.046354 0.040741
0 22678 0.488021 0.573148 0.046875 0.042593
0 22679 0.282031 0.541204 0.045312 0.039815
0 22680 0.621354 0.575000 0.044792 0.044444
