0 22081 0.572656 0.587963 0.049479 0.048148
0 22082 0.548698 0.501852 0.047396 0.048148
0 22083 0.405729 0.600463 0.046875 0.043519
0 22084 0.481771 0.496296 0.046875 0.048148
0 22085 0.433333 0.448611 0.050000 0.045370
0 22086 0.441146 0.552778 0.054167 0.042593
0 22087 0.547656 0.602778 0.046354 0.038889
0 22088 0.336979 0.594907 0.045833 0.047222
0 22089 0.470052 0.606944 0.046354 0.045370
0 22090 0.584896 0.455093 0.052083 0.052778
0 22091 0.460677 0.521296 0.049479 0.048148
0 22092 0.515885 0.448148 0.047396 0.044444
0 22093 0.398698 0.515741 0.047396 0.051852
0 22094 0.500781 0.468056 0.047396 0.045370
0 22095 0.368229 0.555093 0.046875 0.043519
0 22096 0.352344 0.590278 0.043229 0.047222
0 22097 0.391406 0.609722 0.047396 0.043519
0 22098 0.219010 0.513426 0.048438 0.050926
0 22099 0.422656 0.578241 0.047396 0.043519
0 22100 0.298958 0.525000 0.048958 0.046296
0 22101 0.503906 0.589815 0.046354 0.040741
0 22102 0.488021 0.591667 0.046875 0.042593
0 22103 0.278906 0.557407 0.046354 0.042593
0 22104 0.628125 0.589815 0.044792 0.048148
