0 23113 0.568490 0.556481 0.046354 0.042593
0 23114 0.540885 0.495833 0.044271 0.041667
0 23115 0.411719 0.562037 0.043229 0.037037
0 23116 0.473958 0.494907 0.041667 0.037963
0 23117 0.430729 0.466667 0.044792 0.038889
0 23118 0.441406 0.529167 0.049479 0.039815
0 23119 0.544792 0.566667 0.044792 0.037037
0 23120 0.346354 0.561111 0.042708 0.038889
0 23121 0.474219 0.566667 0.045312 0.038889
0 23122 0.574479 0.475000 0.050000 0.042593
0 23123 0.453646 0.515741 0.043750 0.033333
0 23124 0.509115 0.470370 0.044271 0.038889
0 23125 0.391927 0.518056 0.047396 0.047222
0 23126 0.496094 0.489815 0.044271 0.042593
0 23127 0.371354 0.530556 0.044792 0.037037
0 23128 0.360677 0.557870 0.043229 0.047222
0 23129 0.398438 0.573148 0.043750 0.037037
0 23130 0.228906 0.497222 0.047396 0.050000
0 23131 0.427083 0.552315 0.045833 0.037963
0 23132 0.302604 0.508333 0.047917 0.044444
0 23133 0.501823 0.559259 0.046354 0.040741
0 23134 0.489063 0.557407 0.045833 0.040741
0 23135 0.288281 0.526389 0.045312 0.039815
0 23136 0.617969 0.559259 0.041146 0.044444
