0 23281 0.563542 0.546296 0.046875 0.042593
0 23282 0.536458 0.484722 0.044792 0.041667
0 23283 0.408073 0.555093 0.042188 0.037963
0 23284 0.469271 0.486574 0.041667 0.037963
0 23285 0.427083 0.463426 0.044792 0.039815
0 23286 0.439323 0.519907 0.049479 0.043519
0 23287 0.540104 0.554630 0.044792 0.037037
0 23288 0.345833 0.550000 0.042708 0.038889
0 23289 0.469531 0.556019 0.044271 0.036111
0 23290 0.568750 0.471296 0.050000 0.042593
0 23291 0.449219 0.506944 0.043229 0.032407
0 23292 0.505469 0.465741 0.044271 0.038889
0 23293 0.389323 0.510648 0.047396 0.047222
0 23294 0.492188 0.482870 0.043750 0.041667
0 23295 0.369271 0.520370 0.044792 0.037037
0 23296 0.357552 0.549537 0.043229 0.047222
0 23297 0.395833 0.562037 0.043750 0.037037
0 23298 0.227344 0.487963 0.047396 0.050000
0 23299 0.425000 0.540278 0.045833 0.037963
0 23300 0.300000 0.499074 0.046875 0.042593
0 23301 0.498177 0.545833 0.045312 0.041667
0 23302 0.484375 0.547222 0.043750 0.037037
0 23303 0.286719 0.516204 0.045312 0.039815
0 23304 0.611719 0.547222 0.041146 0.044444
