0 23089 0.569010 0.558333 0.046354 0.042593
0 23090 0.541927 0.497685 0.044271 0.041667
0 23091 0.412500 0.562963 0.043750 0.037037
0 23092 0.474479 0.494907 0.041667 0.037963
0 23093 0.431771 0.466667 0.044792 0.038889
0 23094 0.442188 0.531019 0.050000 0.039815
0 23095 0.545312 0.566667 0.044792 0.037037
0 23096 0.346875 0.562037 0.042708 0.038889
0 23097 0.474740 0.567593 0.045312 0.038889
0 23098 0.575521 0.475000 0.050000 0.042593
0 23099 0.454688 0.517130 0.043750 0.034259
0 23100 0.511198 0.469444 0.044271 0.038889
0 23101 0.392969 0.518519 0.047396 0.048148
0 23102 0.496615 0.490741 0.044271 0.042593
0 23103 0.371875 0.532407 0.044792 0.037037
0 23104 0.361198 0.558796 0.043229 0.047222
0 23105 0.398958 0.574074 0.043750 0.037037
0 23106 0.229427 0.497222 0.047396 0.050000
0 23107 0.427604 0.553241 0.045833 0.037963
0 23108 0.303385 0.509722 0.048438 0.045370
0 23109 0.502344 0.561111 0.046354 0.040741
0 23110 0.489583 0.558333 0.045833 0.040741
0 23111 0.288802 0.527315 0.045312 0.039815
0 23112 0.619010 0.561111 0.041146 0.044444
