0 23209 0.565104 0.550000 0.045833 0.042593
0 23210 0.537500 0.489352 0.043750 0.041667
0 23211 0.408854 0.557407 0.041667 0.037037
0 23212 0.471354 0.489352 0.041667 0.037963
0 23213 0.428646 0.466204 0.044792 0.039815
0 23214 0.439583 0.523611 0.048958 0.041667
0 23215 0.541667 0.559259 0.044792 0.037037
0 23216 0.345833 0.555556 0.042708 0.038889
0 23217 0.471354 0.560185 0.044792 0.037037
0 23218 0.570833 0.473148 0.050000 0.042593
0 23219 0.450781 0.511574 0.043229 0.032407
0 23220 0.507031 0.467593 0.044271 0.038889
0 23221 0.390365 0.514352 0.047396 0.047222
0 23222 0.493229 0.485185 0.043750 0.042593
0 23223 0.369792 0.523148 0.044792 0.037037
0 23224 0.358594 0.555093 0.043229 0.047222
0 23225 0.396875 0.567593 0.043750 0.037037
0 23226 0.227865 0.491667 0.047396 0.050000
0 23227 0.425000 0.543981 0.045833 0.037963
0 23228 0.301302 0.502315 0.047396 0.043519
0 23229 0.500000 0.550926 0.045833 0.040741
0 23230 0.486198 0.550463 0.044271 0.037963
0 23231 0.286719 0.521759 0.045312 0.039815
0 23232 0.613802 0.551852 0.041146 0.044444
