0 22225 0.566406 0.585648 0.049479 0.047222
0 22226 0.541927 0.501852 0.047396 0.048148
0 22227 0.402344 0.593981 0.046354 0.039815
0 22228 0.475781 0.499074 0.046354 0.046296
0 22229 0.427344 0.451852 0.048438 0.044444
0 22230 0.435156 0.551389 0.052604 0.043519
0 22231 0.541927 0.600926 0.046354 0.038889
0 22232 0.331771 0.592593 0.043750 0.042593
0 22233 0.464844 0.602778 0.046354 0.044444
0 22234 0.577083 0.458796 0.052083 0.052778
0 22235 0.454688 0.524074 0.048958 0.048148
0 22236 0.510156 0.453704 0.047396 0.044444
0 22237 0.392448 0.517593 0.047396 0.051852
0 22238 0.494531 0.473611 0.047396 0.045370
0 22239 0.363542 0.556019 0.045833 0.041667
0 22240 0.347656 0.587037 0.042188 0.044444
0 22241 0.387240 0.607870 0.047396 0.043519
0 22242 0.214844 0.513426 0.048438 0.050926
0 22243 0.416667 0.576389 0.046875 0.041667
0 22244 0.294271 0.525000 0.048958 0.046296
0 22245 0.497656 0.589815 0.046354 0.040741
0 22246 0.483854 0.589815 0.046875 0.042593
0 22247 0.274740 0.555093 0.045312 0.039815
0 22248 0.622396 0.587963 0.044792 0.048148
