0 22105 0.571615 0.587037 0.049479 0.048148
0 22106 0.547656 0.501852 0.047396 0.048148
0 22107 0.405208 0.599074 0.046875 0.042593
0 22108 0.480729 0.497222 0.046875 0.048148
0 22109 0.432292 0.449537 0.050000 0.045370
0 22110 0.440365 0.551852 0.053646 0.042593
0 22111 0.546615 0.602778 0.046354 0.038889
0 22112 0.335417 0.594907 0.045833 0.047222
0 22113 0.469010 0.606944 0.046354 0.045370
0 22114 0.583333 0.455093 0.052083 0.052778
0 22115 0.459635 0.522222 0.049479 0.048148
0 22116 0.514844 0.449074 0.047396 0.044444
0 22117 0.397656 0.515741 0.047396 0.051852
0 22118 0.499740 0.468981 0.047396 0.045370
0 22119 0.366927 0.555556 0.046354 0.042593
0 22120 0.351823 0.589815 0.043229 0.046296
0 22121 0.390365 0.609722 0.047396 0.043519
0 22122 0.218490 0.513426 0.048438 0.050926
0 22123 0.421615 0.578241 0.047396 0.043519
0 22124 0.297917 0.525000 0.048958 0.046296
0 22125 0.502865 0.589815 0.046354 0.040741
0 22126 0.487500 0.592593 0.046875 0.042593
0 22127 0.277865 0.556944 0.046354 0.041667
0 22128 0.627083 0.590741 0.044792 0.048148
