0 22729 0.571615 0.568519 0.048438 0.044444
0 22730 0.544792 0.500463 0.045833 0.043519
0 22731 0.410417 0.576389 0.045833 0.037963
0 22732 0.477083 0.496296 0.041667 0.038889
0 22733 0.433333 0.460648 0.045833 0.041667
0 22734 0.441927 0.536574 0.052604 0.043519
0 22735 0.546094 0.580093 0.045312 0.037963
0 22736 0.343750 0.570370 0.042708 0.038889
0 22737 0.473438 0.581481 0.045833 0.040741
0 22738 0.579427 0.468981 0.049479 0.050926
0 22739 0.457813 0.521296 0.045833 0.037037
0 22740 0.511979 0.462500 0.045833 0.041667
0 22741 0.396615 0.519444 0.047396 0.051852
0 22742 0.498437 0.483333 0.045833 0.044444
0 22743 0.370312 0.544907 0.044792 0.037963
0 22744 0.359115 0.566204 0.043229 0.047222
0 22745 0.396875 0.587963 0.043750 0.037037
0 22746 0.225521 0.505556 0.047917 0.050000
0 22747 0.425521 0.560648 0.045833 0.037963
0 22748 0.302083 0.515741 0.048958 0.046296
0 22749 0.502344 0.573148 0.046354 0.040741
0 22750 0.489583 0.571296 0.046875 0.042593
0 22751 0.285677 0.538426 0.045312 0.039815
0 22752 0.622396 0.572222 0.044792 0.044444
