0 22393 0.564063 0.580556 0.048958 0.046296
0 22394 0.539323 0.501852 0.047396 0.046296
0 22395 0.401562 0.588426 0.045833 0.037963
0 22396 0.471875 0.499537 0.045833 0.043519
0 22397 0.425000 0.454167 0.046875 0.043519
0 22398 0.433594 0.546759 0.052604 0.043519
0 22399 0.539323 0.593519 0.046354 0.038889
0 22400 0.331771 0.585185 0.042708 0.038889
0 22401 0.464062 0.595833 0.045833 0.041667
0 22402 0.574479 0.462037 0.050000 0.051852
0 22403 0.452083 0.523611 0.047917 0.045370
0 22404 0.506510 0.457407 0.047396 0.044444
0 22405 0.390365 0.518519 0.047396 0.051852
0 22406 0.492448 0.478241 0.047396 0.045370
0 22407 0.361719 0.555093 0.045312 0.039815
0 22408 0.347917 0.580093 0.042708 0.045370
0 22409 0.386719 0.601852 0.045312 0.042593
0 22410 0.213802 0.511574 0.048438 0.050926
0 22411 0.416146 0.572222 0.045833 0.038889
0 22412 0.293229 0.522222 0.048958 0.046296
0 22413 0.497135 0.584259 0.046354 0.040741
0 22414 0.481250 0.584259 0.046875 0.042593
0 22415 0.274740 0.550463 0.045312 0.039815
0 22416 0.618229 0.583796 0.044792 0.047222
