0 22369 0.564063 0.581481 0.048958 0.046296
0 22370 0.539323 0.502315 0.047396 0.047222
0 22371 0.401042 0.589352 0.045833 0.037963
0 22372 0.472396 0.499537 0.045833 0.043519
0 22373 0.425000 0.454167 0.046875 0.043519
0 22374 0.434115 0.547685 0.052604 0.043519
0 22375 0.539323 0.594444 0.046354 0.038889
0 22376 0.331250 0.587037 0.042708 0.038889
0 22377 0.464062 0.596759 0.045833 0.041667
0 22378 0.574740 0.461111 0.050521 0.051852
0 22379 0.452604 0.523611 0.047917 0.045370
0 22380 0.507031 0.456481 0.047396 0.044444
0 22381 0.390365 0.518519 0.047396 0.051852
0 22382 0.492448 0.477315 0.047396 0.045370
0 22383 0.361719 0.555093 0.045312 0.039815
0 22384 0.347917 0.581481 0.042708 0.044444
0 22385 0.386458 0.602778 0.045833 0.042593
0 22386 0.213802 0.512500 0.048438 0.050926
0 22387 0.416146 0.573148 0.045833 0.038889
0 22388 0.293229 0.523148 0.048958 0.046296
0 22389 0.497135 0.585185 0.046354 0.040741
0 22390 0.480729 0.585185 0.046875 0.042593
0 22391 0.274740 0.551389 0.045312 0.039815
0 22392 0.617708 0.584722 0.044792 0.047222
