0 23233 0.564063 0.549074 0.045833 0.042593
0 23234 0.537500 0.487500 0.043750 0.041667
0 23235 0.408854 0.556481 0.041667 0.037037
0 23236 0.470833 0.488426 0.041667 0.037963
0 23237 0.428125 0.466204 0.044792 0.039815
0 23238 0.439063 0.522222 0.048958 0.042593
0 23239 0.541146 0.557407 0.044792 0.037037
0 23240 0.345833 0.553704 0.042708 0.038889
0 23241 0.470833 0.559259 0.044792 0.037037
0 23242 0.570312 0.472222 0.050000 0.042593
0 23243 0.450260 0.509722 0.043229 0.032407
0 23244 0.506510 0.466667 0.044271 0.038889
0 23245 0.389844 0.513426 0.047396 0.047222
0 23246 0.492708 0.484722 0.043750 0.041667
0 23247 0.369271 0.521296 0.044792 0.037037
0 23248 0.357552 0.554167 0.043229 0.047222
0 23249 0.396354 0.565741 0.043750 0.037037
0 23250 0.227865 0.489815 0.047396 0.050000
0 23251 0.425000 0.542130 0.045833 0.037963
0 23252 0.300521 0.500926 0.046875 0.042593
0 23253 0.499219 0.549074 0.045312 0.040741
0 23254 0.485677 0.549537 0.044271 0.037963
0 23255 0.286719 0.519907 0.045312 0.039815
0 23256 0.612760 0.550000 0.041146 0.044444
