0 22897 0.572135 0.565278 0.047396 0.043519
0 22898 0.546875 0.500000 0.044792 0.042593
0 22899 0.414062 0.570833 0.045833 0.037963
0 22900 0.479687 0.499537 0.041667 0.037963
0 22901 0.437240 0.465741 0.045312 0.038889
0 22902 0.444531 0.534259 0.049479 0.042593
0 22903 0.549479 0.574074 0.044792 0.037037
0 22904 0.349479 0.569444 0.042708 0.038889
0 22905 0.476042 0.576852 0.045833 0.040741
0 22906 0.580469 0.471759 0.049479 0.045370
0 22907 0.459896 0.521296 0.045833 0.037037
0 22908 0.514323 0.468519 0.044271 0.038889
0 22909 0.398177 0.519444 0.047396 0.051852
0 22910 0.500000 0.488426 0.044792 0.043519
0 22911 0.372917 0.538889 0.044792 0.037037
0 22912 0.362760 0.562500 0.043229 0.047222
0 22913 0.401562 0.582407 0.043750 0.037037
0 22914 0.229948 0.502778 0.047396 0.050000
0 22915 0.430208 0.559722 0.045833 0.037963
0 22916 0.304688 0.514815 0.048958 0.046296
0 22917 0.505469 0.569444 0.046354 0.040741
0 22918 0.491667 0.565741 0.046875 0.042593
0 22919 0.289323 0.533796 0.045312 0.039815
0 22920 0.623437 0.565741 0.043750 0.044444
