0 23041 0.570573 0.561111 0.046354 0.042593
0 23042 0.543750 0.499537 0.044792 0.041667
0 23043 0.413542 0.565741 0.044792 0.037037
0 23044 0.476042 0.495833 0.041667 0.037963
0 23045 0.433333 0.466667 0.044792 0.038889
0 23046 0.442969 0.531481 0.049479 0.040741
0 23047 0.546354 0.568519 0.044792 0.037037
0 23048 0.347917 0.563889 0.042708 0.038889
0 23049 0.476562 0.570833 0.045833 0.039815
0 23050 0.577604 0.475000 0.050000 0.042593
0 23051 0.456510 0.518519 0.044271 0.035185
0 23052 0.511719 0.469444 0.044271 0.038889
0 23053 0.395052 0.518981 0.047396 0.049074
0 23054 0.498177 0.490741 0.044271 0.042593
0 23055 0.372396 0.533333 0.044792 0.037037
0 23056 0.362240 0.559722 0.043229 0.047222
0 23057 0.400000 0.576852 0.043750 0.037037
0 23058 0.230469 0.499074 0.047396 0.050000
0 23059 0.428646 0.555093 0.045833 0.037963
0 23060 0.304688 0.512963 0.048958 0.046296
0 23061 0.503385 0.563889 0.046354 0.040741
0 23062 0.491146 0.562037 0.046875 0.042593
0 23063 0.289844 0.529167 0.045312 0.039815
0 23064 0.620313 0.562037 0.041667 0.044444
