0 23257 0.563802 0.547222 0.046354 0.042593
0 23258 0.537500 0.485648 0.043750 0.041667
0 23259 0.408594 0.555556 0.042188 0.037037
0 23260 0.469792 0.487500 0.041667 0.037963
0 23261 0.427604 0.465278 0.044792 0.039815
0 23262 0.439063 0.520370 0.048958 0.042593
0 23263 0.540625 0.555556 0.044792 0.037037
0 23264 0.345833 0.551852 0.042708 0.038889
0 23265 0.470052 0.557870 0.044271 0.036111
0 23266 0.569271 0.471296 0.050000 0.042593
0 23267 0.449740 0.507870 0.043229 0.032407
0 23268 0.505990 0.465741 0.044271 0.038889
0 23269 0.389323 0.511574 0.047396 0.047222
0 23270 0.492188 0.483796 0.043750 0.041667
0 23271 0.369271 0.522222 0.044792 0.037037
0 23272 0.357552 0.552315 0.043229 0.047222
0 23273 0.396354 0.563889 0.043750 0.037037
0 23274 0.227865 0.488889 0.047396 0.050000
0 23275 0.425000 0.541204 0.045833 0.037963
0 23276 0.300000 0.500000 0.046875 0.042593
0 23277 0.498698 0.547222 0.045312 0.040741
0 23278 0.484896 0.548148 0.043750 0.037037
0 23279 0.286719 0.518056 0.045312 0.039815
0 23280 0.612240 0.548148 0.041146 0.044444
