0 22321 0.563542 0.583333 0.048958 0.046296
0 22322 0.539323 0.502778 0.047396 0.048148
0 22323 0.400000 0.591204 0.045833 0.037963
0 22324 0.472656 0.499074 0.046354 0.044444
0 22325 0.425781 0.453241 0.047396 0.043519
0 22326 0.434115 0.548611 0.052604 0.043519
0 22327 0.539323 0.597222 0.046354 0.038889
0 22328 0.330729 0.589815 0.042708 0.038889
0 22329 0.464583 0.599074 0.045833 0.042593
0 22330 0.575000 0.461574 0.051042 0.052778
0 22331 0.452865 0.524074 0.048438 0.046296
0 22332 0.508073 0.455556 0.047396 0.044444
0 22333 0.390365 0.518519 0.047396 0.051852
0 22334 0.492448 0.476389 0.047396 0.045370
0 22335 0.362240 0.555556 0.045312 0.040741
0 22336 0.347135 0.584259 0.042188 0.044444
0 22337 0.386198 0.604630 0.046354 0.042593
0 22338 0.213802 0.513426 0.048438 0.050926
0 22339 0.416406 0.573611 0.046354 0.039815
0 22340 0.292708 0.523148 0.048958 0.046296
0 22341 0.497656 0.586111 0.046354 0.040741
0 22342 0.480729 0.587037 0.046875 0.042593
0 22343 0.274740 0.552315 0.045312 0.039815
0 22344 0.618229 0.586111 0.044792 0.048148
