0 22441 0.564844 0.578241 0.048438 0.045370
0 22442 0.539844 0.501389 0.047396 0.045370
0 22443 0.402604 0.586574 0.045833 0.037963
0 22444 0.472135 0.499074 0.045312 0.042593
0 22445 0.425521 0.455093 0.046875 0.043519
0 22446 0.433594 0.545833 0.052604 0.043519
0 22447 0.539323 0.591667 0.046354 0.038889
0 22448 0.332813 0.583333 0.042708 0.038889
0 22449 0.464062 0.593519 0.045833 0.040741
0 22450 0.574219 0.462037 0.049479 0.051852
0 22451 0.451823 0.524074 0.047396 0.044444
0 22452 0.505990 0.456944 0.047396 0.043519
0 22453 0.390885 0.517593 0.047396 0.051852
0 22454 0.492448 0.479167 0.047396 0.045370
0 22455 0.361979 0.553241 0.044792 0.039815
0 22456 0.349219 0.578704 0.043229 0.046296
0 22457 0.386979 0.600000 0.044792 0.042593
0 22458 0.214323 0.510648 0.048438 0.050926
0 22459 0.416667 0.571759 0.045833 0.037963
0 22460 0.293750 0.522222 0.048958 0.046296
0 22461 0.497135 0.582407 0.046354 0.040741
0 22462 0.482292 0.582407 0.046875 0.042593
0 22463 0.275260 0.548611 0.045312 0.039815
0 22464 0.618750 0.582407 0.044792 0.046296
