0 23185 0.565625 0.551852 0.045833 0.042593
0 23186 0.538542 0.490278 0.043750 0.041667
0 23187 0.409375 0.558333 0.041667 0.037037
0 23188 0.471875 0.491204 0.041667 0.037963
0 23189 0.429167 0.467130 0.044792 0.039815
0 23190 0.439583 0.524537 0.048958 0.041667
0 23191 0.542708 0.561111 0.044792 0.037037
0 23192 0.345313 0.557407 0.042708 0.038889
0 23193 0.472396 0.562037 0.044792 0.037037
0 23194 0.571875 0.474074 0.050000 0.042593
0 23195 0.451302 0.513426 0.043229 0.032407
0 23196 0.507552 0.467593 0.044271 0.038889
0 23197 0.390365 0.516204 0.047396 0.047222
0 23198 0.493750 0.486111 0.043750 0.042593
0 23199 0.370312 0.525000 0.044792 0.037037
0 23200 0.359115 0.556019 0.043229 0.047222
0 23201 0.397396 0.569444 0.043750 0.037037
0 23202 0.228385 0.492593 0.047396 0.050000
0 23203 0.425521 0.545833 0.045833 0.037963
0 23204 0.301302 0.504167 0.047396 0.043519
0 23205 0.500521 0.552778 0.045833 0.040741
0 23206 0.486979 0.552778 0.044792 0.038889
0 23207 0.286719 0.523611 0.045312 0.039815
0 23208 0.614844 0.553704 0.041146 0.044444
