0 22249 0.565365 0.584722 0.049479 0.047222
0 22250 0.541406 0.501852 0.047396 0.048148
0 22251 0.401823 0.593519 0.046354 0.038889
0 22252 0.474740 0.499074 0.046354 0.046296
0 22253 0.426563 0.452778 0.047917 0.044444
0 22254 0.434635 0.550463 0.052604 0.043519
0 22255 0.541406 0.600000 0.046354 0.038889
0 22256 0.331771 0.592130 0.043750 0.041667
0 22257 0.464844 0.601852 0.046354 0.044444
0 22258 0.576562 0.460648 0.052083 0.052778
0 22259 0.454167 0.523611 0.048958 0.047222
0 22260 0.509635 0.453704 0.047396 0.044444
0 22261 0.391927 0.518519 0.047396 0.051852
0 22262 0.493490 0.474537 0.047396 0.045370
0 22263 0.363542 0.556019 0.045833 0.041667
0 22264 0.347135 0.586574 0.042188 0.043519
0 22265 0.386719 0.606944 0.047396 0.043519
0 22266 0.214844 0.513426 0.048438 0.050926
0 22267 0.416146 0.575463 0.046875 0.041667
0 22268 0.293750 0.525000 0.048958 0.046296
0 22269 0.497656 0.588889 0.046354 0.040741
0 22270 0.482812 0.588889 0.046875 0.042593
0 22271 0.274740 0.554167 0.045312 0.039815
0 22272 0.621354 0.587963 0.044792 0.048148
