0 22609 0.567969 0.572222 0.048438 0.044444
0 22610 0.542448 0.500463 0.046354 0.043519
0 22611 0.406771 0.581019 0.045833 0.037963
0 22612 0.474740 0.498148 0.042188 0.040741
0 22613 0.429688 0.457870 0.046875 0.043519
0 22614 0.437760 0.540278 0.052604 0.043519
0 22615 0.543490 0.584259 0.046354 0.038889
0 22616 0.339583 0.575926 0.042708 0.038889
0 22617 0.469271 0.587037 0.045833 0.040741
0 22618 0.577344 0.465278 0.049479 0.050926
0 22619 0.455990 0.521759 0.046354 0.039815
0 22620 0.509635 0.458796 0.047396 0.043519
0 22621 0.394010 0.518519 0.047396 0.051852
0 22622 0.494531 0.481481 0.046354 0.044444
0 22623 0.367188 0.547685 0.044792 0.039815
0 22624 0.353906 0.570833 0.043229 0.047222
0 22625 0.392969 0.592593 0.044271 0.038889
0 22626 0.221094 0.506944 0.048438 0.050926
0 22627 0.421354 0.565278 0.045833 0.037963
0 22628 0.297917 0.517593 0.048958 0.046296
0 22629 0.499740 0.576852 0.046354 0.040741
0 22630 0.486979 0.575000 0.046875 0.042593
0 22631 0.279948 0.542130 0.045312 0.039815
0 22632 0.620313 0.576852 0.044792 0.044444
