0 22633 0.569010 0.571296 0.048438 0.044444
0 22634 0.542969 0.500463 0.046354 0.043519
0 22635 0.407292 0.580093 0.045833 0.037963
0 22636 0.475000 0.498148 0.041667 0.040741
0 22637 0.430208 0.457870 0.046875 0.043519
0 22638 0.438802 0.539352 0.052604 0.043519
0 22639 0.543750 0.582870 0.045833 0.037963
0 22640 0.340104 0.575000 0.042708 0.038889
0 22641 0.469792 0.586111 0.045833 0.040741
0 22642 0.577865 0.466204 0.049479 0.050926
0 22643 0.456250 0.521296 0.045833 0.038889
0 22644 0.510677 0.460185 0.047396 0.044444
0 22645 0.394531 0.518519 0.047396 0.051852
0 22646 0.495573 0.482407 0.046354 0.044444
0 22647 0.367708 0.546296 0.044792 0.038889
0 22648 0.354948 0.569907 0.043229 0.047222
0 22649 0.393750 0.591204 0.043750 0.037963
0 22650 0.222135 0.506944 0.048438 0.050926
0 22651 0.422396 0.564352 0.045833 0.037963
0 22652 0.298958 0.516667 0.048958 0.046296
0 22653 0.500260 0.575926 0.046354 0.040741
0 22654 0.487500 0.574074 0.046875 0.042593
0 22655 0.280990 0.541204 0.045312 0.039815
0 22656 0.620833 0.575926 0.044792 0.044444
