0 22561 0.566406 0.574074 0.048438 0.044444
0 22562 0.540625 0.500463 0.046875 0.043519
0 22563 0.405208 0.581944 0.045833 0.037963
0 22564 0.474219 0.498611 0.043229 0.041667
0 22565 0.428646 0.456944 0.046875 0.043519
0 22566 0.436198 0.542130 0.052604 0.043519
0 22567 0.541927 0.586111 0.046354 0.038889
0 22568 0.337500 0.578704 0.042708 0.038889
0 22569 0.467708 0.588889 0.045833 0.040741
0 22570 0.576302 0.464352 0.049479 0.050926
0 22571 0.454427 0.522222 0.046354 0.040741
0 22572 0.508594 0.458796 0.047396 0.043519
0 22573 0.392448 0.517593 0.047396 0.051852
0 22574 0.493229 0.480556 0.046875 0.044444
0 22575 0.365104 0.548611 0.044792 0.039815
0 22576 0.351823 0.572685 0.043229 0.047222
0 22577 0.391406 0.593981 0.044271 0.039815
0 22578 0.219010 0.507870 0.048438 0.050926
0 22579 0.419792 0.567130 0.045833 0.037963
0 22580 0.296354 0.519444 0.048958 0.046296
0 22581 0.498698 0.578704 0.046354 0.040741
0 22582 0.485417 0.576852 0.046875 0.042593
0 22583 0.278385 0.543981 0.045312 0.039815
0 22584 0.619792 0.577778 0.044792 0.044444
