0 23161 0.566667 0.553704 0.045833 0.042593
0 23162 0.539323 0.492130 0.044271 0.041667
0 23163 0.410156 0.559259 0.042188 0.037037
0 23164 0.472917 0.492130 0.041667 0.037963
0 23165 0.429688 0.467130 0.044792 0.039815
0 23166 0.440104 0.525926 0.048958 0.040741
0 23167 0.543229 0.562963 0.044792 0.037037
0 23168 0.345313 0.559259 0.042708 0.038889
0 23169 0.472917 0.563426 0.044792 0.037963
0 23170 0.572396 0.474074 0.050000 0.042593
0 23171 0.451823 0.515278 0.043229 0.032407
0 23172 0.508073 0.468519 0.044271 0.038889
0 23173 0.390885 0.517130 0.047396 0.047222
0 23174 0.494271 0.487963 0.043750 0.042593
0 23175 0.370312 0.526852 0.044792 0.037037
0 23176 0.359635 0.556944 0.043229 0.047222
0 23177 0.397396 0.571296 0.043750 0.037037
0 23178 0.228385 0.494444 0.047396 0.050000
0 23179 0.426042 0.548611 0.045833 0.037963
0 23180 0.302083 0.505556 0.047917 0.044444
0 23181 0.500521 0.555556 0.045833 0.040741
0 23182 0.487760 0.554167 0.045312 0.039815
0 23183 0.287240 0.524537 0.045312 0.039815
0 23184 0.615885 0.555556 0.041146 0.044444
