0 22129 0.570573 0.587037 0.049479 0.048148
0 22130 0.546615 0.501852 0.047396 0.048148
0 22131 0.404687 0.597685 0.046875 0.041667
0 22132 0.479687 0.498148 0.046875 0.048148
0 22133 0.431250 0.449537 0.050000 0.045370
0 22134 0.439323 0.551852 0.053646 0.042593
0 22135 0.546094 0.602778 0.046354 0.038889
0 22136 0.334375 0.594907 0.045833 0.047222
0 22137 0.467969 0.606019 0.046354 0.045370
0 22138 0.582292 0.456019 0.052083 0.052778
0 22139 0.458594 0.522222 0.049479 0.048148
0 22140 0.513802 0.450000 0.047396 0.044444
0 22141 0.396615 0.516667 0.047396 0.051852
0 22142 0.498698 0.469907 0.047396 0.045370
0 22143 0.365885 0.555556 0.046354 0.042593
0 22144 0.350781 0.588889 0.043229 0.046296
0 22145 0.389844 0.609722 0.047396 0.043519
0 22146 0.217448 0.513426 0.048438 0.050926
0 22147 0.420573 0.578241 0.047396 0.043519
0 22148 0.297396 0.525000 0.048958 0.046296
0 22149 0.501823 0.590741 0.046354 0.040741
0 22150 0.486458 0.591667 0.046875 0.042593
0 22151 0.277083 0.556481 0.045833 0.040741
0 22152 0.626042 0.589815 0.044792 0.048148
