0 22969 0.571875 0.562963 0.046875 0.042593
0 22970 0.545312 0.499537 0.044792 0.041667
0 22971 0.415104 0.568981 0.045833 0.037963
0 22972 0.477604 0.497685 0.041667 0.037963
0 22973 0.435417 0.465741 0.044792 0.038889
0 22974 0.444792 0.532870 0.048958 0.041667
0 22975 0.548438 0.571296 0.044792 0.037037
0 22976 0.348958 0.567593 0.042708 0.038889
0 22977 0.477083 0.574074 0.045833 0.040741
0 22978 0.580729 0.473148 0.050000 0.042593
0 22979 0.459115 0.519907 0.045312 0.036111
0 22980 0.512760 0.468519 0.044271 0.038889
0 22981 0.398177 0.519907 0.047396 0.050926
0 22982 0.499479 0.489815 0.044792 0.042593
0 22983 0.372396 0.536111 0.044792 0.037037
0 22984 0.363281 0.561574 0.043229 0.047222
0 22985 0.401042 0.579630 0.043750 0.037037
0 22986 0.230990 0.500926 0.047396 0.050000
0 22987 0.430208 0.557870 0.045833 0.037963
0 22988 0.304688 0.513889 0.048958 0.046296
0 22989 0.504427 0.566667 0.046354 0.040741
0 22990 0.491146 0.563889 0.046875 0.042593
0 22991 0.291406 0.531019 0.045312 0.039815
0 22992 0.622917 0.563889 0.042708 0.044444
