0 22465 0.564844 0.577315 0.048438 0.045370
0 22466 0.539844 0.501389 0.047396 0.045370
0 22467 0.403125 0.585648 0.045833 0.037963
0 22468 0.472396 0.499074 0.044792 0.042593
0 22469 0.426042 0.455093 0.046875 0.043519
0 22470 0.434115 0.544907 0.052604 0.043519
0 22471 0.539844 0.590741 0.046354 0.038889
0 22472 0.333854 0.582407 0.042708 0.038889
0 22473 0.464062 0.592593 0.045833 0.040741
0 22474 0.574740 0.462500 0.049479 0.050926
0 22475 0.452344 0.524074 0.047396 0.044444
0 22476 0.506510 0.456944 0.047396 0.043519
0 22477 0.390885 0.517593 0.047396 0.051852
0 22478 0.492448 0.479167 0.047396 0.045370
0 22479 0.361458 0.552315 0.044792 0.039815
0 22480 0.349219 0.576852 0.043229 0.046296
0 22481 0.388021 0.598611 0.044792 0.041667
0 22482 0.214844 0.509722 0.048438 0.050926
0 22483 0.416667 0.570833 0.045833 0.037963
0 22484 0.294271 0.521296 0.048958 0.046296
0 22485 0.497135 0.581481 0.046354 0.040741
0 22486 0.483333 0.581481 0.046875 0.042593
0 22487 0.275781 0.547685 0.045312 0.039815
0 22488 0.618750 0.581481 0.044792 0.046296
