0 5397 0.393490 0.610185 0.034896 0.025926
0 5398 0.404948 0.475926 0.040104 0.035185
0 5399 0.397135 0.628704 0.032813 0.024074
0 5400 0.296875 0.629167 0.036458 0.026852
0 5401 0.397656 0.565278 0.038021 0.030556
0 5402 0.342969 0.598611 0.034896 0.026852
0 5403 0.438021 0.621296 0.034375 0.025926
0 5404 0.295312 0.580556 0.037500 0.029630
0 5405 0.437240 0.523148 0.036979 0.031481
0 5406 0.493750 0.543519 0.035417 0.031481
0 5407 0.515104 0.569907 0.034375 0.028704
0 5408 0.478125 0.590741 0.034375 0.025926
