0 5181 0.450781 0.589815 0.029687 0.025926
0 5182 0.415104 0.473148 0.034375 0.029630
0 5183 0.474219 0.597685 0.027604 0.021296
0 5184 0.367708 0.612963 0.031250 0.024074
0 5185 0.435417 0.550000 0.031250 0.029630
0 5186 0.397656 0.583333 0.030729 0.027778
0 5187 0.501302 0.590741 0.029687 0.024074
0 5188 0.349740 0.572222 0.032813 0.024074
0 5189 0.458854 0.509259 0.032292 0.029630
0 5190 0.519792 0.522685 0.033333 0.026852
0 5191 0.548698 0.542593 0.032813 0.027778
0 5192 0.526302 0.564815 0.030729 0.024074
