0 5817 0.351823 0.617130 0.039062 0.030556
0 5818 0.472917 0.473611 0.044792 0.037963
0 5819 0.305990 0.640741 0.036979 0.031481
0 5820 0.249219 0.623611 0.042188 0.032407
0 5821 0.404687 0.565741 0.041667 0.033333
0 5822 0.322656 0.599537 0.040104 0.030556
0 5823 0.369792 0.633796 0.038542 0.030556
0 5824 0.294531 0.571296 0.044271 0.035185
0 5825 0.470833 0.523611 0.043750 0.034259
0 5826 0.503646 0.554630 0.039583 0.033333
0 5827 0.500260 0.582407 0.038021 0.031481
0 5828 0.441406 0.601389 0.039062 0.030556
