0 6021 0.334896 0.636574 0.040625 0.032407
0 6022 0.509115 0.492593 0.050521 0.042593
0 6023 0.258594 0.664815 0.042188 0.035185
0 6024 0.227865 0.647685 0.046354 0.036111
0 6025 0.411198 0.587037 0.048438 0.037037
0 6026 0.316667 0.622222 0.046875 0.033333
0 6027 0.332031 0.651852 0.043229 0.035185
0 6028 0.299479 0.589352 0.048958 0.037963
0 6029 0.489323 0.543981 0.049479 0.036111
0 6030 0.508333 0.576852 0.045833 0.035185
0 6031 0.495573 0.603704 0.043229 0.033333
0 6032 0.422917 0.620833 0.043750 0.032407
