0 5253 0.434115 0.596759 0.031771 0.025000
0 5254 0.413021 0.473611 0.035417 0.030556
0 5255 0.451302 0.607870 0.028646 0.023148
0 5256 0.346094 0.617593 0.032813 0.024074
0 5257 0.423438 0.555556 0.033333 0.029630
0 5258 0.380729 0.588889 0.032292 0.025926
0 5259 0.482552 0.600926 0.030729 0.024074
0 5260 0.332813 0.574074 0.033333 0.024074
0 5261 0.452865 0.513426 0.033854 0.030556
0 5262 0.513281 0.529167 0.033854 0.028704
0 5263 0.540625 0.551852 0.032292 0.027778
0 5264 0.512500 0.573148 0.032292 0.024074
