0 5985 0.339323 0.634259 0.040104 0.031481
0 5986 0.503646 0.489815 0.048958 0.040741
0 5987 0.269010 0.660185 0.041146 0.035185
0 5988 0.235417 0.643056 0.044792 0.036111
0 5989 0.410677 0.584722 0.046354 0.036111
0 5990 0.318490 0.618981 0.045312 0.032407
0 5991 0.341146 0.651852 0.041667 0.033333
0 5992 0.300260 0.586111 0.047396 0.037037
0 5993 0.485938 0.541204 0.047917 0.036111
0 5994 0.506771 0.573148 0.044792 0.035185
0 5995 0.496615 0.600000 0.042188 0.033333
0 5996 0.427083 0.616667 0.042708 0.031481
