0 5613 0.341406 0.616204 0.038021 0.030556
0 5614 0.407813 0.468519 0.042708 0.037037
0 5615 0.320052 0.636574 0.035937 0.028704
0 5616 0.234896 0.623611 0.040625 0.030556
0 5617 0.370052 0.566204 0.041146 0.032407
0 5618 0.296615 0.597685 0.039062 0.028704
0 5619 0.371875 0.630093 0.037500 0.028704
0 5620 0.256250 0.574537 0.042708 0.034259
0 5621 0.423958 0.521759 0.039583 0.032407
0 5622 0.470573 0.548611 0.036979 0.034259
0 5623 0.481771 0.579167 0.037500 0.030556
0 5624 0.431250 0.599074 0.036458 0.027778
