0 5937 0.347656 0.627778 0.041146 0.031481
0 5938 0.496354 0.487037 0.046875 0.038889
0 5939 0.285677 0.653241 0.040104 0.032407
0 5940 0.244792 0.636111 0.042708 0.035185
0 5941 0.413802 0.577778 0.044271 0.035185
0 5942 0.325000 0.610648 0.042708 0.030556
0 5943 0.354167 0.643981 0.039583 0.030556
0 5944 0.304688 0.581481 0.045833 0.037037
0 5945 0.483594 0.535648 0.046354 0.036111
0 5946 0.507812 0.567130 0.042708 0.034259
0 5947 0.500000 0.594444 0.040625 0.033333
0 5948 0.434635 0.611574 0.041146 0.030556
