0 6261 0.364583 0.658796 0.050000 0.036111
0 6262 0.607292 0.512963 0.058333 0.042593
0 6263 0.251823 0.686111 0.051562 0.038889
0 6264 0.258854 0.676852 0.055208 0.038889
0 6265 0.473698 0.613889 0.055729 0.038889
0 6266 0.361979 0.654630 0.054167 0.035185
0 6267 0.343490 0.674074 0.049479 0.035185
0 6268 0.362760 0.619907 0.059896 0.045370
0 6269 0.567969 0.569444 0.056771 0.037037
0 6270 0.570833 0.599074 0.054167 0.037037
0 6271 0.544792 0.627778 0.052083 0.035185
0 6272 0.456510 0.643981 0.051562 0.036111
