0 6309 0.367708 0.661574 0.052083 0.037963
0 6310 0.627344 0.517593 0.059896 0.042593
0 6311 0.251823 0.686574 0.053646 0.039815
0 6312 0.269010 0.680556 0.056771 0.038889
0 6313 0.488021 0.618519 0.057292 0.038889
0 6314 0.371875 0.658796 0.056250 0.036111
0 6315 0.346615 0.677315 0.050521 0.036111
0 6316 0.376823 0.625463 0.060937 0.045370
0 6317 0.584896 0.572685 0.058333 0.037963
0 6318 0.583594 0.602315 0.055729 0.037963
0 6319 0.555729 0.629630 0.053125 0.037037
0 6320 0.463802 0.646759 0.053646 0.036111
