0 6165 0.347135 0.649537 0.044271 0.034259
0 6166 0.564063 0.501852 0.055208 0.042593
0 6167 0.248698 0.677778 0.046354 0.035185
0 6168 0.239063 0.666667 0.052083 0.037037
0 6169 0.443750 0.602778 0.053125 0.038889
0 6170 0.337500 0.642593 0.053125 0.035185
0 6171 0.332552 0.665741 0.048438 0.033333
0 6172 0.330469 0.605556 0.056771 0.042593
0 6173 0.531510 0.559259 0.053646 0.037037
0 6174 0.542188 0.590278 0.051042 0.036111
0 6175 0.521094 0.617593 0.048438 0.035185
0 6176 0.438021 0.633333 0.048958 0.033333
