0 6081 0.333854 0.639815 0.043750 0.035185
0 6082 0.528906 0.491667 0.052604 0.042593
0 6083 0.247917 0.669444 0.043750 0.035185
0 6084 0.226042 0.654630 0.048958 0.037037
0 6085 0.419792 0.592130 0.051042 0.037963
0 6086 0.319531 0.629167 0.049479 0.034259
0 6087 0.327604 0.657870 0.045833 0.034259
0 6088 0.307552 0.594907 0.052604 0.039815
0 6089 0.502865 0.549074 0.051562 0.037037
0 6090 0.519531 0.581481 0.048438 0.035185
0 6091 0.503385 0.608796 0.045312 0.034259
0 6092 0.424740 0.625463 0.046354 0.032407
