0 6117 0.338281 0.643519 0.043229 0.035185
0 6118 0.543490 0.496296 0.053646 0.042593
0 6119 0.246875 0.672222 0.044792 0.035185
0 6120 0.230469 0.660185 0.050521 0.037037
0 6121 0.429167 0.595833 0.052083 0.037963
0 6122 0.326042 0.634722 0.051042 0.034259
0 6123 0.329167 0.661111 0.046875 0.033333
0 6124 0.315885 0.599537 0.054688 0.041667
0 6125 0.514844 0.553704 0.052604 0.037037
0 6126 0.527865 0.584259 0.049479 0.035185
0 6127 0.510417 0.612500 0.046875 0.034259
0 6128 0.429688 0.628241 0.047917 0.032407
