0 5421 0.385937 0.613426 0.035417 0.026852
0 5422 0.402865 0.476389 0.041146 0.036111
0 5423 0.386458 0.630556 0.033333 0.024074
0 5424 0.287760 0.629630 0.036979 0.027778
0 5425 0.392188 0.566204 0.038542 0.030556
0 5426 0.335417 0.599537 0.035417 0.026852
0 5427 0.428385 0.623148 0.034896 0.025926
0 5428 0.288281 0.581944 0.038021 0.030556
0 5429 0.433333 0.524074 0.037500 0.031481
0 5430 0.489583 0.546296 0.035417 0.031481
0 5431 0.510156 0.570833 0.034896 0.028704
0 5432 0.471354 0.593519 0.034375 0.025926
