0 5997 0.337760 0.636111 0.040104 0.031481
0 5998 0.505469 0.490278 0.049479 0.041667
0 5999 0.265104 0.662037 0.041667 0.035185
0 6000 0.233073 0.643981 0.045312 0.036111
0 6001 0.410417 0.585648 0.046875 0.036111
0 6002 0.317188 0.620833 0.045833 0.032407
0 6003 0.338281 0.651852 0.042188 0.033333
0 6004 0.298958 0.587037 0.047917 0.037037
0 6005 0.487240 0.542130 0.048438 0.036111
0 6006 0.506250 0.575000 0.044792 0.035185
0 6007 0.495833 0.601852 0.042708 0.033333
0 6008 0.425260 0.617593 0.043229 0.031481
