0 5493 0.365625 0.616204 0.036458 0.028704
0 5494 0.399740 0.474074 0.042188 0.037037
0 5495 0.357292 0.635185 0.034375 0.025926
0 5496 0.262760 0.630093 0.038021 0.028704
0 5497 0.379688 0.568519 0.039583 0.031481
0 5498 0.316406 0.600926 0.036979 0.027778
0 5499 0.404427 0.627315 0.035937 0.026852
0 5500 0.270833 0.581481 0.040625 0.031481
0 5501 0.425781 0.524537 0.038021 0.032407
0 5502 0.478646 0.548148 0.036458 0.033333
0 5503 0.495312 0.576389 0.036458 0.028704
0 5504 0.453125 0.598611 0.035417 0.026852
