0 6153 0.344271 0.647685 0.043750 0.034259
0 6154 0.558854 0.500926 0.055208 0.042593
0 6155 0.247917 0.675926 0.045833 0.035185
0 6156 0.236198 0.664815 0.051562 0.037037
0 6157 0.440104 0.600926 0.053125 0.038889
0 6158 0.334635 0.640278 0.052604 0.034259
0 6159 0.330729 0.663889 0.047917 0.033333
0 6160 0.326562 0.603704 0.056250 0.042593
0 6161 0.526823 0.557407 0.053646 0.037037
0 6162 0.538542 0.589352 0.051042 0.036111
0 6163 0.518229 0.616667 0.047917 0.035185
0 6164 0.435937 0.631944 0.048958 0.032407
