0 5277 0.428646 0.598611 0.032292 0.025000
0 5278 0.412240 0.473611 0.035937 0.030556
0 5279 0.443750 0.611574 0.029167 0.023148
0 5280 0.339062 0.619444 0.033333 0.024074
0 5281 0.420312 0.557407 0.034375 0.029630
0 5282 0.375260 0.590741 0.032813 0.025926
0 5283 0.476562 0.604630 0.031250 0.024074
0 5284 0.327344 0.575463 0.033854 0.025000
0 5285 0.451042 0.515278 0.034375 0.030556
0 5286 0.511198 0.531019 0.033854 0.028704
0 5287 0.537760 0.555093 0.032813 0.028704
0 5288 0.508073 0.576852 0.032813 0.024074
