0 6045 0.332813 0.637963 0.041667 0.033333
0 6046 0.515625 0.489815 0.051042 0.042593
0 6047 0.253646 0.666667 0.042708 0.035185
0 6048 0.225781 0.650926 0.047396 0.037037
0 6049 0.413281 0.588889 0.049479 0.037037
0 6050 0.316406 0.624537 0.048438 0.034259
0 6051 0.329427 0.653241 0.044271 0.034259
0 6052 0.299740 0.590741 0.050521 0.038889
0 6053 0.494010 0.545833 0.050521 0.036111
0 6054 0.511979 0.578704 0.046875 0.035185
0 6055 0.498177 0.605556 0.044271 0.033333
0 6056 0.422917 0.622685 0.044792 0.032407
