0 6009 0.336198 0.636111 0.040104 0.031481
0 6010 0.507292 0.491204 0.050000 0.041667
0 6011 0.260417 0.663889 0.041667 0.035185
0 6012 0.230729 0.645833 0.045833 0.036111
0 6013 0.410156 0.585648 0.047396 0.036111
0 6014 0.316927 0.620833 0.046354 0.032407
0 6015 0.334896 0.652315 0.042708 0.034259
0 6016 0.299219 0.588426 0.048438 0.037963
0 6017 0.488021 0.543056 0.048958 0.036111
0 6018 0.507031 0.575926 0.045312 0.035185
0 6019 0.495052 0.603704 0.043229 0.033333
0 6020 0.423438 0.619907 0.043750 0.032407
