0 5649 0.339844 0.616204 0.038021 0.030556
0 5650 0.416927 0.468519 0.043229 0.037037
0 5651 0.311458 0.636574 0.036458 0.028704
0 5652 0.232813 0.621759 0.040625 0.030556
0 5653 0.371615 0.564352 0.041146 0.032407
0 5654 0.297396 0.596759 0.039583 0.028704
0 5655 0.367448 0.630556 0.038021 0.029630
0 5656 0.259635 0.572685 0.043229 0.034259
0 5657 0.429427 0.520833 0.040104 0.032407
0 5658 0.473438 0.548611 0.037500 0.034259
0 5659 0.480990 0.579630 0.038021 0.031481
0 5660 0.428385 0.600463 0.036979 0.028704
