0 5373 0.401042 0.608333 0.034375 0.025926
0 5374 0.407031 0.475463 0.039062 0.034259
0 5375 0.407292 0.625463 0.032292 0.023148
0 5376 0.305990 0.626852 0.035937 0.025926
0 5377 0.403125 0.562963 0.037500 0.029630
0 5378 0.350521 0.597222 0.034375 0.025926
0 5379 0.447656 0.619444 0.033854 0.025926
0 5380 0.302604 0.579167 0.036458 0.028704
0 5381 0.440625 0.521296 0.036458 0.031481
0 5382 0.497656 0.541204 0.034896 0.030556
0 5383 0.520052 0.566204 0.033854 0.028704
0 5384 0.485156 0.587500 0.033854 0.025000
