0 5301 0.423438 0.601389 0.033333 0.025000
0 5302 0.411458 0.474074 0.036458 0.031481
0 5303 0.435156 0.614352 0.029687 0.023148
0 5304 0.332031 0.621296 0.033854 0.024074
0 5305 0.417187 0.559259 0.035417 0.029630
0 5306 0.370312 0.592593 0.033333 0.025926
0 5307 0.470573 0.607870 0.031771 0.025000
0 5308 0.322396 0.575926 0.034375 0.025926
0 5309 0.449219 0.516667 0.034896 0.031481
0 5310 0.509115 0.534259 0.033854 0.029630
0 5311 0.535156 0.557870 0.032813 0.028704
0 5312 0.503646 0.579630 0.033333 0.024074
