0 6033 0.334115 0.637500 0.041146 0.032407
0 6034 0.512240 0.490741 0.050521 0.042593
0 6035 0.256250 0.665741 0.042708 0.035185
0 6036 0.225521 0.649074 0.046875 0.037037
0 6037 0.411458 0.587963 0.048958 0.037037
0 6038 0.316406 0.623148 0.047396 0.033333
0 6039 0.330729 0.652315 0.043750 0.034259
0 6040 0.299479 0.589815 0.050000 0.038889
0 6041 0.491667 0.544907 0.050000 0.036111
0 6042 0.509635 0.577778 0.046354 0.035185
0 6043 0.496875 0.604630 0.043750 0.033333
0 6044 0.422656 0.621759 0.044271 0.032407
