0 5961 0.343750 0.630556 0.040625 0.031481
0 5962 0.500000 0.488426 0.047917 0.039815
0 5963 0.277604 0.657407 0.040625 0.033333
0 5964 0.240104 0.638889 0.043750 0.035185
0 5965 0.412240 0.581481 0.045312 0.035185
0 5966 0.321354 0.614815 0.043750 0.031481
0 5967 0.347917 0.648148 0.040625 0.031481
0 5968 0.302344 0.583333 0.046354 0.037037
0 5969 0.484375 0.539352 0.046875 0.036111
0 5970 0.507292 0.569907 0.043750 0.034259
0 5971 0.498437 0.597222 0.041667 0.033333
0 5972 0.430990 0.614815 0.042188 0.031481
