0 6333 0.369792 0.662963 0.053125 0.038889
0 6334 0.635938 0.520370 0.060417 0.042593
0 6335 0.250781 0.687500 0.054688 0.039815
0 6336 0.271094 0.681481 0.057813 0.038889
0 6337 0.493229 0.620833 0.058333 0.039815
0 6338 0.376563 0.660648 0.057292 0.036111
0 6339 0.348438 0.679167 0.051042 0.036111
0 6340 0.383333 0.628241 0.061458 0.045370
0 6341 0.592187 0.575000 0.059375 0.038889
0 6342 0.589063 0.603241 0.056250 0.037963
0 6343 0.561198 0.631481 0.053646 0.038889
0 6344 0.465885 0.647685 0.054688 0.036111
