0 5781 0.351823 0.616204 0.039062 0.030556
0 5782 0.462240 0.471759 0.044271 0.037963
0 5783 0.308333 0.639352 0.036458 0.030556
0 5784 0.246875 0.623148 0.041667 0.031481
0 5785 0.399479 0.564815 0.041667 0.033333
0 5786 0.319531 0.597685 0.040104 0.030556
0 5787 0.370573 0.632870 0.038021 0.030556
0 5788 0.288281 0.570370 0.044271 0.035185
0 5789 0.463281 0.522222 0.043229 0.033333
0 5790 0.497656 0.551852 0.039062 0.033333
0 5791 0.499219 0.581481 0.038021 0.031481
0 5792 0.440625 0.601389 0.038542 0.030556
