0 5949 0.345573 0.629630 0.041146 0.031481
0 5950 0.498177 0.487500 0.047396 0.039815
0 5951 0.282292 0.656019 0.040625 0.032407
0 5952 0.242448 0.637963 0.043229 0.035185
0 5953 0.413021 0.579630 0.044792 0.035185
0 5954 0.323177 0.612963 0.043229 0.031481
0 5955 0.351302 0.646296 0.040104 0.031481
0 5956 0.303385 0.582407 0.046354 0.037037
0 5957 0.484115 0.537500 0.046354 0.036111
0 5958 0.507552 0.568981 0.043229 0.034259
0 5959 0.499219 0.595370 0.041146 0.033333
0 5960 0.432812 0.612500 0.041667 0.030556
