0 6129 0.339844 0.644444 0.043229 0.035185
0 6130 0.548438 0.497222 0.054167 0.042593
0 6131 0.247135 0.673148 0.045312 0.035185
0 6132 0.232292 0.662037 0.051042 0.037037
0 6133 0.432552 0.598148 0.052604 0.038889
0 6134 0.328906 0.636574 0.051562 0.034259
0 6135 0.329948 0.662037 0.047396 0.033333
0 6136 0.318490 0.600463 0.055729 0.041667
0 6137 0.519010 0.554630 0.052604 0.037037
0 6138 0.531250 0.586574 0.050000 0.036111
0 6139 0.512760 0.614815 0.047396 0.035185
0 6140 0.431510 0.630093 0.048438 0.032407
