0 5889 0.351823 0.621296 0.040104 0.031481
0 5890 0.487500 0.482407 0.045833 0.038889
0 5891 0.295573 0.647685 0.039062 0.032407
0 5892 0.248698 0.630093 0.042188 0.034259
0 5893 0.411719 0.571759 0.043229 0.034259
0 5894 0.326302 0.605093 0.041146 0.030556
0 5895 0.362240 0.638426 0.039062 0.030556
0 5896 0.301302 0.576389 0.044271 0.036111
0 5897 0.478906 0.530556 0.045312 0.035185
0 5898 0.507031 0.562037 0.041146 0.033333
0 5899 0.501823 0.587963 0.039062 0.033333
0 5900 0.439323 0.606019 0.040104 0.030556
