0 5481 0.368750 0.616204 0.036458 0.028704
0 5482 0.399740 0.475000 0.042188 0.037037
0 5483 0.361719 0.635185 0.033854 0.025926
0 5484 0.266406 0.630093 0.038021 0.028704
0 5485 0.381250 0.568519 0.039583 0.031481
0 5486 0.319271 0.600926 0.036458 0.027778
0 5487 0.408594 0.626389 0.035937 0.026852
0 5488 0.273177 0.581481 0.040104 0.031481
0 5489 0.426823 0.524537 0.038021 0.032407
0 5490 0.480729 0.547685 0.036458 0.032407
0 5491 0.497656 0.575463 0.035937 0.028704
0 5492 0.456250 0.598611 0.035417 0.026852
