0 5217 0.442448 0.593056 0.030729 0.025000
0 5218 0.414323 0.473148 0.034896 0.029630
0 5219 0.462500 0.602778 0.028125 0.022222
0 5220 0.356510 0.614815 0.031771 0.024074
0 5221 0.429427 0.552778 0.031771 0.029630
0 5222 0.389062 0.585648 0.031250 0.026852
0 5223 0.491667 0.595370 0.030208 0.024074
0 5224 0.340885 0.573148 0.032813 0.024074
0 5225 0.455469 0.511111 0.032813 0.029630
0 5226 0.516146 0.525926 0.033333 0.027778
0 5227 0.544792 0.546759 0.031250 0.026852
0 5228 0.519271 0.568519 0.031250 0.024074
