0 6369 0.372917 0.665741 0.055208 0.040741
0 6370 0.645833 0.524074 0.061458 0.042593
0 6371 0.245833 0.689352 0.056250 0.039815
0 6372 0.272396 0.684259 0.059375 0.038889
0 6373 0.498698 0.623611 0.059896 0.039815
0 6374 0.379427 0.662963 0.058854 0.037037
0 6375 0.345313 0.681481 0.052083 0.037037
0 6376 0.388542 0.632870 0.062500 0.045370
0 6377 0.599479 0.576852 0.060417 0.038889
0 6378 0.594792 0.604630 0.057292 0.038889
0 6379 0.562240 0.633333 0.054688 0.040741
0 6380 0.467708 0.650000 0.056250 0.037037
