0 5229 0.439323 0.593981 0.030729 0.025000
0 5230 0.413802 0.473148 0.034896 0.029630
0 5231 0.458854 0.604630 0.028125 0.022222
0 5232 0.353125 0.615741 0.032292 0.024074
0 5233 0.427604 0.553704 0.032292 0.029630
0 5234 0.386198 0.586574 0.031771 0.026852
0 5235 0.488542 0.597222 0.030208 0.024074
0 5236 0.338542 0.573148 0.033333 0.024074
0 5237 0.454688 0.512037 0.033333 0.029630
0 5238 0.515104 0.526852 0.033333 0.027778
0 5239 0.543490 0.548611 0.031771 0.026852
0 5240 0.516927 0.570370 0.031771 0.024074
