0 5625 0.339844 0.616204 0.038021 0.030556
0 5626 0.410677 0.468519 0.043229 0.037037
0 5627 0.316927 0.636574 0.035937 0.028704
0 5628 0.234375 0.622685 0.040625 0.030556
0 5629 0.370052 0.566204 0.041146 0.032407
0 5630 0.296615 0.596759 0.039062 0.028704
0 5631 0.369792 0.630093 0.037500 0.028704
0 5632 0.256771 0.573611 0.042708 0.034259
0 5633 0.424740 0.520833 0.040104 0.032407
0 5634 0.470573 0.548611 0.036979 0.034259
0 5635 0.481250 0.579167 0.037500 0.030556
0 5636 0.429688 0.599074 0.036458 0.027778
