0 5709 0.345833 0.616204 0.038542 0.030556
0 5710 0.437240 0.469907 0.044271 0.037963
0 5711 0.309896 0.637500 0.036458 0.028704
0 5712 0.238542 0.622685 0.040625 0.030556
0 5713 0.384115 0.563426 0.041146 0.032407
0 5714 0.306250 0.595833 0.039583 0.028704
0 5715 0.367969 0.631944 0.038021 0.030556
0 5716 0.271354 0.572685 0.043750 0.034259
0 5717 0.443750 0.521296 0.041667 0.033333
0 5718 0.484115 0.548611 0.038021 0.034259
0 5719 0.488802 0.579630 0.038021 0.031481
0 5720 0.434375 0.600926 0.037500 0.029630
