0 6057 0.331771 0.638426 0.043750 0.034259
0 6058 0.519010 0.488889 0.051562 0.042593
0 6059 0.251302 0.667593 0.043229 0.035185
0 6060 0.226042 0.651852 0.047917 0.037037
0 6061 0.415104 0.588889 0.050000 0.037037
0 6062 0.316927 0.625463 0.048438 0.034259
0 6063 0.328646 0.654167 0.044792 0.034259
0 6064 0.302604 0.592130 0.051042 0.039815
0 6065 0.496354 0.547222 0.051042 0.037037
0 6066 0.514323 0.579630 0.047396 0.035185
0 6067 0.499479 0.606481 0.044792 0.033333
0 6068 0.422656 0.623611 0.045312 0.032407
