0 6249 0.362500 0.657407 0.048958 0.035185
0 6250 0.601823 0.512037 0.057813 0.042593
0 6251 0.251563 0.685648 0.051042 0.037963
0 6252 0.256250 0.675926 0.055208 0.038889
0 6253 0.470052 0.612963 0.055729 0.038889
0 6254 0.358854 0.652778 0.054167 0.035185
0 6255 0.342448 0.672685 0.049479 0.034259
0 6256 0.358854 0.618056 0.059375 0.045370
0 6257 0.563542 0.568519 0.056250 0.037037
0 6258 0.567187 0.599074 0.054167 0.037037
0 6259 0.541406 0.625926 0.051562 0.035185
0 6260 0.454688 0.643981 0.051042 0.036111
