0 5865 0.352083 0.618981 0.039583 0.030556
0 5866 0.482552 0.478704 0.045312 0.038889
0 5867 0.299219 0.645833 0.038021 0.032407
0 5868 0.249740 0.626852 0.042188 0.033333
0 5869 0.410156 0.568981 0.042188 0.034259
0 5870 0.326042 0.602315 0.040625 0.030556
0 5871 0.365625 0.636574 0.038542 0.030556
0 5872 0.299740 0.574537 0.044271 0.036111
0 5873 0.476562 0.528704 0.044792 0.035185
0 5874 0.506510 0.558796 0.040104 0.032407
0 5875 0.502083 0.585648 0.038542 0.032407
0 5876 0.439583 0.604167 0.039583 0.030556
