0 5541 0.354687 0.616667 0.037500 0.029630
0 5542 0.401823 0.472222 0.042188 0.037037
0 5543 0.339323 0.636574 0.034896 0.026852
0 5544 0.248177 0.627778 0.039062 0.029630
0 5545 0.373177 0.567593 0.040104 0.031481
0 5546 0.305990 0.600463 0.038021 0.028704
0 5547 0.389062 0.629167 0.036458 0.026852
0 5548 0.262240 0.580093 0.042188 0.032407
0 5549 0.422396 0.524537 0.038542 0.032407
0 5550 0.473177 0.549537 0.036979 0.034259
0 5551 0.487760 0.578241 0.036979 0.028704
0 5552 0.441927 0.599537 0.035937 0.026852
