0 6357 0.371354 0.664352 0.054167 0.039815
0 6358 0.642969 0.523148 0.060937 0.042593
0 6359 0.247135 0.688426 0.055729 0.039815
0 6360 0.271615 0.683333 0.058854 0.038889
0 6361 0.496875 0.622685 0.059375 0.039815
0 6362 0.379167 0.662037 0.058333 0.037037
0 6363 0.346094 0.680556 0.051562 0.037037
0 6364 0.387500 0.630093 0.062500 0.045370
0 6365 0.597135 0.575926 0.059896 0.038889
0 6366 0.593490 0.604167 0.056771 0.037963
0 6367 0.561458 0.631944 0.054167 0.039815
0 6368 0.468229 0.650000 0.056250 0.037037
