0 5241 0.436979 0.594907 0.031250 0.025000
0 5242 0.413542 0.473611 0.035417 0.030556
0 5243 0.454688 0.605556 0.028125 0.022222
0 5244 0.349479 0.616667 0.032292 0.024074
0 5245 0.425260 0.554630 0.032813 0.029630
0 5246 0.383594 0.587500 0.031771 0.026852
0 5247 0.485677 0.599074 0.030729 0.024074
0 5248 0.335417 0.574074 0.033333 0.024074
0 5249 0.453646 0.512500 0.033333 0.030556
0 5250 0.514062 0.527778 0.033333 0.027778
0 5251 0.541927 0.550000 0.031771 0.027778
0 5252 0.514844 0.572222 0.031771 0.024074
