0 5205 0.444792 0.591204 0.030208 0.025000
0 5206 0.414583 0.473148 0.034375 0.029630
0 5207 0.466406 0.600463 0.027604 0.021296
0 5208 0.360156 0.613889 0.031771 0.024074
0 5209 0.431771 0.551852 0.031250 0.029630
0 5210 0.391667 0.584722 0.031250 0.026852
0 5211 0.494531 0.593519 0.029687 0.024074
0 5212 0.344010 0.572222 0.032813 0.024074
0 5213 0.456510 0.510185 0.032813 0.029630
0 5214 0.517188 0.524537 0.033333 0.026852
0 5215 0.546354 0.545833 0.031250 0.026852
0 5216 0.521354 0.567593 0.031250 0.024074
