0 6321 0.369010 0.661574 0.052604 0.037963
0 6322 0.631510 0.519444 0.059896 0.042593
0 6323 0.251563 0.687500 0.054167 0.039815
0 6324 0.270313 0.680556 0.057292 0.038889
0 6325 0.491927 0.619444 0.057813 0.038889
0 6326 0.374219 0.659722 0.056771 0.036111
0 6327 0.347917 0.678241 0.051042 0.036111
0 6328 0.380208 0.627315 0.061458 0.045370
0 6329 0.588802 0.573611 0.058854 0.037963
0 6330 0.586198 0.602315 0.055729 0.037963
0 6331 0.558333 0.630093 0.053125 0.037963
0 6332 0.465104 0.647685 0.054167 0.036111
