0 6273 0.365365 0.658796 0.050521 0.036111
0 6274 0.613281 0.514815 0.058854 0.042593
0 6275 0.252083 0.686111 0.052083 0.038889
0 6276 0.261719 0.677778 0.055729 0.038889
0 6277 0.477604 0.615741 0.056250 0.038889
0 6278 0.365365 0.656481 0.054688 0.035185
0 6279 0.344792 0.675000 0.050000 0.035185
0 6280 0.366406 0.621759 0.059896 0.045370
0 6281 0.572396 0.570833 0.057292 0.037963
0 6282 0.574219 0.600463 0.054688 0.037963
0 6283 0.547396 0.627778 0.052083 0.035185
0 6284 0.458854 0.644907 0.052083 0.036111
