0 5337 0.412760 0.605093 0.033854 0.025000
0 5338 0.409896 0.474537 0.037500 0.032407
0 5339 0.422656 0.619907 0.030729 0.023148
0 5340 0.319010 0.623611 0.034896 0.025000
0 5341 0.410938 0.561111 0.036458 0.029630
0 5342 0.361198 0.595370 0.033854 0.025926
0 5343 0.459115 0.613426 0.032813 0.025000
0 5344 0.313021 0.577315 0.035417 0.026852
0 5345 0.445833 0.520370 0.035417 0.031481
0 5346 0.503125 0.537500 0.034375 0.030556
0 5347 0.527604 0.562500 0.033333 0.028704
0 5348 0.495573 0.583796 0.033854 0.025000
