0 5757 0.350000 0.616204 0.038542 0.030556
0 5758 0.454427 0.469907 0.044271 0.037963
0 5759 0.309896 0.638889 0.036458 0.029630
0 5760 0.244271 0.623148 0.041667 0.031481
0 5761 0.394792 0.563889 0.041667 0.033333
0 5762 0.314583 0.596296 0.039583 0.029630
0 5763 0.369531 0.632870 0.038021 0.030556
0 5764 0.282552 0.570833 0.044271 0.034259
0 5765 0.457813 0.521296 0.042708 0.033333
0 5766 0.493750 0.550463 0.038542 0.034259
0 5767 0.495573 0.580556 0.038021 0.031481
0 5768 0.438802 0.600926 0.038021 0.029630
