0 5457 0.375000 0.616204 0.036458 0.028704
0 5458 0.400781 0.475926 0.042188 0.037037
0 5459 0.371094 0.634722 0.033854 0.025000
0 5460 0.273958 0.630093 0.037500 0.028704
0 5461 0.385156 0.568519 0.039062 0.031481
0 5462 0.325260 0.600926 0.035937 0.027778
0 5463 0.416146 0.625463 0.035417 0.026852
0 5464 0.279167 0.582407 0.039583 0.031481
0 5465 0.429427 0.524537 0.038021 0.032407
0 5466 0.484115 0.546759 0.035937 0.032407
0 5467 0.502604 0.573611 0.035417 0.028704
0 5468 0.461719 0.597685 0.034896 0.026852
