0 5913 0.350781 0.625000 0.041146 0.031481
0 5914 0.492969 0.486111 0.046354 0.038889
0 5915 0.291146 0.650463 0.039583 0.032407
0 5916 0.248177 0.633333 0.042188 0.035185
0 5917 0.412500 0.574537 0.043750 0.034259
0 5918 0.326562 0.607870 0.041667 0.030556
0 5919 0.358594 0.640278 0.039062 0.030556
0 5920 0.303385 0.578704 0.045312 0.037037
0 5921 0.481250 0.533333 0.045833 0.035185
0 5922 0.508073 0.563889 0.042188 0.033333
0 5923 0.500781 0.590741 0.040104 0.033333
0 5924 0.436979 0.608796 0.040625 0.030556
