0 6297 0.366927 0.660185 0.051562 0.037037
0 6298 0.622917 0.516667 0.059375 0.042593
0 6299 0.252865 0.686574 0.053646 0.039815
0 6300 0.267188 0.679630 0.056250 0.038889
0 6301 0.484635 0.617593 0.056771 0.038889
0 6302 0.369531 0.657407 0.055729 0.035185
0 6303 0.346094 0.676852 0.050521 0.035185
0 6304 0.373437 0.624537 0.060417 0.045370
0 6305 0.580990 0.572685 0.057813 0.037963
0 6306 0.580729 0.601389 0.055208 0.037963
0 6307 0.552865 0.629630 0.052604 0.037037
0 6308 0.463021 0.645833 0.053125 0.036111
