0 5325 0.416927 0.604167 0.033854 0.025000
0 5326 0.411458 0.474537 0.037500 0.032407
0 5327 0.426823 0.618056 0.030729 0.023148
0 5328 0.323437 0.622222 0.034375 0.024074
0 5329 0.414062 0.561111 0.036458 0.029630
0 5330 0.364323 0.594444 0.033854 0.025926
0 5331 0.463021 0.611574 0.032292 0.025000
0 5332 0.316667 0.576389 0.035417 0.026852
0 5333 0.447396 0.518519 0.035417 0.031481
0 5334 0.505208 0.536574 0.034375 0.030556
0 5335 0.530208 0.560648 0.033333 0.028704
0 5336 0.499219 0.581944 0.033854 0.025000
