0 5829 0.352083 0.618056 0.039583 0.030556
0 5830 0.476042 0.473611 0.044792 0.037963
0 5831 0.305729 0.641667 0.037500 0.031481
0 5832 0.249740 0.623611 0.042188 0.032407
0 5833 0.406250 0.565741 0.041667 0.033333
0 5834 0.323958 0.599537 0.040625 0.030556
0 5835 0.368750 0.634722 0.038542 0.030556
0 5836 0.295573 0.571759 0.044271 0.036111
0 5837 0.472396 0.524537 0.043750 0.034259
0 5838 0.504167 0.555556 0.039583 0.033333
0 5839 0.501042 0.583796 0.038542 0.032407
0 5840 0.440885 0.602315 0.039062 0.030556
