0 5901 0.351042 0.623148 0.040625 0.031481
0 5902 0.490104 0.484259 0.045833 0.038889
0 5903 0.293490 0.649537 0.039062 0.032407
0 5904 0.248698 0.631019 0.042188 0.034259
0 5905 0.412240 0.572685 0.043229 0.034259
0 5906 0.326302 0.606019 0.041146 0.030556
0 5907 0.360677 0.639352 0.039062 0.030556
0 5908 0.302083 0.577315 0.044792 0.036111
0 5909 0.479948 0.532407 0.045312 0.035185
0 5910 0.507812 0.562963 0.041667 0.033333
0 5911 0.501563 0.589815 0.039583 0.033333
0 5912 0.437760 0.606944 0.040104 0.030556
