0 5505 0.363281 0.616204 0.036979 0.028704
0 5506 0.400260 0.474074 0.042188 0.037037
0 5507 0.352604 0.636111 0.034375 0.025926
0 5508 0.258854 0.630556 0.038542 0.029630
0 5509 0.378125 0.568519 0.039583 0.031481
0 5510 0.313281 0.600926 0.036979 0.027778
0 5511 0.400781 0.627315 0.035937 0.026852
0 5512 0.268490 0.581944 0.041146 0.032407
0 5513 0.424479 0.524537 0.038542 0.032407
0 5514 0.476562 0.548148 0.036458 0.033333
0 5515 0.492708 0.577315 0.036458 0.028704
0 5516 0.450521 0.598611 0.035417 0.026852
