0 5409 0.389323 0.611111 0.034896 0.025926
0 5410 0.404167 0.475926 0.040625 0.035185
0 5411 0.391406 0.629630 0.032813 0.024074
0 5412 0.292448 0.630556 0.036979 0.027778
0 5413 0.395052 0.565278 0.038021 0.030556
0 5414 0.339323 0.599537 0.034896 0.026852
0 5415 0.433333 0.622222 0.034375 0.025926
0 5416 0.291667 0.581019 0.037500 0.030556
0 5417 0.435156 0.523148 0.036979 0.031481
0 5418 0.491667 0.544444 0.035417 0.031481
0 5419 0.512500 0.569907 0.034375 0.028704
0 5420 0.475000 0.592593 0.034375 0.025926
