0 6213 0.356250 0.655093 0.045833 0.034259
0 6214 0.586198 0.507407 0.056771 0.042593
0 6215 0.250521 0.682407 0.048958 0.037037
0 6216 0.249740 0.673611 0.053646 0.037963
0 6217 0.459115 0.608333 0.054688 0.038889
0 6218 0.349740 0.648148 0.053646 0.035185
0 6219 0.338021 0.669907 0.048958 0.034259
0 6220 0.346875 0.612963 0.058333 0.044444
0 6221 0.549479 0.563889 0.055208 0.037037
0 6222 0.556250 0.596296 0.053125 0.037037
0 6223 0.532813 0.622222 0.050000 0.035185
0 6224 0.447396 0.639352 0.050000 0.034259
