0 5193 0.447656 0.590278 0.029687 0.025000
0 5194 0.415104 0.473148 0.034375 0.029630
0 5195 0.470052 0.598611 0.027604 0.021296
0 5196 0.363542 0.612963 0.031250 0.024074
0 5197 0.434375 0.550926 0.031250 0.029630
0 5198 0.394531 0.583796 0.030729 0.026852
0 5199 0.497656 0.591667 0.029687 0.024074
0 5200 0.346615 0.572222 0.032813 0.024074
0 5201 0.457292 0.509259 0.032292 0.029630
0 5202 0.518229 0.523611 0.033333 0.026852
0 5203 0.547917 0.544907 0.031250 0.026852
0 5204 0.523698 0.565741 0.030729 0.024074
