0 5745 0.348958 0.616204 0.038542 0.030556
0 5746 0.450260 0.469907 0.044271 0.037963
0 5747 0.310417 0.638426 0.036458 0.028704
0 5748 0.242448 0.623148 0.041146 0.031481
0 5749 0.392188 0.563889 0.041667 0.033333
0 5750 0.312500 0.596296 0.039583 0.029630
0 5751 0.369010 0.631944 0.038021 0.030556
0 5752 0.279948 0.571759 0.044271 0.034259
0 5753 0.454427 0.521296 0.042188 0.033333
0 5754 0.491667 0.550463 0.038542 0.034259
0 5755 0.494010 0.580556 0.038021 0.031481
0 5756 0.437760 0.600926 0.038021 0.029630
