0 5313 0.421094 0.603241 0.033854 0.025000
0 5314 0.411198 0.474074 0.036979 0.031481
0 5315 0.430729 0.616204 0.030208 0.023148
0 5316 0.327865 0.621296 0.033854 0.024074
0 5317 0.415365 0.560185 0.035937 0.029630
0 5318 0.367969 0.594444 0.033854 0.025926
0 5319 0.466667 0.609722 0.032292 0.025000
0 5320 0.320052 0.575926 0.034896 0.025926
0 5321 0.448177 0.517593 0.034896 0.031481
0 5322 0.507292 0.535185 0.034375 0.029630
0 5323 0.532552 0.558796 0.032813 0.028704
0 5324 0.501823 0.581944 0.033854 0.025000
