0 5973 0.341667 0.632407 0.040625 0.031481
0 5974 0.501823 0.488889 0.048438 0.040741
0 5975 0.273698 0.658796 0.041146 0.034259
0 5976 0.237760 0.641204 0.044271 0.036111
0 5977 0.411458 0.583796 0.045833 0.036111
0 5978 0.320052 0.616667 0.044271 0.031481
0 5979 0.344531 0.649537 0.041146 0.032407
0 5980 0.301042 0.584259 0.046875 0.037037
0 5981 0.485156 0.540278 0.047396 0.036111
0 5982 0.507031 0.572222 0.044271 0.035185
0 5983 0.497396 0.599074 0.041667 0.033333
0 5984 0.428906 0.615741 0.042188 0.031481
