0 5769 0.351823 0.616204 0.039062 0.030556
0 5770 0.458073 0.470833 0.044271 0.037963
0 5771 0.308854 0.638889 0.036458 0.029630
0 5772 0.245312 0.623148 0.041667 0.031481
0 5773 0.396875 0.563889 0.041667 0.033333
0 5774 0.316667 0.596296 0.039583 0.029630
0 5775 0.370052 0.632870 0.038021 0.030556
0 5776 0.285677 0.571296 0.044271 0.035185
0 5777 0.460417 0.521296 0.042708 0.033333
0 5778 0.495312 0.551389 0.038542 0.034259
0 5779 0.497135 0.580556 0.038021 0.031481
0 5780 0.440625 0.602315 0.038542 0.030556
