0 5877 0.352865 0.620370 0.040104 0.031481
0 5878 0.485417 0.480556 0.045833 0.038889
0 5879 0.297396 0.646759 0.038542 0.032407
0 5880 0.249219 0.628241 0.042188 0.034259
0 5881 0.410938 0.569907 0.042708 0.034259
0 5882 0.326302 0.603241 0.041146 0.030556
0 5883 0.363802 0.637500 0.039062 0.030556
0 5884 0.300781 0.575463 0.044271 0.036111
0 5885 0.477604 0.529630 0.044792 0.035185
0 5886 0.506771 0.559722 0.040625 0.032407
0 5887 0.502865 0.587037 0.039062 0.033333
0 5888 0.439063 0.605093 0.039583 0.030556
