0 5685 0.342969 0.616204 0.038021 0.030556
0 5686 0.427865 0.470833 0.044271 0.037963
0 5687 0.309896 0.636574 0.036458 0.028704
0 5688 0.235937 0.622685 0.040625 0.030556
0 5689 0.378385 0.563426 0.041146 0.032407
0 5690 0.302083 0.595833 0.039583 0.028704
0 5691 0.366927 0.631019 0.038021 0.030556
0 5692 0.265885 0.572685 0.043229 0.034259
0 5693 0.436719 0.521296 0.041146 0.033333
0 5694 0.478646 0.548611 0.037500 0.034259
0 5695 0.485677 0.579630 0.038021 0.031481
0 5696 0.432292 0.600463 0.037500 0.028704
