0 6141 0.341927 0.645833 0.043229 0.034259
0 6142 0.553385 0.499074 0.054688 0.042593
0 6143 0.247135 0.675000 0.045312 0.035185
0 6144 0.233594 0.662963 0.051562 0.037037
0 6145 0.436198 0.600000 0.052604 0.038889
0 6146 0.331771 0.638426 0.052083 0.034259
0 6147 0.330729 0.662963 0.047917 0.033333
0 6148 0.322656 0.602778 0.055729 0.042593
0 6149 0.522917 0.556481 0.053125 0.037037
0 6150 0.535156 0.587500 0.050521 0.036111
0 6151 0.515365 0.615741 0.047396 0.035185
0 6152 0.433594 0.631019 0.048438 0.032407
