0 5265 0.431771 0.597685 0.032292 0.025000
0 5266 0.412760 0.473611 0.035937 0.030556
0 5267 0.447135 0.609722 0.028646 0.023148
0 5268 0.342448 0.618519 0.032813 0.024074
0 5269 0.421615 0.556481 0.033854 0.029630
0 5270 0.377604 0.589815 0.032292 0.025926
0 5271 0.479687 0.602778 0.031250 0.024074
0 5272 0.329948 0.575000 0.033854 0.024074
0 5273 0.451823 0.514352 0.033854 0.030556
0 5274 0.512240 0.530093 0.033854 0.028704
0 5275 0.539062 0.552778 0.032292 0.027778
0 5276 0.510417 0.575000 0.032292 0.024074
