0 5589 0.344531 0.616204 0.038021 0.030556
0 5590 0.405469 0.469444 0.042188 0.037037
0 5591 0.325521 0.637037 0.035417 0.027778
0 5592 0.239323 0.624074 0.040104 0.029630
0 5593 0.370052 0.567130 0.041146 0.032407
0 5594 0.298958 0.597685 0.038542 0.028704
0 5595 0.376823 0.629630 0.036979 0.027778
0 5596 0.257812 0.575926 0.042708 0.033333
0 5597 0.422656 0.522685 0.039062 0.032407
0 5598 0.471094 0.548611 0.036979 0.034259
0 5599 0.482812 0.578704 0.037500 0.029630
0 5600 0.433854 0.599074 0.036458 0.027778
