0 6345 0.370573 0.662963 0.053646 0.038889
0 6346 0.640365 0.521296 0.060937 0.042593
0 6347 0.248958 0.688426 0.055208 0.039815
0 6348 0.271354 0.682407 0.058333 0.038889
0 6349 0.495052 0.621759 0.058854 0.039815
0 6350 0.378906 0.661111 0.057813 0.037037
0 6351 0.347656 0.679630 0.051562 0.037037
0 6352 0.386198 0.628241 0.061979 0.045370
0 6353 0.595313 0.575000 0.059375 0.038889
0 6354 0.592187 0.604167 0.056250 0.037963
0 6355 0.561198 0.631481 0.053646 0.038889
0 6356 0.466667 0.648611 0.055208 0.036111
