0 5925 0.350000 0.625926 0.041667 0.031481
0 5926 0.494531 0.486111 0.046354 0.038889
0 5927 0.288542 0.651389 0.039583 0.032407
0 5928 0.247135 0.634259 0.042188 0.035185
0 5929 0.413281 0.575926 0.044271 0.035185
0 5930 0.326302 0.608796 0.042188 0.030556
0 5931 0.357031 0.641204 0.039062 0.030556
0 5932 0.303906 0.580556 0.045312 0.037037
0 5933 0.482292 0.534259 0.045833 0.035185
0 5934 0.508073 0.566204 0.042188 0.034259
0 5935 0.500260 0.592593 0.040104 0.033333
0 5936 0.435677 0.609722 0.041146 0.030556
