0 5601 0.342969 0.616204 0.038021 0.030556
0 5602 0.406771 0.469444 0.042708 0.037037
0 5603 0.323177 0.637037 0.035937 0.027778
0 5604 0.237240 0.623148 0.040104 0.029630
0 5605 0.370052 0.567130 0.041146 0.032407
0 5606 0.297917 0.597685 0.038542 0.028704
0 5607 0.374219 0.630093 0.036979 0.028704
0 5608 0.257292 0.575463 0.042708 0.034259
0 5609 0.423438 0.521759 0.039583 0.032407
0 5610 0.471094 0.548611 0.036979 0.034259
0 5611 0.482292 0.578704 0.037500 0.029630
0 5612 0.432292 0.599074 0.036458 0.027778
