0 5289 0.426302 0.600463 0.032813 0.025000
0 5290 0.411979 0.474074 0.036458 0.031481
0 5291 0.439063 0.612500 0.029167 0.023148
0 5292 0.335417 0.620370 0.033333 0.024074
0 5293 0.418490 0.558333 0.034896 0.029630
0 5294 0.372656 0.591667 0.032813 0.025926
0 5295 0.473698 0.606481 0.031771 0.024074
0 5296 0.325000 0.575463 0.034375 0.025000
0 5297 0.450000 0.516204 0.034375 0.030556
0 5298 0.510156 0.533333 0.033854 0.029630
0 5299 0.536198 0.556019 0.032813 0.028704
0 5300 0.505990 0.577778 0.032813 0.024074
