0 5853 0.352083 0.618981 0.039583 0.030556
0 5854 0.480469 0.476852 0.045312 0.038889
0 5855 0.301302 0.643981 0.038021 0.032407
0 5856 0.249740 0.625926 0.042188 0.033333
0 5857 0.410156 0.567130 0.042188 0.034259
0 5858 0.326042 0.601389 0.040625 0.030556
0 5859 0.367188 0.635648 0.038542 0.030556
0 5860 0.298177 0.573611 0.044271 0.036111
0 5861 0.475260 0.526389 0.044271 0.034259
0 5862 0.505469 0.556944 0.040104 0.032407
0 5863 0.501563 0.584722 0.038542 0.032407
0 5864 0.440104 0.603241 0.039583 0.030556
