0 6189 0.351562 0.653241 0.044792 0.034259
0 6190 0.575000 0.504630 0.056250 0.042593
0 6191 0.249740 0.680093 0.047396 0.036111
0 6192 0.244792 0.671296 0.053125 0.037037
0 6193 0.452083 0.606019 0.054167 0.039815
0 6194 0.343229 0.645370 0.053125 0.035185
0 6195 0.335156 0.667593 0.048438 0.033333
0 6196 0.338542 0.609722 0.057292 0.043519
0 6197 0.540885 0.562037 0.054688 0.037037
0 6198 0.548958 0.593519 0.052083 0.037037
0 6199 0.526823 0.620370 0.049479 0.035185
0 6200 0.442969 0.636574 0.049479 0.034259
