0 6093 0.334896 0.641204 0.043750 0.036111
0 6094 0.533594 0.493519 0.052604 0.042593
0 6095 0.246615 0.670370 0.044271 0.035185
0 6096 0.227865 0.656481 0.049479 0.037037
0 6097 0.423177 0.593056 0.051562 0.037963
0 6098 0.320833 0.631019 0.050000 0.034259
0 6099 0.328125 0.658796 0.045833 0.034259
0 6100 0.310417 0.596296 0.053125 0.040741
0 6101 0.506771 0.550926 0.052083 0.037037
0 6102 0.521615 0.582407 0.048438 0.035185
0 6103 0.505729 0.610648 0.045833 0.034259
0 6104 0.426042 0.626389 0.046875 0.032407
