0 5841 0.352083 0.618056 0.039583 0.030556
0 5842 0.479427 0.474537 0.045312 0.037963
0 5843 0.303646 0.643056 0.037500 0.032407
0 5844 0.250260 0.624074 0.042188 0.033333
0 5845 0.407813 0.566667 0.041667 0.033333
0 5846 0.325000 0.600463 0.040625 0.030556
0 5847 0.367708 0.634722 0.038542 0.030556
0 5848 0.297135 0.572685 0.044271 0.036111
0 5849 0.473698 0.525463 0.044271 0.034259
0 5850 0.504948 0.556481 0.040104 0.033333
0 5851 0.501042 0.584722 0.038542 0.032407
0 5852 0.440365 0.603241 0.039062 0.030556
