0 5577 0.346094 0.617130 0.038021 0.030556
0 5578 0.404427 0.470370 0.042188 0.037037
0 5579 0.328646 0.637037 0.035417 0.027778
0 5580 0.241667 0.625000 0.039583 0.029630
0 5581 0.370573 0.568056 0.041146 0.032407
0 5582 0.300521 0.598611 0.038542 0.028704
0 5583 0.379948 0.629630 0.036979 0.027778
0 5584 0.258594 0.576852 0.042188 0.033333
0 5585 0.422135 0.523611 0.039062 0.032407
0 5586 0.471615 0.548611 0.036979 0.034259
0 5587 0.483594 0.578704 0.036979 0.029630
0 5588 0.435417 0.599074 0.036458 0.027778
