0 5385 0.397656 0.609259 0.034896 0.025926
0 5386 0.406250 0.475463 0.039583 0.034259
0 5387 0.402344 0.627315 0.032813 0.023148
0 5388 0.301302 0.628241 0.035937 0.026852
0 5389 0.400521 0.564352 0.037500 0.030556
0 5390 0.347135 0.597685 0.034896 0.026852
0 5391 0.442448 0.620370 0.033854 0.025926
0 5392 0.299219 0.579630 0.036979 0.029630
0 5393 0.438542 0.522222 0.036458 0.031481
0 5394 0.495573 0.542593 0.034896 0.031481
0 5395 0.517448 0.568056 0.033854 0.028704
0 5396 0.481771 0.589815 0.034375 0.025926
