0 5697 0.344010 0.616204 0.038021 0.030556
0 5698 0.432552 0.469907 0.044271 0.037963
0 5699 0.309896 0.637500 0.036458 0.028704
0 5700 0.236979 0.622685 0.040625 0.030556
0 5701 0.380469 0.563426 0.041146 0.032407
0 5702 0.304167 0.595833 0.039583 0.028704
0 5703 0.367448 0.631944 0.038021 0.030556
0 5704 0.268750 0.572685 0.043750 0.034259
0 5705 0.440365 0.521296 0.041146 0.033333
0 5706 0.481510 0.548611 0.038021 0.034259
0 5707 0.487240 0.579630 0.038021 0.031481
0 5708 0.433333 0.600463 0.037500 0.028704
