0 5433 0.381771 0.613426 0.035417 0.026852
0 5434 0.402083 0.476389 0.041667 0.036111
0 5435 0.381250 0.631944 0.033333 0.025000
0 5436 0.283073 0.629630 0.036979 0.027778
0 5437 0.389583 0.567130 0.038542 0.030556
0 5438 0.331771 0.600463 0.035417 0.026852
0 5439 0.423698 0.624537 0.034896 0.026852
0 5440 0.285417 0.581944 0.038542 0.030556
0 5441 0.431510 0.524537 0.038021 0.032407
0 5442 0.487760 0.546296 0.035937 0.031481
0 5443 0.507552 0.571759 0.034896 0.028704
0 5444 0.467708 0.595370 0.034375 0.025926
