0 6069 0.332813 0.639352 0.043750 0.034259
0 6070 0.523958 0.490741 0.052083 0.042593
0 6071 0.249479 0.668519 0.043750 0.035185
0 6072 0.225781 0.653704 0.048438 0.037037
0 6073 0.417187 0.590278 0.051042 0.037963
0 6074 0.318229 0.627315 0.048958 0.034259
0 6075 0.327865 0.656019 0.045312 0.034259
0 6076 0.305208 0.593981 0.052083 0.039815
0 6077 0.498698 0.547222 0.051562 0.037037
0 6078 0.517188 0.580556 0.047917 0.035185
0 6079 0.501302 0.607407 0.045312 0.033333
0 6080 0.423958 0.624537 0.045833 0.032407
