0 5529 0.357031 0.616667 0.036979 0.029630
0 5530 0.401302 0.472222 0.042188 0.037037
0 5531 0.343490 0.636574 0.034896 0.026852
0 5532 0.251563 0.628704 0.038542 0.029630
0 5533 0.375260 0.567593 0.040104 0.031481
0 5534 0.308073 0.601389 0.038021 0.028704
0 5535 0.392708 0.628241 0.036458 0.026852
0 5536 0.263802 0.581019 0.042188 0.032407
0 5537 0.422917 0.524537 0.038542 0.032407
0 5538 0.474219 0.548611 0.036979 0.034259
0 5539 0.489323 0.578241 0.036979 0.028704
0 5540 0.445052 0.599537 0.035937 0.026852
