0 5673 0.341927 0.616204 0.038021 0.030556
0 5674 0.422917 0.467593 0.043750 0.037037
0 5675 0.310417 0.636574 0.036458 0.028704
0 5676 0.234375 0.622685 0.040625 0.030556
0 5677 0.376302 0.564352 0.041146 0.032407
0 5678 0.300000 0.595833 0.039583 0.028704
0 5679 0.367448 0.630556 0.038021 0.029630
0 5680 0.262760 0.573611 0.043229 0.034259
0 5681 0.434375 0.520833 0.040625 0.032407
0 5682 0.476562 0.548611 0.037500 0.034259
0 5683 0.484115 0.579630 0.038021 0.031481
0 5684 0.430990 0.600463 0.036979 0.028704
