0 6177 0.349219 0.651389 0.044271 0.034259
0 6178 0.569531 0.503704 0.055729 0.042593
0 6179 0.249479 0.679630 0.046875 0.035185
0 6180 0.241927 0.669444 0.052604 0.037037
0 6181 0.447656 0.603704 0.053646 0.038889
0 6182 0.340104 0.643519 0.053125 0.035185
0 6183 0.333594 0.666667 0.048438 0.033333
0 6184 0.334635 0.607870 0.056771 0.043519
0 6185 0.535937 0.560185 0.054167 0.037037
0 6186 0.545573 0.592130 0.051562 0.036111
0 6187 0.523958 0.619444 0.048958 0.035185
0 6188 0.440365 0.635185 0.049479 0.033333
