0 6201 0.354427 0.655093 0.045312 0.034259
0 6202 0.580729 0.506481 0.056250 0.042593
0 6203 0.250000 0.681019 0.047917 0.036111
0 6204 0.247917 0.673611 0.053125 0.037963
0 6205 0.455208 0.607407 0.054167 0.038889
0 6206 0.346615 0.647222 0.053646 0.035185
0 6207 0.336458 0.668519 0.048958 0.033333
0 6208 0.342448 0.610648 0.057813 0.043519
0 6209 0.545052 0.562963 0.054688 0.037037
0 6210 0.552865 0.595370 0.052604 0.037037
0 6211 0.529948 0.621296 0.049479 0.035185
0 6212 0.445312 0.637500 0.050000 0.034259
