0 6105 0.336198 0.641667 0.043229 0.035185
0 6106 0.538542 0.494444 0.053125 0.042593
0 6107 0.246615 0.671296 0.044271 0.035185
0 6108 0.229167 0.658333 0.050000 0.037037
0 6109 0.425781 0.594907 0.051562 0.037963
0 6110 0.323698 0.632870 0.050521 0.034259
0 6111 0.328385 0.659259 0.046354 0.033333
0 6112 0.313021 0.597222 0.054167 0.040741
0 6113 0.510938 0.551852 0.052083 0.037037
0 6114 0.524479 0.583333 0.048958 0.035185
0 6115 0.508073 0.611574 0.046354 0.034259
0 6116 0.427865 0.627315 0.047396 0.032407
