0 5517 0.360156 0.616667 0.036979 0.029630
0 5518 0.400781 0.473148 0.042188 0.037037
0 5519 0.347917 0.636574 0.034375 0.026852
0 5520 0.255208 0.629630 0.038542 0.029630
0 5521 0.376823 0.568519 0.040104 0.031481
0 5522 0.310417 0.600926 0.037500 0.027778
0 5523 0.396875 0.628241 0.036458 0.026852
0 5524 0.266146 0.581019 0.041667 0.032407
0 5525 0.423438 0.524537 0.038542 0.032407
0 5526 0.475781 0.548148 0.036979 0.033333
0 5527 0.490885 0.578241 0.036979 0.028704
0 5528 0.447656 0.599537 0.035937 0.026852
