0 5361 0.405208 0.606944 0.034375 0.025000
0 5362 0.407813 0.475000 0.038542 0.033333
0 5363 0.412240 0.623611 0.031771 0.023148
0 5364 0.309896 0.625926 0.035417 0.025926
0 5365 0.405469 0.562963 0.036979 0.029630
0 5366 0.354687 0.596296 0.034375 0.025926
0 5367 0.451042 0.617593 0.033333 0.025926
0 5368 0.306250 0.579167 0.036458 0.028704
0 5369 0.442448 0.521296 0.035937 0.031481
0 5370 0.499740 0.540278 0.034896 0.030556
0 5371 0.522656 0.565278 0.033854 0.028704
0 5372 0.488802 0.586574 0.033854 0.025000
