0 6429 0.376042 0.665741 0.056250 0.040741
0 6430 0.663802 0.527315 0.063021 0.043519
0 6431 0.239063 0.690278 0.058333 0.039815
0 6432 0.274219 0.687963 0.061979 0.040741
0 6433 0.508594 0.628241 0.061979 0.041667
0 6434 0.384635 0.665741 0.061979 0.038889
0 6435 0.341667 0.684259 0.055208 0.038889
0 6436 0.400000 0.639352 0.064583 0.043519
0 6437 0.612500 0.578241 0.062500 0.039815
0 6438 0.603385 0.606019 0.058854 0.039815
0 6439 0.569531 0.636111 0.056771 0.040741
0 6440 0.469792 0.650463 0.057292 0.037963
