0 7317 0.463542 0.635648 0.089583 0.052778
0 7318 0.958854 0.520833 0.081250 0.054630
0 7319 0.179167 0.637963 0.090625 0.051852
0 7320 0.394010 0.697222 0.095312 0.055556
0 7321 0.701302 0.616667 0.091146 0.053704
0 7322 0.531771 0.652778 0.087500 0.051852
0 7323 0.352604 0.632407 0.090625 0.055556
0 7324 0.600781 0.639815 0.097396 0.051852
0 7325 0.855990 0.551389 0.096354 0.054630
0 7326 0.786198 0.561574 0.093229 0.052778
0 7327 0.707552 0.576852 0.089063 0.055556
0 7328 0.555208 0.602778 0.090625 0.053704
