0 7185 0.434896 0.676389 0.084375 0.052778
0 7186 0.925260 0.556944 0.097396 0.058333
0 7187 0.157292 0.680093 0.086458 0.052778
0 7188 0.353646 0.732407 0.091667 0.055556
0 7189 0.664323 0.664352 0.086979 0.054630
0 7190 0.495312 0.698148 0.083333 0.051852
0 7191 0.332813 0.677778 0.084375 0.055556
0 7192 0.558073 0.680556 0.092188 0.051852
0 7193 0.817969 0.596296 0.094271 0.053704
0 7194 0.758073 0.613889 0.092188 0.051852
0 7195 0.682552 0.631481 0.088021 0.055556
0 7196 0.529167 0.655556 0.089583 0.050000
