0 7377 0.455990 0.637963 0.091146 0.053704
0 7378 0.958073 0.516667 0.082812 0.053704
0 7379 0.171094 0.631481 0.092188 0.053704
0 7380 0.392969 0.692593 0.095312 0.055556
0 7381 0.698958 0.612963 0.093750 0.053704
0 7382 0.532031 0.643981 0.089063 0.052778
0 7383 0.343750 0.627778 0.090625 0.055556
0 7384 0.600521 0.635648 0.097917 0.054630
0 7385 0.855990 0.544907 0.097396 0.054630
0 7386 0.783333 0.548611 0.094792 0.052778
0 7387 0.702083 0.568519 0.089583 0.055556
0 7388 0.547396 0.592593 0.091667 0.053704
