0 7221 0.440625 0.663426 0.085417 0.052778
0 7222 0.935417 0.544907 0.097917 0.058333
0 7223 0.161979 0.665741 0.087500 0.053704
0 7224 0.363021 0.721296 0.092708 0.055556
0 7225 0.672135 0.649537 0.088021 0.054630
0 7226 0.503646 0.685185 0.084375 0.051852
0 7227 0.335677 0.662037 0.086979 0.055556
0 7228 0.567708 0.666667 0.093750 0.051852
0 7229 0.826302 0.579630 0.095312 0.053704
0 7230 0.762760 0.597222 0.092188 0.051852
0 7231 0.687240 0.613889 0.088021 0.055556
0 7232 0.534375 0.639352 0.089583 0.050926
