0 7257 0.449219 0.651389 0.086979 0.052778
0 7258 0.948177 0.535185 0.095312 0.057407
0 7259 0.168229 0.655556 0.088542 0.051852
0 7260 0.374479 0.711111 0.093750 0.055556
0 7261 0.684115 0.638426 0.089063 0.054630
0 7262 0.515104 0.672222 0.085417 0.051852
0 7263 0.340885 0.650000 0.089063 0.055556
0 7264 0.580208 0.656481 0.094792 0.051852
0 7265 0.838021 0.568519 0.095833 0.053704
0 7266 0.772135 0.582407 0.092188 0.051852
0 7267 0.694531 0.596296 0.088021 0.055556
0 7268 0.541406 0.624074 0.090104 0.051852
