0 6633 0.393490 0.676389 0.065104 0.041667
0 6634 0.746875 0.537037 0.071875 0.046296
0 6635 0.225000 0.700926 0.064583 0.040741
0 6636 0.303385 0.709722 0.066146 0.045370
0 6637 0.562760 0.639352 0.069271 0.047222
0 6638 0.424479 0.678704 0.065625 0.040741
0 6639 0.348438 0.687963 0.063542 0.042593
0 6640 0.451562 0.662037 0.073958 0.046296
0 6641 0.681250 0.586111 0.069792 0.042593
0 6642 0.656510 0.612963 0.067187 0.044444
0 6643 0.611458 0.643519 0.063542 0.040741
0 6644 0.495573 0.658333 0.064062 0.044444
