0 6981 0.429688 0.701852 0.083333 0.051852
0 6982 0.886719 0.574074 0.090104 0.055556
0 6983 0.187760 0.715278 0.079687 0.050926
0 6984 0.345833 0.750000 0.085417 0.053704
0 6985 0.648698 0.686574 0.086979 0.054630
0 6986 0.484896 0.721296 0.081250 0.050000
0 6987 0.350260 0.706481 0.078646 0.053704
0 6988 0.536198 0.701852 0.085938 0.051852
0 6989 0.792188 0.623611 0.088542 0.050926
0 6990 0.742188 0.649074 0.084375 0.051852
0 6991 0.676302 0.669907 0.082812 0.049074
0 6992 0.535677 0.689352 0.082812 0.049074
