0 7053 0.432812 0.710648 0.084375 0.052778
0 7054 0.902865 0.589815 0.093229 0.057407
0 7055 0.173437 0.720370 0.082292 0.051852
0 7056 0.345052 0.763889 0.088021 0.055556
0 7057 0.653646 0.701389 0.088542 0.054630
0 7058 0.485417 0.736111 0.082292 0.051852
0 7059 0.341406 0.718981 0.081771 0.054630
0 7060 0.542188 0.717593 0.091667 0.051852
0 7061 0.802344 0.636574 0.090104 0.052778
0 7062 0.748698 0.660185 0.088021 0.053704
0 7063 0.676823 0.677778 0.089063 0.051852
0 7064 0.532552 0.702778 0.085938 0.053704
