0 7557 0.423958 0.646759 0.093750 0.056481
0 7558 0.946875 0.543981 0.100000 0.056481
0 7559 0.114844 0.650000 0.094271 0.053704
0 7560 0.361719 0.719444 0.095312 0.055556
0 7561 0.667448 0.639815 0.096354 0.055556
0 7562 0.497917 0.669444 0.089583 0.053704
0 7563 0.288542 0.649537 0.090625 0.056481
0 7564 0.572917 0.664815 0.097917 0.055556
0 7565 0.824740 0.574537 0.099479 0.054630
0 7566 0.745313 0.568056 0.094792 0.052778
0 7567 0.658594 0.581481 0.090104 0.055556
0 7568 0.498698 0.606019 0.093229 0.054630
