0 6777 0.403906 0.694444 0.073438 0.048148
0 6778 0.800000 0.562037 0.084375 0.051852
0 6779 0.197396 0.722685 0.070833 0.043519
0 6780 0.310677 0.740741 0.072396 0.048148
0 6781 0.590365 0.666667 0.071354 0.048148
0 6782 0.441146 0.708333 0.071875 0.046296
0 6783 0.339062 0.700463 0.069792 0.047222
0 6784 0.475781 0.690278 0.076563 0.049074
0 6785 0.720573 0.613426 0.078646 0.047222
0 6786 0.685937 0.636111 0.075000 0.046296
0 6787 0.629948 0.662963 0.070312 0.044444
0 6788 0.504948 0.682870 0.070312 0.047222
