0 7341 0.464062 0.633796 0.090625 0.052778
0 7342 0.961719 0.515741 0.076563 0.053704
0 7343 0.177865 0.634722 0.091146 0.052778
0 7344 0.395573 0.693519 0.095312 0.055556
0 7345 0.701823 0.612963 0.092188 0.053704
0 7346 0.533333 0.647222 0.088542 0.051852
0 7347 0.351562 0.626852 0.090625 0.055556
0 7348 0.601823 0.636574 0.097396 0.052778
0 7349 0.858854 0.545833 0.096875 0.054630
0 7350 0.787500 0.554167 0.093750 0.052778
0 7351 0.709896 0.569444 0.089583 0.055556
0 7352 0.553385 0.596296 0.091146 0.053704
