0 7389 0.453646 0.638889 0.091667 0.053704
0 7390 0.957031 0.518056 0.084896 0.054630
0 7391 0.166927 0.633333 0.092188 0.053704
0 7392 0.390365 0.694444 0.095312 0.055556
0 7393 0.697656 0.613889 0.094271 0.053704
0 7394 0.528906 0.646759 0.089063 0.052778
0 7395 0.340625 0.629630 0.090625 0.055556
0 7396 0.598437 0.636111 0.097917 0.055556
0 7397 0.853906 0.546759 0.097396 0.054630
0 7398 0.780990 0.549537 0.095312 0.052778
0 7399 0.699479 0.568519 0.089583 0.055556
0 7400 0.545052 0.592593 0.092188 0.053704
