0 6741 0.403906 0.691667 0.071354 0.046296
0 6742 0.787760 0.557407 0.081771 0.050000
0 6743 0.205469 0.719907 0.069271 0.043519
0 6744 0.309896 0.734722 0.070833 0.047222
0 6745 0.584375 0.662963 0.070833 0.048148
0 6746 0.437760 0.702778 0.071354 0.044444
0 6747 0.342969 0.698148 0.068229 0.046296
0 6748 0.471615 0.687037 0.075521 0.048148
0 6749 0.711979 0.608796 0.077083 0.047222
0 6750 0.680469 0.633333 0.073438 0.046296
0 6751 0.627604 0.661574 0.067708 0.043519
0 6752 0.504427 0.678704 0.069271 0.046296
