0 6969 0.427344 0.699074 0.082812 0.051852
0 6970 0.883333 0.568981 0.089583 0.054630
0 6971 0.190365 0.713426 0.079687 0.050926
0 6972 0.346615 0.746759 0.084896 0.052778
0 6973 0.647656 0.682407 0.086979 0.053704
0 6974 0.484635 0.718056 0.080729 0.049074
0 6975 0.352083 0.703704 0.078125 0.053704
0 6976 0.534896 0.698611 0.084375 0.050926
0 6977 0.789844 0.618981 0.088021 0.050926
0 6978 0.740885 0.644444 0.083854 0.051852
0 6979 0.676042 0.667130 0.082292 0.049074
0 6980 0.535937 0.685648 0.082292 0.049074
