0 6813 0.407031 0.690278 0.075521 0.049074
0 6814 0.809896 0.562037 0.084375 0.051852
0 6815 0.190625 0.718519 0.072917 0.044444
0 6816 0.310937 0.739352 0.075000 0.049074
0 6817 0.596615 0.665741 0.075521 0.048148
0 6818 0.443750 0.706481 0.073958 0.046296
0 6819 0.336458 0.701389 0.071875 0.049074
0 6820 0.480208 0.692593 0.078125 0.050000
0 6821 0.728906 0.611111 0.080729 0.048148
0 6822 0.690885 0.636574 0.076563 0.047222
0 6823 0.632292 0.665278 0.072917 0.045370
0 6824 0.506250 0.682870 0.070833 0.047222
