0 7197 0.434896 0.672685 0.084375 0.052778
0 7198 0.928906 0.552315 0.097396 0.058333
0 7199 0.158333 0.675926 0.086458 0.053704
0 7200 0.356510 0.728704 0.092188 0.055556
0 7201 0.665625 0.660648 0.087500 0.054630
0 7202 0.497656 0.693519 0.083854 0.051852
0 7203 0.333854 0.672222 0.085417 0.055556
0 7204 0.561458 0.675926 0.092708 0.051852
0 7205 0.820312 0.590741 0.094792 0.053704
0 7206 0.759635 0.608333 0.092188 0.051852
0 7207 0.684115 0.625000 0.088021 0.055556
0 7208 0.530729 0.650000 0.089583 0.050000
