0 6501 0.380469 0.664815 0.058854 0.040741
0 6502 0.694010 0.525463 0.065104 0.045370
0 6503 0.235417 0.688426 0.059375 0.039815
0 6504 0.288281 0.689815 0.063021 0.042593
0 6505 0.528385 0.626852 0.064062 0.042593
0 6506 0.397656 0.663889 0.068229 0.038889
0 6507 0.348958 0.678241 0.060417 0.039815
0 6508 0.418750 0.643056 0.068750 0.043519
0 6509 0.638021 0.573611 0.064583 0.041667
0 6510 0.624219 0.601389 0.060937 0.041667
0 6511 0.585938 0.631481 0.059375 0.040741
0 6512 0.483073 0.644444 0.058854 0.040741
