0 7473 0.435417 0.648611 0.092708 0.054630
0 7474 0.950000 0.539352 0.100000 0.056481
0 7475 0.136458 0.652315 0.092708 0.052778
0 7476 0.371094 0.718519 0.095312 0.055556
0 7477 0.676042 0.632407 0.095833 0.055556
0 7478 0.509375 0.666667 0.089583 0.053704
0 7479 0.310417 0.649074 0.090625 0.055556
0 7480 0.580208 0.659259 0.097917 0.055556
0 7481 0.833333 0.571759 0.098958 0.054630
0 7482 0.757552 0.569907 0.095312 0.052778
0 7483 0.674479 0.587037 0.089583 0.055556
0 7484 0.516927 0.606019 0.093229 0.054630
