0 7209 0.437760 0.668056 0.084896 0.052778
0 7210 0.932292 0.548611 0.097917 0.058333
0 7211 0.160156 0.671296 0.086979 0.053704
0 7212 0.359896 0.725000 0.092708 0.055556
0 7213 0.668750 0.655093 0.087500 0.054630
0 7214 0.499740 0.689815 0.083854 0.051852
0 7215 0.334635 0.666667 0.085938 0.055556
0 7216 0.564323 0.671296 0.093229 0.051852
0 7217 0.821875 0.585185 0.094792 0.053704
0 7218 0.761198 0.602778 0.092188 0.051852
0 7219 0.685677 0.619444 0.088021 0.055556
0 7220 0.532813 0.644444 0.089583 0.050000
