0 6849 0.409375 0.687037 0.077083 0.050000
0 6850 0.823958 0.559259 0.084375 0.051852
0 6851 0.185417 0.713889 0.075000 0.044444
0 6852 0.314844 0.736111 0.077604 0.050000
0 6853 0.603906 0.665278 0.079687 0.049074
0 6854 0.448958 0.705093 0.076042 0.047222
0 6855 0.335156 0.697222 0.073438 0.050000
0 6856 0.490104 0.689352 0.079167 0.050926
0 6857 0.737500 0.608796 0.082292 0.049074
0 6858 0.697917 0.636111 0.078125 0.048148
0 6859 0.638542 0.663426 0.075000 0.045370
0 6860 0.508333 0.678704 0.072917 0.048148
