0 7509 0.427083 0.653704 0.092708 0.055556
0 7510 0.947396 0.545833 0.100000 0.056481
0 7511 0.124740 0.660185 0.093229 0.053704
0 7512 0.365365 0.723148 0.095312 0.055556
0 7513 0.669010 0.641667 0.096354 0.055556
0 7514 0.501042 0.674074 0.089583 0.053704
0 7515 0.298438 0.657407 0.090625 0.055556
0 7516 0.574479 0.667593 0.097917 0.055556
0 7517 0.826302 0.579167 0.099479 0.054630
0 7518 0.748437 0.575463 0.094792 0.052778
0 7519 0.665104 0.589815 0.089583 0.055556
0 7520 0.505990 0.613426 0.093229 0.054630
