0 6525 0.382031 0.662963 0.059896 0.040741
0 6526 0.703906 0.525926 0.066146 0.046296
0 6527 0.233854 0.688426 0.059375 0.039815
0 6528 0.290365 0.690278 0.063021 0.043519
0 6529 0.534375 0.625926 0.064583 0.042593
0 6530 0.400781 0.663889 0.070312 0.038889
0 6531 0.349219 0.677315 0.060937 0.039815
0 6532 0.424740 0.643056 0.070312 0.043519
0 6533 0.645312 0.572685 0.065625 0.041667
0 6534 0.629948 0.602778 0.061979 0.042593
0 6535 0.589323 0.633333 0.059896 0.040741
0 6536 0.484375 0.645833 0.059375 0.041667
