0 7449 0.441146 0.645833 0.092708 0.054630
0 7450 0.951823 0.531481 0.095312 0.055556
0 7451 0.145573 0.644907 0.092188 0.052778
0 7452 0.377344 0.709259 0.095312 0.055556
0 7453 0.682031 0.624537 0.095312 0.054630
0 7454 0.514844 0.657870 0.089063 0.052778
0 7455 0.319271 0.640741 0.090625 0.055556
0 7456 0.585938 0.651852 0.097917 0.055556
0 7457 0.839323 0.560648 0.098437 0.054630
0 7458 0.765104 0.561574 0.095833 0.052778
0 7459 0.682292 0.577778 0.089583 0.055556
0 7460 0.524479 0.600463 0.093750 0.054630
