0 6417 0.375521 0.665741 0.056250 0.040741
0 6418 0.659635 0.526852 0.063021 0.042593
0 6419 0.239583 0.690278 0.058333 0.039815
0 6420 0.273958 0.687500 0.061458 0.039815
0 6421 0.505469 0.628241 0.061979 0.041667
0 6422 0.382031 0.665741 0.060937 0.038889
0 6423 0.342448 0.683796 0.054688 0.037963
0 6424 0.396615 0.637963 0.064062 0.044444
0 6425 0.608594 0.578241 0.061979 0.039815
0 6426 0.600000 0.606944 0.058333 0.039815
0 6427 0.567187 0.636111 0.056250 0.040741
0 6428 0.467448 0.651389 0.056771 0.037963
