0 6489 0.379688 0.664815 0.058333 0.040741
0 6490 0.688542 0.526389 0.064583 0.045370
0 6491 0.235677 0.689352 0.058854 0.039815
0 6492 0.286458 0.689815 0.062500 0.042593
0 6493 0.525521 0.626852 0.063542 0.042593
0 6494 0.396615 0.663889 0.067187 0.038889
0 6495 0.347917 0.679167 0.059375 0.039815
0 6496 0.415625 0.642593 0.067708 0.042593
0 6497 0.633854 0.575463 0.064583 0.041667
0 6498 0.620833 0.602315 0.060417 0.041667
0 6499 0.583073 0.631481 0.058854 0.040741
0 6500 0.480208 0.645833 0.058333 0.039815
