0 6645 0.395833 0.677315 0.065625 0.041667
0 6646 0.752604 0.538889 0.072917 0.046296
0 6647 0.223698 0.702778 0.065104 0.040741
0 6648 0.304688 0.712500 0.066667 0.045370
0 6649 0.565625 0.641204 0.069792 0.047222
0 6650 0.427604 0.680556 0.065625 0.040741
0 6651 0.348698 0.688889 0.064062 0.042593
0 6652 0.454688 0.663889 0.073958 0.046296
0 6653 0.685677 0.587500 0.070312 0.043519
0 6654 0.659375 0.614815 0.067708 0.044444
0 6655 0.613021 0.645370 0.063542 0.040741
0 6656 0.497135 0.660185 0.065104 0.044444
