0 7521 0.423958 0.656019 0.092708 0.056481
0 7522 0.946354 0.547685 0.100000 0.056481
0 7523 0.121354 0.661111 0.093750 0.053704
0 7524 0.364323 0.724074 0.095312 0.055556
0 7525 0.668490 0.640741 0.096354 0.055556
0 7526 0.500000 0.675000 0.089583 0.053704
0 7527 0.295312 0.657407 0.090625 0.055556
0 7528 0.572917 0.667593 0.097917 0.055556
0 7529 0.824740 0.581019 0.099479 0.054630
0 7530 0.745833 0.576389 0.094792 0.052778
0 7531 0.662500 0.590741 0.089583 0.055556
0 7532 0.502344 0.613426 0.093229 0.054630
