0 6765 0.402865 0.695370 0.072396 0.048148
0 6766 0.796875 0.562963 0.084375 0.051852
0 6767 0.199740 0.721759 0.070312 0.043519
0 6768 0.310417 0.739815 0.071875 0.048148
0 6769 0.588021 0.665741 0.070833 0.048148
0 6770 0.439844 0.706019 0.071354 0.045370
0 6771 0.340365 0.699537 0.069271 0.047222
0 6772 0.474740 0.689352 0.076563 0.049074
0 6773 0.717708 0.612500 0.078125 0.047222
0 6774 0.684115 0.636111 0.074479 0.046296
0 6775 0.628906 0.662500 0.069271 0.043519
0 6776 0.504687 0.682407 0.069792 0.046296
