0 6561 0.384375 0.667130 0.061458 0.041667
0 6562 0.715885 0.528704 0.068229 0.046296
0 6563 0.230990 0.691667 0.060937 0.040741
0 6564 0.294531 0.691204 0.064062 0.045370
0 6565 0.544010 0.629630 0.066146 0.044444
0 6566 0.408333 0.668519 0.068750 0.038889
0 6567 0.347396 0.679630 0.060417 0.040741
0 6568 0.435677 0.647222 0.073438 0.044444
0 6569 0.655729 0.575926 0.066667 0.042593
0 6570 0.638021 0.605556 0.063542 0.042593
0 6571 0.595573 0.636111 0.060937 0.040741
0 6572 0.486979 0.647222 0.060417 0.042593
