0 6825 0.407813 0.689352 0.076042 0.049074
0 6826 0.814583 0.561111 0.084375 0.051852
0 6827 0.188281 0.717593 0.073438 0.044444
0 6828 0.311458 0.738426 0.076042 0.049074
0 6829 0.598958 0.666204 0.077083 0.049074
0 6830 0.445573 0.705556 0.074479 0.046296
0 6831 0.336198 0.699537 0.072396 0.049074
0 6832 0.483333 0.691667 0.078125 0.050000
0 6833 0.731771 0.610648 0.081250 0.049074
0 6834 0.692708 0.636574 0.077083 0.047222
0 6835 0.634115 0.664352 0.073438 0.045370
0 6836 0.507031 0.683333 0.071354 0.048148
