0 7101 0.432812 0.701389 0.084375 0.052778
0 7102 0.911979 0.584722 0.095833 0.058333
0 7103 0.166667 0.709722 0.084375 0.052778
0 7104 0.347917 0.754630 0.089583 0.055556
0 7105 0.658073 0.693981 0.088021 0.054630
0 7106 0.488542 0.727778 0.082292 0.051852
0 7107 0.337500 0.707870 0.082292 0.054630
0 7108 0.547396 0.706481 0.091667 0.051852
0 7109 0.807552 0.629167 0.092188 0.052778
0 7110 0.752344 0.647685 0.090104 0.052778
0 7111 0.678125 0.666667 0.088542 0.053704
0 7112 0.530990 0.688889 0.086979 0.053704
