0 7497 0.429688 0.651852 0.092708 0.055556
0 7498 0.948438 0.544907 0.100000 0.056481
0 7499 0.128385 0.658333 0.093229 0.053704
0 7500 0.366927 0.723148 0.095312 0.055556
0 7501 0.670052 0.639815 0.096354 0.055556
0 7502 0.503646 0.673148 0.089583 0.053704
0 7503 0.301563 0.656481 0.090625 0.055556
0 7504 0.576562 0.666667 0.097917 0.055556
0 7505 0.828385 0.578241 0.099479 0.054630
0 7506 0.751042 0.574537 0.094792 0.052778
0 7507 0.668229 0.588889 0.089583 0.055556
0 7508 0.509635 0.612500 0.093229 0.054630
