0 7413 0.448698 0.641667 0.092188 0.053704
0 7414 0.954948 0.521759 0.089063 0.054630
0 7415 0.158594 0.636574 0.092188 0.052778
0 7416 0.385677 0.698148 0.095312 0.055556
0 7417 0.692187 0.617130 0.094792 0.054630
0 7418 0.523177 0.651389 0.089063 0.052778
0 7419 0.332813 0.633333 0.090625 0.055556
0 7420 0.593750 0.640741 0.097917 0.055556
0 7421 0.849479 0.550463 0.097917 0.054630
0 7422 0.775260 0.552315 0.096354 0.052778
0 7423 0.693229 0.570370 0.089583 0.055556
0 7424 0.535937 0.594444 0.092708 0.053704
