0 6801 0.405469 0.692130 0.074479 0.049074
0 6802 0.806250 0.562037 0.084375 0.051852
0 6803 0.192708 0.720370 0.071875 0.044444
0 6804 0.310937 0.740278 0.073958 0.049074
0 6805 0.594271 0.666667 0.073958 0.048148
0 6806 0.442188 0.706481 0.072917 0.046296
0 6807 0.336458 0.702315 0.070833 0.049074
0 6808 0.478906 0.691667 0.077604 0.050000
0 6809 0.726042 0.611111 0.080208 0.048148
0 6810 0.689063 0.636574 0.076042 0.047222
0 6811 0.631250 0.663889 0.071875 0.044444
0 6812 0.505729 0.682870 0.070833 0.047222
