0 7461 0.438542 0.646759 0.092708 0.054630
0 7462 0.950781 0.535185 0.097396 0.055556
0 7463 0.140885 0.648611 0.092188 0.052778
0 7464 0.374219 0.713889 0.095312 0.055556
0 7465 0.679167 0.628241 0.095833 0.054630
0 7466 0.512500 0.661111 0.089583 0.053704
0 7467 0.315104 0.645370 0.090625 0.055556
0 7468 0.583333 0.655556 0.097917 0.055556
0 7469 0.836458 0.566204 0.098958 0.054630
0 7470 0.761458 0.566204 0.095833 0.052778
0 7471 0.678646 0.580556 0.089583 0.055556
0 7472 0.520573 0.603241 0.093229 0.054630
