0 7401 0.451042 0.640741 0.091667 0.053704
0 7402 0.955990 0.518056 0.086979 0.054630
0 7403 0.162760 0.635185 0.092188 0.053704
0 7404 0.388281 0.696296 0.095312 0.055556
0 7405 0.695573 0.614815 0.094271 0.053704
0 7406 0.526302 0.648611 0.089063 0.052778
0 7407 0.336979 0.630556 0.090625 0.055556
0 7408 0.596354 0.637037 0.097917 0.055556
0 7409 0.851562 0.548611 0.097917 0.054630
0 7410 0.778125 0.550463 0.095833 0.052778
0 7411 0.697396 0.568519 0.089583 0.055556
0 7412 0.539844 0.592593 0.092188 0.053704
