0 6933 0.420833 0.692593 0.081250 0.051852
0 6934 0.866146 0.562037 0.088542 0.053704
0 6935 0.190365 0.706481 0.077604 0.048148
0 6936 0.336458 0.737037 0.083333 0.051852
0 6937 0.635156 0.670370 0.088021 0.051852
0 6938 0.475000 0.709259 0.080208 0.048148
0 6939 0.347396 0.694444 0.077083 0.051852
0 6940 0.524740 0.688426 0.081771 0.050926
0 6941 0.775000 0.612500 0.086458 0.050926
0 6942 0.728906 0.636111 0.081771 0.050000
0 6943 0.666146 0.661111 0.081250 0.048148
0 6944 0.528646 0.678704 0.080208 0.048148
