0 7149 0.433333 0.688426 0.084375 0.052778
0 7150 0.919531 0.568056 0.096354 0.058333
0 7151 0.159375 0.693981 0.085417 0.052778
0 7152 0.350000 0.741667 0.090625 0.055556
0 7153 0.661719 0.676389 0.086979 0.054630
0 7154 0.491927 0.711111 0.082812 0.051852
0 7155 0.333333 0.691204 0.083333 0.054630
0 7156 0.552083 0.692593 0.091667 0.051852
0 7157 0.813021 0.611574 0.093750 0.052778
0 7158 0.755208 0.630093 0.091667 0.052778
0 7159 0.678906 0.647685 0.088021 0.054630
0 7160 0.529687 0.669907 0.088542 0.052778
