0 6837 0.408594 0.687963 0.076563 0.050000
0 6838 0.819271 0.560185 0.084375 0.051852
0 6839 0.186458 0.715741 0.073958 0.044444
0 6840 0.312760 0.737037 0.076563 0.050000
0 6841 0.601042 0.665278 0.078125 0.049074
0 6842 0.447135 0.705556 0.075521 0.046296
0 6843 0.335417 0.697685 0.072917 0.049074
0 6844 0.486719 0.689815 0.078646 0.050000
0 6845 0.734635 0.609722 0.081771 0.049074
0 6846 0.694531 0.636574 0.077604 0.047222
0 6847 0.636198 0.663426 0.074479 0.045370
0 6848 0.507292 0.680556 0.071875 0.048148
