0 6693 0.405469 0.683796 0.068229 0.041667
0 6694 0.769792 0.548148 0.077083 0.048148
0 6695 0.216406 0.710648 0.067187 0.041667
0 6696 0.309375 0.723611 0.068750 0.045370
0 6697 0.577344 0.650000 0.070312 0.048148
0 6698 0.434896 0.691667 0.066667 0.042593
0 6699 0.347656 0.693981 0.066146 0.043519
0 6700 0.466406 0.673611 0.074479 0.047222
0 6701 0.698698 0.598611 0.073438 0.045370
0 6702 0.671875 0.623611 0.070833 0.045370
0 6703 0.620833 0.654167 0.065625 0.041667
0 6704 0.503125 0.668056 0.067708 0.045370
