0 7353 0.461458 0.634722 0.090625 0.052778
0 7354 0.960156 0.515741 0.078646 0.053704
0 7355 0.176042 0.632870 0.091667 0.052778
0 7356 0.395573 0.692593 0.095312 0.055556
0 7357 0.702083 0.611111 0.092708 0.053704
0 7358 0.534635 0.644907 0.089063 0.052778
0 7359 0.350521 0.625000 0.090625 0.055556
0 7360 0.601823 0.636111 0.097396 0.053704
0 7361 0.858333 0.543981 0.096875 0.054630
0 7362 0.788542 0.550463 0.093750 0.052778
0 7363 0.707292 0.568519 0.089583 0.055556
0 7364 0.552344 0.593519 0.091146 0.053704
