0 6897 0.414323 0.685648 0.079687 0.050926
0 6898 0.845313 0.556481 0.087500 0.051852
0 6899 0.186458 0.706944 0.076042 0.047222
0 6900 0.324479 0.733796 0.081250 0.050926
0 6901 0.620313 0.666204 0.085417 0.050926
0 6902 0.461458 0.704167 0.079167 0.047222
0 6903 0.340365 0.693056 0.075521 0.050926
0 6904 0.507552 0.683796 0.080729 0.050926
0 6905 0.755469 0.607407 0.084896 0.050000
0 6906 0.712500 0.631944 0.080208 0.049074
0 6907 0.652344 0.659722 0.078646 0.047222
0 6908 0.516667 0.674074 0.077083 0.048148
