0 7329 0.466406 0.631944 0.090104 0.052778
0 7330 0.960156 0.517593 0.078646 0.053704
0 7331 0.180469 0.635185 0.091146 0.051852
0 7332 0.396615 0.695370 0.095312 0.055556
0 7333 0.701562 0.614815 0.091667 0.053704
0 7334 0.532552 0.650000 0.088021 0.051852
0 7335 0.353125 0.629630 0.090625 0.055556
0 7336 0.601302 0.638426 0.097396 0.052778
0 7337 0.859375 0.547685 0.096875 0.054630
0 7338 0.786719 0.557870 0.093229 0.052778
0 7339 0.708594 0.573148 0.089063 0.055556
0 7340 0.554167 0.599074 0.090625 0.053704
