0 6993 0.431510 0.704167 0.083854 0.052778
0 6994 0.890104 0.577778 0.090625 0.055556
0 6995 0.184896 0.717130 0.080208 0.050926
0 6996 0.345573 0.752778 0.085938 0.053704
0 6997 0.648958 0.691204 0.086458 0.054630
0 6998 0.484375 0.725000 0.081250 0.050000
0 6999 0.348438 0.709259 0.079167 0.053704
0 7000 0.537240 0.704630 0.086979 0.051852
0 7001 0.794010 0.627778 0.089063 0.051852
0 7002 0.742969 0.653704 0.084896 0.051852
0 7003 0.676042 0.671759 0.083333 0.049074
0 7004 0.534896 0.692593 0.083333 0.050000
