0 6873 0.411719 0.684722 0.078646 0.050926
0 6874 0.833333 0.557407 0.084375 0.051852
0 6875 0.185156 0.709259 0.075521 0.046296
0 6876 0.319531 0.734259 0.079687 0.050000
0 6877 0.611198 0.664815 0.082812 0.050000
0 6878 0.454427 0.704167 0.077604 0.047222
0 6879 0.336719 0.694444 0.074479 0.050000
0 6880 0.496094 0.686574 0.079687 0.050926
0 6881 0.745573 0.608333 0.083854 0.050000
0 6882 0.705208 0.633333 0.079167 0.048148
0 6883 0.643750 0.659259 0.077083 0.046296
0 6884 0.510417 0.675000 0.075000 0.048148
