0 7233 0.443490 0.658796 0.085938 0.052778
0 7234 0.939323 0.541667 0.098437 0.059259
0 7235 0.164062 0.662963 0.087500 0.053704
0 7236 0.366927 0.717593 0.093229 0.055556
0 7237 0.676562 0.645833 0.088542 0.054630
0 7238 0.507552 0.680556 0.084896 0.051852
0 7239 0.337500 0.658333 0.087500 0.055556
0 7240 0.571615 0.662963 0.094271 0.051852
0 7241 0.829948 0.575926 0.095312 0.053704
0 7242 0.764323 0.591667 0.092188 0.051852
0 7243 0.689323 0.607407 0.088021 0.055556
0 7244 0.536458 0.633796 0.089583 0.050926
