0 6585 0.385937 0.669907 0.062500 0.041667
0 6586 0.726302 0.531481 0.069271 0.046296
0 6587 0.228906 0.694444 0.061979 0.040741
0 6588 0.297396 0.697685 0.064583 0.045370
0 6589 0.550260 0.632870 0.067187 0.045370
0 6590 0.414062 0.671759 0.067708 0.039815
0 6591 0.347917 0.682407 0.061458 0.040741
0 6592 0.439844 0.652315 0.073438 0.045370
0 6593 0.662500 0.578704 0.067708 0.042593
0 6594 0.643490 0.607870 0.064062 0.043519
0 6595 0.600260 0.638889 0.061979 0.040741
0 6596 0.489583 0.650463 0.061458 0.043519
