0 7425 0.446094 0.642593 0.092188 0.053704
0 7426 0.953906 0.524537 0.091146 0.054630
0 7427 0.154427 0.639352 0.092188 0.052778
0 7428 0.383073 0.700000 0.095312 0.055556
0 7429 0.689063 0.619907 0.094792 0.054630
0 7430 0.520573 0.653241 0.089063 0.052778
0 7431 0.328125 0.636111 0.090625 0.055556
0 7432 0.591146 0.644444 0.097917 0.055556
0 7433 0.846354 0.554167 0.097917 0.054630
0 7434 0.772135 0.553241 0.096354 0.052778
0 7435 0.689583 0.573148 0.089583 0.055556
0 7436 0.531771 0.596296 0.092708 0.053704
