0 6465 0.378646 0.666667 0.057292 0.040741
0 6466 0.677865 0.527778 0.064062 0.044444
0 6467 0.237240 0.689352 0.058854 0.039815
0 6468 0.283854 0.689352 0.062500 0.041667
0 6469 0.519531 0.627315 0.063021 0.041667
0 6470 0.391406 0.664815 0.065104 0.038889
0 6471 0.345573 0.681481 0.057813 0.038889
0 6472 0.409635 0.641667 0.066146 0.042593
0 6473 0.625000 0.576852 0.063542 0.040741
0 6474 0.614062 0.604630 0.059375 0.040741
0 6475 0.577344 0.633333 0.057813 0.040741
0 6476 0.475781 0.648148 0.057813 0.038889
