0 6609 0.389323 0.672685 0.064062 0.041667
0 6610 0.736458 0.534259 0.070833 0.046296
0 6611 0.227083 0.698148 0.063542 0.040741
0 6612 0.300521 0.703241 0.065625 0.045370
0 6613 0.556510 0.636111 0.068229 0.046296
0 6614 0.419271 0.674537 0.066667 0.039815
0 6615 0.347917 0.684722 0.062500 0.041667
0 6616 0.445573 0.656944 0.073438 0.045370
0 6617 0.671875 0.582407 0.068750 0.042593
0 6618 0.649479 0.609722 0.065625 0.043519
0 6619 0.605729 0.640741 0.062500 0.040741
0 6620 0.492448 0.654167 0.063021 0.043519
