0 7041 0.433333 0.709722 0.084375 0.052778
0 7042 0.900521 0.587500 0.092708 0.056481
0 7043 0.174740 0.721759 0.081771 0.050926
0 7044 0.344010 0.762963 0.088021 0.055556
0 7045 0.653125 0.699537 0.088542 0.054630
0 7046 0.484896 0.738889 0.082292 0.051852
0 7047 0.341667 0.718981 0.081250 0.054630
0 7048 0.540885 0.717593 0.092188 0.051852
0 7049 0.800781 0.637500 0.090104 0.052778
0 7050 0.747396 0.658333 0.087500 0.053704
0 7051 0.677083 0.680556 0.089583 0.051852
0 7052 0.533333 0.702315 0.085417 0.052778
