0 7365 0.459115 0.636574 0.091146 0.052778
0 7366 0.959115 0.516667 0.080729 0.053704
0 7367 0.173698 0.632407 0.092188 0.053704
0 7368 0.395573 0.690741 0.095312 0.055556
0 7369 0.700781 0.612037 0.093229 0.053704
0 7370 0.533073 0.643981 0.089063 0.052778
0 7371 0.346875 0.626852 0.090625 0.055556
0 7372 0.602344 0.634722 0.097396 0.054630
0 7373 0.858073 0.542130 0.097396 0.054630
0 7374 0.786198 0.549537 0.094271 0.052778
0 7375 0.704688 0.568519 0.089583 0.055556
0 7376 0.550000 0.593519 0.091667 0.053704
