0 6381 0.373437 0.665741 0.055208 0.040741
0 6382 0.648698 0.525000 0.061979 0.042593
0 6383 0.244010 0.689352 0.056771 0.039815
0 6384 0.272656 0.684722 0.059896 0.039815
0 6385 0.500000 0.625000 0.060417 0.040741
0 6386 0.379688 0.664352 0.059375 0.037963
0 6387 0.343750 0.681944 0.052083 0.037963
0 6388 0.389844 0.634722 0.063021 0.045370
0 6389 0.601302 0.576852 0.060937 0.038889
0 6390 0.595833 0.605556 0.057292 0.038889
0 6391 0.563281 0.633333 0.054688 0.040741
0 6392 0.467708 0.650000 0.056250 0.037037
