0 6405 0.374740 0.665741 0.055729 0.040741
0 6406 0.655208 0.526852 0.062500 0.042593
0 6407 0.240625 0.691204 0.058333 0.039815
0 6408 0.273698 0.686574 0.060937 0.039815
0 6409 0.503646 0.626852 0.061458 0.040741
0 6410 0.380208 0.666667 0.060417 0.038889
0 6411 0.342969 0.682870 0.053646 0.037963
0 6412 0.393229 0.636111 0.063542 0.044444
0 6413 0.604948 0.578241 0.061979 0.039815
0 6414 0.598698 0.606944 0.057813 0.039815
0 6415 0.565885 0.635185 0.055729 0.040741
0 6416 0.467448 0.651389 0.056771 0.037963
