0 6705 0.404687 0.686111 0.068750 0.042593
0 6706 0.774740 0.550463 0.078646 0.049074
0 6707 0.214062 0.713889 0.067708 0.042593
0 6708 0.309635 0.726389 0.069271 0.045370
0 6709 0.578906 0.653704 0.070312 0.048148
0 6710 0.435677 0.694907 0.068229 0.043519
0 6711 0.346354 0.695370 0.066667 0.044444
0 6712 0.467969 0.677778 0.074479 0.048148
0 6713 0.702344 0.601389 0.074479 0.045370
0 6714 0.674219 0.626389 0.071354 0.045370
0 6715 0.623177 0.656481 0.066146 0.042593
0 6716 0.505208 0.670370 0.068750 0.046296
