0 6681 0.403125 0.681944 0.067708 0.041667
0 6682 0.765625 0.544907 0.076042 0.047222
0 6683 0.218229 0.708796 0.066667 0.041667
0 6684 0.309115 0.720833 0.068229 0.045370
0 6685 0.575781 0.647222 0.070312 0.048148
0 6686 0.433333 0.688889 0.066667 0.042593
0 6687 0.348958 0.693056 0.065625 0.043519
0 6688 0.463542 0.670833 0.073958 0.047222
0 6689 0.695573 0.595370 0.072396 0.044444
0 6690 0.668750 0.620833 0.069792 0.045370
0 6691 0.619010 0.652315 0.065104 0.041667
0 6692 0.501823 0.666204 0.067187 0.045370
