0 6909 0.416667 0.687500 0.080208 0.050926
0 6910 0.852344 0.558796 0.088021 0.052778
0 6911 0.187760 0.706019 0.076563 0.047222
0 6912 0.329167 0.733796 0.082292 0.050926
0 6913 0.625260 0.666204 0.086979 0.050926
0 6914 0.465625 0.704630 0.080208 0.048148
0 6915 0.342187 0.692130 0.076042 0.050926
0 6916 0.513281 0.685648 0.080729 0.050926
0 6917 0.761979 0.608333 0.085417 0.050000
0 6918 0.717969 0.633333 0.080729 0.050000
0 6919 0.656771 0.659722 0.079167 0.047222
0 6920 0.520312 0.674074 0.078125 0.048148
