0 7137 0.433333 0.691204 0.084375 0.052778
0 7138 0.917448 0.572685 0.096354 0.058333
0 7139 0.160677 0.697685 0.084896 0.052778
0 7140 0.349479 0.745370 0.090625 0.055556
0 7141 0.660937 0.681019 0.087500 0.054630
0 7142 0.490885 0.715741 0.082812 0.051852
0 7143 0.334635 0.694907 0.082812 0.054630
0 7144 0.551042 0.695370 0.091667 0.051852
0 7145 0.811719 0.616204 0.093229 0.052778
0 7146 0.754427 0.634722 0.091146 0.052778
0 7147 0.678906 0.652315 0.088021 0.054630
0 7148 0.529948 0.674537 0.088021 0.052778
