0 7113 0.433333 0.698611 0.084375 0.052778
0 7114 0.913542 0.580093 0.095833 0.058333
0 7115 0.164583 0.706019 0.084375 0.052778
0 7116 0.347917 0.750926 0.089583 0.055556
0 7117 0.659375 0.690278 0.087500 0.054630
0 7118 0.489323 0.725000 0.082812 0.051852
0 7119 0.336719 0.703241 0.082812 0.054630
0 7120 0.548438 0.702778 0.091667 0.051852
0 7121 0.809115 0.625463 0.092188 0.052778
0 7122 0.752865 0.643056 0.090104 0.052778
0 7123 0.678646 0.661111 0.088542 0.053704
0 7124 0.530729 0.684259 0.087500 0.053704
