0 7437 0.443490 0.644907 0.092188 0.054630
0 7438 0.952865 0.528704 0.093229 0.055556
0 7439 0.150260 0.640741 0.092188 0.051852
0 7440 0.380469 0.704630 0.095312 0.055556
0 7441 0.685677 0.622685 0.095312 0.054630
0 7442 0.517448 0.656019 0.089063 0.052778
0 7443 0.323958 0.638889 0.090625 0.055556
0 7444 0.588542 0.648148 0.097917 0.055556
0 7445 0.842969 0.556944 0.098437 0.054630
0 7446 0.768490 0.556944 0.096354 0.052778
0 7447 0.685937 0.575000 0.089583 0.055556
0 7448 0.527865 0.598148 0.093229 0.053704
