0 6453 0.377865 0.666667 0.056771 0.040741
0 6454 0.672656 0.528704 0.064062 0.044444
0 6455 0.237760 0.689352 0.058854 0.039815
0 6456 0.280469 0.688889 0.061979 0.040741
0 6457 0.516146 0.627315 0.062500 0.041667
0 6458 0.389323 0.664815 0.064062 0.038889
0 6459 0.344271 0.682407 0.057292 0.038889
0 6460 0.406771 0.641204 0.065625 0.041667
0 6461 0.621094 0.577778 0.063021 0.040741
0 6462 0.610417 0.605556 0.059375 0.040741
0 6463 0.574479 0.634259 0.057292 0.040741
0 6464 0.473698 0.650000 0.057813 0.038889
