0 7125 0.433333 0.694907 0.084375 0.052778
0 7126 0.915625 0.576389 0.095833 0.058333
0 7127 0.162760 0.702315 0.084896 0.052778
0 7128 0.348698 0.748148 0.090104 0.055556
0 7129 0.660417 0.685648 0.087500 0.054630
0 7130 0.490365 0.720370 0.082812 0.051852
0 7131 0.335677 0.699537 0.082812 0.054630
0 7132 0.549479 0.699074 0.091667 0.051852
0 7133 0.810417 0.620833 0.092708 0.052778
0 7134 0.753646 0.638426 0.090625 0.052778
0 7135 0.678385 0.656481 0.088021 0.053704
0 7136 0.530469 0.679630 0.088021 0.053704
