0 7281 0.454948 0.644907 0.088021 0.052778
0 7282 0.954167 0.529167 0.089583 0.056481
0 7283 0.175260 0.648148 0.089063 0.051852
0 7284 0.382812 0.703704 0.094792 0.055556
0 7285 0.692187 0.630556 0.089583 0.053704
0 7286 0.522656 0.663889 0.085938 0.051852
0 7287 0.347917 0.641667 0.090625 0.055556
0 7288 0.588542 0.650000 0.095833 0.051852
0 7289 0.847135 0.560648 0.096354 0.054630
0 7290 0.780469 0.573148 0.092188 0.051852
0 7291 0.701823 0.587963 0.088021 0.055556
0 7292 0.546615 0.614815 0.090104 0.051852
