0 7293 0.457813 0.642130 0.088542 0.052778
0 7294 0.955990 0.526852 0.085938 0.055556
0 7295 0.176563 0.645370 0.089583 0.051852
0 7296 0.388281 0.700000 0.095312 0.055556
0 7297 0.695052 0.625926 0.090104 0.053704
0 7298 0.526563 0.659259 0.086458 0.051852
0 7299 0.349479 0.638889 0.090625 0.055556
0 7300 0.592448 0.646296 0.096354 0.051852
0 7301 0.850260 0.557870 0.096354 0.054630
0 7302 0.784635 0.568519 0.092188 0.051852
0 7303 0.705729 0.584259 0.088542 0.055556
0 7304 0.549219 0.610648 0.090104 0.052778
