0 7173 0.433854 0.681019 0.084375 0.052778
0 7174 0.923438 0.560648 0.096875 0.058333
0 7175 0.157031 0.684722 0.085938 0.052778
0 7176 0.351042 0.735185 0.091667 0.055556
0 7177 0.663542 0.668056 0.086458 0.054630
0 7178 0.493750 0.702778 0.083333 0.051852
0 7179 0.331250 0.682407 0.083333 0.055556
0 7180 0.554948 0.685185 0.092188 0.051852
0 7181 0.816406 0.601852 0.094271 0.053704
0 7182 0.757031 0.620370 0.092188 0.051852
0 7183 0.680990 0.637037 0.088021 0.055556
0 7184 0.528906 0.660648 0.089063 0.052778
