0 6597 0.386979 0.672222 0.063542 0.042593
0 6598 0.731250 0.532407 0.069792 0.046296
0 6599 0.228385 0.696296 0.063021 0.040741
0 6600 0.299219 0.700463 0.065104 0.045370
0 6601 0.553125 0.634722 0.067708 0.045370
0 6602 0.416406 0.673611 0.067187 0.039815
0 6603 0.348177 0.683796 0.061979 0.041667
0 6604 0.442448 0.654167 0.073438 0.045370
0 6605 0.667448 0.580556 0.068229 0.042593
0 6606 0.646354 0.608796 0.064583 0.043519
0 6607 0.602865 0.639815 0.061979 0.040741
0 6608 0.490885 0.652315 0.061979 0.043519
