0 7485 0.432812 0.650926 0.092708 0.055556
0 7486 0.950000 0.543981 0.100000 0.056481
0 7487 0.131250 0.656019 0.092708 0.052778
0 7488 0.367969 0.722222 0.095312 0.055556
0 7489 0.673177 0.636111 0.096354 0.055556
0 7490 0.506771 0.672222 0.089583 0.053704
0 7491 0.306250 0.652778 0.090625 0.055556
0 7492 0.577604 0.662963 0.097917 0.055556
0 7493 0.829948 0.576389 0.099479 0.054630
0 7494 0.754167 0.574537 0.094792 0.052778
0 7495 0.671354 0.587963 0.089583 0.055556
0 7496 0.513281 0.609722 0.093229 0.054630
