0 7089 0.432812 0.705093 0.084375 0.052778
0 7090 0.909375 0.585185 0.094792 0.057407
0 7091 0.168490 0.714352 0.083854 0.052778
0 7092 0.347135 0.757407 0.089063 0.055556
0 7093 0.656510 0.697685 0.088021 0.054630
0 7094 0.487500 0.729630 0.082292 0.051852
0 7095 0.338542 0.711574 0.082292 0.054630
0 7096 0.545833 0.710185 0.091667 0.051852
0 7097 0.806250 0.633796 0.091667 0.052778
0 7098 0.751563 0.652778 0.089583 0.053704
0 7099 0.678125 0.670833 0.088542 0.052778
0 7100 0.531510 0.693519 0.086979 0.053704
