0 7161 0.433854 0.684722 0.084375 0.052778
0 7162 0.921354 0.564352 0.096875 0.058333
0 7163 0.157552 0.689815 0.085938 0.051852
0 7164 0.350781 0.738889 0.091146 0.055556
0 7165 0.662760 0.672685 0.086979 0.054630
0 7166 0.492448 0.706481 0.082812 0.051852
0 7167 0.332292 0.687037 0.083333 0.055556
0 7168 0.553906 0.688889 0.092188 0.051852
0 7169 0.814323 0.607407 0.094271 0.053704
0 7170 0.756510 0.625000 0.092188 0.051852
0 7171 0.679427 0.643519 0.088021 0.055556
0 7172 0.529167 0.665278 0.088542 0.052778
