0 7065 0.432812 0.711574 0.084375 0.052778
0 7066 0.904687 0.587963 0.093750 0.057407
0 7067 0.171615 0.719444 0.082812 0.051852
0 7068 0.345833 0.763889 0.088542 0.055556
0 7069 0.654687 0.699537 0.088542 0.054630
0 7070 0.485938 0.734259 0.082292 0.051852
0 7071 0.340365 0.717130 0.081771 0.054630
0 7072 0.543229 0.717593 0.091667 0.051852
0 7073 0.803646 0.635648 0.090625 0.052778
0 7074 0.749479 0.658333 0.088542 0.053704
0 7075 0.677344 0.675000 0.089063 0.051852
0 7076 0.532292 0.704167 0.086458 0.054630
