0 7269 0.452083 0.648611 0.087500 0.052778
0 7270 0.952604 0.532407 0.093750 0.057407
0 7271 0.171354 0.651852 0.088542 0.051852
0 7272 0.377344 0.707407 0.094271 0.055556
0 7273 0.688542 0.634259 0.089583 0.053704
0 7274 0.519010 0.667593 0.085938 0.051852
0 7275 0.344531 0.646296 0.090104 0.055556
0 7276 0.584115 0.652778 0.095312 0.051852
0 7277 0.842708 0.564815 0.095833 0.053704
0 7278 0.776302 0.577778 0.092188 0.051852
0 7279 0.698177 0.591667 0.088021 0.055556
0 7280 0.544010 0.619444 0.090104 0.051852
