0 6537 0.382812 0.665278 0.060417 0.041667
0 6538 0.707812 0.526852 0.066667 0.046296
0 6539 0.233594 0.688426 0.059896 0.039815
0 6540 0.292187 0.690741 0.063542 0.044444
0 6541 0.537760 0.626389 0.065104 0.043519
0 6542 0.403125 0.664815 0.069792 0.038889
0 6543 0.348438 0.677315 0.060417 0.039815
0 6544 0.427865 0.644444 0.071354 0.044444
0 6545 0.648698 0.573148 0.066146 0.042593
0 6546 0.632812 0.603704 0.062500 0.042593
0 6547 0.591667 0.634259 0.060417 0.040741
0 6548 0.485677 0.645833 0.059896 0.041667
