0 7305 0.460677 0.638426 0.089063 0.052778
0 7306 0.957552 0.523611 0.083854 0.054630
0 7307 0.177865 0.641667 0.090104 0.051852
0 7308 0.390885 0.698148 0.095312 0.055556
0 7309 0.698438 0.621296 0.090625 0.053704
0 7310 0.530990 0.655556 0.086979 0.051852
0 7311 0.351042 0.636111 0.090625 0.055556
0 7312 0.596875 0.642593 0.096875 0.051852
0 7313 0.853385 0.554167 0.096354 0.054630
0 7314 0.785417 0.564815 0.092708 0.051852
0 7315 0.706250 0.580556 0.088542 0.055556
0 7316 0.551823 0.606019 0.090104 0.052778
