0 6549 0.383594 0.666204 0.060937 0.041667
0 6550 0.711719 0.527778 0.067187 0.046296
0 6551 0.232292 0.689815 0.060417 0.040741
0 6552 0.293229 0.690741 0.063542 0.044444
0 6553 0.540625 0.628241 0.065625 0.043519
0 6554 0.405990 0.666667 0.069271 0.038889
0 6555 0.347135 0.677778 0.059896 0.040741
0 6556 0.431510 0.645370 0.072396 0.044444
0 6557 0.652344 0.575000 0.066146 0.042593
0 6558 0.635156 0.604630 0.063021 0.042593
0 6559 0.593229 0.635185 0.060417 0.040741
0 6560 0.486198 0.647222 0.059896 0.042593
