0 6573 0.385156 0.668981 0.061979 0.041667
0 6574 0.720833 0.529630 0.068750 0.046296
0 6575 0.230208 0.693519 0.061458 0.040741
0 6576 0.296094 0.694907 0.064062 0.045370
0 6577 0.546875 0.631481 0.066667 0.044444
0 6578 0.411198 0.669907 0.068229 0.039815
0 6579 0.347656 0.680556 0.060937 0.040741
0 6580 0.437760 0.649537 0.073438 0.045370
0 6581 0.659115 0.577778 0.067187 0.042593
0 6582 0.640885 0.606944 0.064062 0.043519
0 6583 0.597396 0.637963 0.061458 0.040741
0 6584 0.488281 0.648611 0.060937 0.043519
