0 6621 0.391146 0.674537 0.064583 0.041667
0 6622 0.741927 0.535185 0.071354 0.046296
0 6623 0.225781 0.699074 0.064062 0.040741
0 6624 0.301823 0.706019 0.066146 0.045370
0 6625 0.559375 0.637963 0.068750 0.046296
0 6626 0.421615 0.676852 0.066146 0.040741
0 6627 0.348177 0.686574 0.063021 0.041667
0 6628 0.448698 0.659259 0.073438 0.046296
0 6629 0.676302 0.584259 0.069271 0.042593
0 6630 0.652865 0.612037 0.066146 0.044444
0 6631 0.608594 0.641667 0.063021 0.040741
0 6632 0.494271 0.656481 0.063542 0.044444
