0 7545 0.422656 0.652315 0.093229 0.056481
0 7546 0.946354 0.544907 0.100000 0.056481
0 7547 0.115885 0.655556 0.094271 0.053704
0 7548 0.361198 0.724074 0.095312 0.055556
0 7549 0.667969 0.639815 0.096354 0.055556
0 7550 0.498437 0.672222 0.089583 0.053704
0 7551 0.289062 0.654630 0.090625 0.055556
0 7552 0.571875 0.668519 0.097917 0.055556
0 7553 0.823698 0.578241 0.099479 0.054630
0 7554 0.745313 0.571759 0.094792 0.052778
0 7555 0.658333 0.587037 0.089583 0.055556
0 7556 0.499219 0.610648 0.093229 0.054630
