0 6753 0.403125 0.693981 0.071875 0.047222
0 6754 0.791927 0.559722 0.082812 0.050926
0 6755 0.202604 0.720833 0.069792 0.043519
0 6756 0.310156 0.736574 0.071354 0.047222
0 6757 0.586458 0.663889 0.070833 0.048148
0 6758 0.438802 0.704167 0.071354 0.045370
0 6759 0.341667 0.699074 0.068750 0.046296
0 6760 0.473438 0.688426 0.076042 0.049074
0 6761 0.714844 0.611574 0.077604 0.047222
0 6762 0.682292 0.635185 0.073958 0.046296
0 6763 0.628646 0.661574 0.068750 0.043519
0 6764 0.504167 0.682407 0.069792 0.046296
