0 6477 0.379427 0.665741 0.057813 0.040741
0 6478 0.683333 0.526852 0.064583 0.044444
0 6479 0.236198 0.689352 0.058854 0.039815
0 6480 0.285417 0.689352 0.062500 0.041667
0 6481 0.522135 0.627778 0.063021 0.042593
0 6482 0.394010 0.664815 0.066146 0.038889
0 6483 0.346615 0.679630 0.058854 0.038889
0 6484 0.412760 0.641667 0.067187 0.042593
0 6485 0.629427 0.575926 0.064062 0.040741
0 6486 0.617448 0.602778 0.059896 0.040741
0 6487 0.580208 0.632407 0.058333 0.040741
0 6488 0.478125 0.646759 0.058333 0.039815
