0 8553 0.418229 0.643056 0.075000 0.043519
0 8554 0.852344 0.527778 0.077604 0.042593
0 8555 0.159115 0.660648 0.076563 0.041667
0 8556 0.417969 0.717593 0.077604 0.044444
0 8557 0.633594 0.636574 0.077604 0.041667
0 8558 0.515365 0.686111 0.072396 0.040741
0 8559 0.286458 0.662500 0.072917 0.043519
0 8560 0.590885 0.689815 0.075521 0.042593
0 8561 0.747656 0.573611 0.077604 0.041667
0 8562 0.668490 0.563426 0.076563 0.043519
0 8563 0.598698 0.579630 0.075521 0.042593
0 8564 0.476302 0.603241 0.072396 0.041667
