0 7749 0.458073 0.575463 0.092188 0.052778
0 7750 0.968229 0.467130 0.062500 0.054630
0 7751 0.153906 0.575000 0.094271 0.053704
0 7752 0.413802 0.643519 0.098437 0.055556
0 7753 0.709635 0.571296 0.095312 0.055556
0 7754 0.544531 0.597685 0.089063 0.052778
0 7755 0.320573 0.575463 0.091146 0.056481
0 7756 0.624740 0.592593 0.095312 0.055556
0 7757 0.859635 0.493981 0.099479 0.054630
0 7758 0.777083 0.483333 0.094792 0.053704
0 7759 0.687240 0.504167 0.092188 0.054630
0 7760 0.533594 0.525926 0.092188 0.051852
