0 8241 0.371615 0.621296 0.084896 0.048148
0 8242 0.835417 0.523611 0.086458 0.045370
0 8243 0.092188 0.642130 0.080208 0.045370
0 8244 0.353646 0.712963 0.083333 0.048148
0 8245 0.596354 0.634722 0.084375 0.045370
0 8246 0.460677 0.671296 0.078646 0.044444
0 8247 0.228385 0.636574 0.080729 0.049074
0 8248 0.535677 0.667130 0.083854 0.045370
0 8249 0.721875 0.562037 0.086458 0.044444
0 8250 0.640104 0.559722 0.082292 0.043519
0 8251 0.563542 0.575000 0.078125 0.046296
0 8252 0.429167 0.586111 0.079167 0.046296
