0 8541 0.418490 0.639352 0.075521 0.043519
0 8542 0.854688 0.522222 0.078125 0.042593
0 8543 0.159896 0.656019 0.077083 0.041667
0 8544 0.417969 0.712963 0.077604 0.044444
0 8545 0.635417 0.631944 0.078125 0.041667
0 8546 0.516146 0.682407 0.072917 0.040741
0 8547 0.287240 0.657870 0.073438 0.043519
0 8548 0.592187 0.684722 0.076042 0.043519
0 8549 0.750000 0.568056 0.078125 0.041667
0 8550 0.670833 0.557870 0.077083 0.043519
0 8551 0.600260 0.575000 0.075521 0.042593
0 8552 0.476562 0.600463 0.072917 0.041667
