0 7605 0.428646 0.626389 0.094792 0.056481
0 7606 0.952344 0.524537 0.094271 0.056481
0 7607 0.114323 0.628704 0.094271 0.053704
0 7608 0.366406 0.700000 0.097396 0.055556
0 7609 0.671875 0.622222 0.096875 0.055556
0 7610 0.502604 0.649074 0.089583 0.053704
0 7611 0.286979 0.628704 0.090625 0.057407
0 7612 0.579167 0.647222 0.097917 0.055556
0 7613 0.829427 0.554167 0.099479 0.054630
0 7614 0.750000 0.545370 0.094792 0.053704
0 7615 0.661719 0.559259 0.092188 0.055556
0 7616 0.498698 0.586111 0.093229 0.053704
