0 8613 0.408854 0.673611 0.072917 0.041667
0 8614 0.841146 0.558796 0.076042 0.041667
0 8615 0.155469 0.688426 0.075521 0.041667
0 8616 0.413802 0.746296 0.077604 0.044444
0 8617 0.625000 0.661111 0.075000 0.040741
0 8618 0.508073 0.715278 0.071354 0.039815
0 8619 0.281510 0.688426 0.070312 0.043519
0 8620 0.585156 0.718519 0.073438 0.040741
0 8621 0.737500 0.600000 0.075000 0.040741
0 8622 0.658854 0.589815 0.073958 0.042593
0 8623 0.589844 0.601852 0.074479 0.042593
0 8624 0.468750 0.627315 0.071875 0.039815
