0 8661 0.402083 0.691667 0.072917 0.042593
0 8662 0.830990 0.582407 0.075521 0.040741
0 8663 0.152865 0.701389 0.075521 0.041667
0 8664 0.409115 0.761111 0.076563 0.042593
0 8665 0.619271 0.677315 0.072917 0.039815
0 8666 0.503385 0.731481 0.070312 0.038889
0 8667 0.278385 0.705556 0.068229 0.042593
0 8668 0.579427 0.735185 0.073438 0.040741
0 8669 0.727604 0.618519 0.075000 0.040741
0 8670 0.651823 0.608796 0.072396 0.041667
0 8671 0.581771 0.617593 0.071875 0.042593
0 8672 0.463021 0.641667 0.071875 0.038889
