0 8349 0.378385 0.620370 0.084896 0.048148
0 8350 0.832552 0.516667 0.085938 0.044444
0 8351 0.109375 0.643981 0.080208 0.045370
0 8352 0.368229 0.709259 0.083333 0.048148
0 8353 0.602604 0.630093 0.083333 0.041667
0 8354 0.472135 0.670370 0.078646 0.044444
0 8355 0.239844 0.638426 0.080729 0.049074
0 8356 0.549740 0.670833 0.079687 0.045370
0 8357 0.723437 0.560648 0.083333 0.043519
0 8358 0.640625 0.556944 0.082292 0.043519
0 8359 0.566667 0.572222 0.078125 0.046296
0 8360 0.437500 0.586111 0.079167 0.046296
