0 8013 0.442188 0.608333 0.087500 0.050000
0 8014 0.934635 0.516667 0.090104 0.048148
0 8015 0.153646 0.622685 0.087500 0.049074
0 8016 0.411979 0.694907 0.089583 0.050926
0 8017 0.679167 0.622222 0.088542 0.048148
0 8018 0.529687 0.655093 0.082292 0.047222
0 8019 0.299479 0.618056 0.085417 0.050926
0 8020 0.608073 0.642130 0.084896 0.052778
0 8021 0.815625 0.545370 0.089583 0.046296
0 8022 0.730990 0.541204 0.089063 0.047222
0 8023 0.650000 0.559259 0.083333 0.051852
0 8024 0.506771 0.564352 0.079167 0.047222
