0 7785 0.463021 0.573611 0.091667 0.052778
0 7786 0.967708 0.465278 0.063542 0.052778
0 7787 0.159896 0.569444 0.093750 0.053704
0 7788 0.418229 0.640741 0.096875 0.055556
0 7789 0.712240 0.568981 0.094271 0.054630
0 7790 0.548438 0.595370 0.087500 0.051852
0 7791 0.325000 0.571296 0.089583 0.055556
0 7792 0.627865 0.588426 0.093229 0.054630
0 7793 0.860156 0.490741 0.098437 0.053704
0 7794 0.776302 0.483333 0.094271 0.053704
0 7795 0.688542 0.500000 0.091667 0.053704
0 7796 0.535937 0.519907 0.091667 0.050926
