0 8709 0.402865 0.699074 0.072396 0.042593
0 8710 0.826302 0.595833 0.075521 0.039815
0 8711 0.154167 0.704167 0.073958 0.041667
0 8712 0.411719 0.768056 0.075521 0.041667
0 8713 0.617969 0.682870 0.072396 0.039815
0 8714 0.503646 0.738426 0.069792 0.037963
0 8715 0.280469 0.713426 0.066146 0.041667
0 8716 0.580990 0.742593 0.073438 0.040741
0 8717 0.724479 0.626389 0.073958 0.039815
0 8718 0.650260 0.615741 0.071354 0.040741
0 8719 0.579948 0.625000 0.069271 0.042593
0 8720 0.463542 0.645370 0.071875 0.038889
