0 8769 0.416406 0.703704 0.072396 0.042593
0 8770 0.836458 0.602315 0.075000 0.036111
0 8771 0.172656 0.710648 0.072396 0.039815
0 8772 0.426302 0.773611 0.075521 0.041667
0 8773 0.629427 0.685648 0.072396 0.039815
0 8774 0.517708 0.741204 0.069792 0.037963
0 8775 0.295573 0.717130 0.064062 0.039815
0 8776 0.593490 0.747222 0.073438 0.040741
0 8777 0.735417 0.629630 0.072917 0.038889
0 8778 0.660937 0.618519 0.068750 0.038889
0 8779 0.594010 0.625000 0.069271 0.042593
0 8780 0.476562 0.646296 0.071875 0.038889
