0 8421 0.403646 0.622685 0.082292 0.047222
0 8422 0.851823 0.512963 0.082812 0.044444
0 8423 0.138802 0.643981 0.079687 0.043519
0 8424 0.399740 0.704630 0.080729 0.046296
0 8425 0.625521 0.624537 0.081250 0.037963
0 8426 0.498698 0.669907 0.077604 0.043519
0 8427 0.268229 0.638889 0.080208 0.048148
0 8428 0.575260 0.668981 0.078646 0.045370
0 8429 0.744271 0.558333 0.081250 0.042593
0 8430 0.661198 0.551389 0.081771 0.043519
0 8431 0.589583 0.566667 0.078125 0.046296
0 8432 0.463542 0.586111 0.079167 0.046296
