0 8757 0.413281 0.702778 0.072396 0.042593
0 8758 0.834375 0.600463 0.075000 0.036111
0 8759 0.168490 0.709259 0.072396 0.040741
0 8760 0.423177 0.772685 0.075521 0.041667
0 8761 0.626823 0.684722 0.072396 0.039815
0 8762 0.514583 0.740278 0.069792 0.037963
0 8763 0.292708 0.716204 0.064583 0.039815
0 8764 0.590365 0.746296 0.073438 0.040741
0 8765 0.733333 0.629630 0.072917 0.038889
0 8766 0.658073 0.618056 0.069271 0.039815
0 8767 0.590885 0.625000 0.069271 0.042593
0 8768 0.473958 0.645370 0.071875 0.038889
