0 8601 0.410417 0.668981 0.072917 0.041667
0 8602 0.843750 0.552315 0.076042 0.041667
0 8603 0.156510 0.685648 0.075521 0.041667
0 8604 0.414844 0.739815 0.077604 0.044444
0 8605 0.626823 0.655556 0.075521 0.040741
0 8606 0.509635 0.708796 0.071354 0.039815
0 8607 0.282292 0.682870 0.070833 0.043519
0 8608 0.586719 0.713889 0.073438 0.040741
0 8609 0.739844 0.595370 0.075521 0.040741
0 8610 0.660677 0.584259 0.074479 0.042593
0 8611 0.592448 0.598148 0.075521 0.042593
0 8612 0.470313 0.622685 0.071875 0.039815
