0 7701 0.444792 0.589352 0.094792 0.054630
0 7702 0.963802 0.481019 0.071354 0.056481
0 7703 0.139323 0.589815 0.094271 0.053704
0 7704 0.396094 0.662037 0.098437 0.055556
0 7705 0.699740 0.582407 0.097396 0.055556
0 7706 0.532292 0.611111 0.089583 0.053704
0 7707 0.308854 0.590741 0.091667 0.057407
0 7708 0.609896 0.607407 0.096875 0.055556
0 7709 0.853906 0.507870 0.099479 0.054630
0 7710 0.767708 0.501852 0.094792 0.053704
0 7711 0.680990 0.517593 0.093229 0.055556
0 7712 0.521875 0.542593 0.092708 0.051852
