0 8061 0.427344 0.613426 0.085938 0.049074
0 8062 0.914323 0.520370 0.090104 0.048148
0 8063 0.141146 0.626852 0.084375 0.048148
0 8064 0.399740 0.700463 0.086979 0.049074
0 8065 0.663021 0.626852 0.087500 0.046296
0 8066 0.515365 0.659259 0.081771 0.046296
0 8067 0.283854 0.624074 0.085417 0.050000
0 8068 0.593490 0.650000 0.083854 0.050000
0 8069 0.796354 0.551852 0.087500 0.046296
0 8070 0.711719 0.549074 0.088021 0.046296
0 8071 0.632031 0.564815 0.081771 0.051852
0 8072 0.489063 0.568056 0.079167 0.047222
