0 8517 0.419531 0.631481 0.076563 0.044444
0 8518 0.857292 0.516204 0.079167 0.043519
0 8519 0.159375 0.650463 0.078125 0.041667
0 8520 0.417969 0.708333 0.077604 0.044444
0 8521 0.637500 0.625463 0.079167 0.041667
0 8522 0.517448 0.676389 0.073438 0.041667
0 8523 0.287240 0.650926 0.075521 0.044444
0 8524 0.592187 0.678704 0.077083 0.044444
0 8525 0.752604 0.561574 0.079167 0.041667
0 8526 0.671094 0.552315 0.077604 0.043519
0 8527 0.602344 0.568519 0.075521 0.042593
0 8528 0.477083 0.596296 0.073958 0.042593
