0 8673 0.400260 0.694444 0.072396 0.042593
0 8674 0.828385 0.586574 0.075521 0.039815
0 8675 0.152344 0.705093 0.075521 0.041667
0 8676 0.407813 0.764815 0.076042 0.042593
0 8677 0.617448 0.681019 0.072396 0.039815
0 8678 0.502083 0.734722 0.069792 0.037963
0 8679 0.278125 0.708333 0.067708 0.042593
0 8680 0.577865 0.739815 0.073438 0.040741
0 8681 0.726042 0.622222 0.075000 0.040741
0 8682 0.650260 0.611574 0.072396 0.041667
0 8683 0.579948 0.621296 0.071354 0.042593
0 8684 0.461979 0.645370 0.071875 0.038889
