0 7629 0.430990 0.615278 0.095312 0.056481
0 7630 0.955208 0.513426 0.088542 0.056481
0 7631 0.117448 0.617593 0.094271 0.053704
0 7632 0.369531 0.688889 0.098437 0.055556
0 7633 0.677865 0.612037 0.097396 0.055556
0 7634 0.507292 0.638889 0.089583 0.053704
0 7635 0.287760 0.617593 0.091146 0.057407
0 7636 0.584375 0.637037 0.097917 0.055556
0 7637 0.833594 0.542130 0.099479 0.054630
0 7638 0.754167 0.532407 0.094792 0.053704
0 7639 0.663281 0.549074 0.093229 0.055556
0 7640 0.500781 0.575000 0.093229 0.053704
