0 7965 0.453385 0.600463 0.089063 0.050926
0 7966 0.952865 0.507407 0.086979 0.048148
0 7967 0.160677 0.608796 0.088021 0.050926
0 7968 0.421354 0.682407 0.090625 0.051852
0 7969 0.694010 0.614352 0.089063 0.049074
0 7970 0.541146 0.640741 0.083333 0.048148
0 7971 0.312500 0.609259 0.087500 0.051852
0 7972 0.620313 0.632870 0.086458 0.052778
0 7973 0.832552 0.535648 0.091146 0.047222
0 7974 0.748437 0.531019 0.090625 0.049074
0 7975 0.666406 0.550000 0.084896 0.051852
0 7976 0.519271 0.553704 0.082292 0.048148
