0 8733 0.407031 0.700926 0.072396 0.042593
0 8734 0.830208 0.597685 0.075000 0.037963
0 8735 0.161198 0.706481 0.073438 0.040741
0 8736 0.416927 0.770833 0.075521 0.041667
0 8737 0.622135 0.683796 0.072396 0.039815
0 8738 0.508854 0.739352 0.069792 0.037963
0 8739 0.286458 0.714815 0.065625 0.040741
0 8740 0.584635 0.744444 0.073438 0.040741
0 8741 0.728906 0.627778 0.073438 0.038889
0 8742 0.652344 0.616204 0.070312 0.039815
0 8743 0.585156 0.625000 0.069271 0.042593
0 8744 0.468750 0.645370 0.071875 0.038889
