0 7929 0.459115 0.591667 0.090104 0.051852
0 7930 0.959375 0.495370 0.080208 0.048148
0 7931 0.165625 0.598148 0.088542 0.051852
0 7932 0.427865 0.671296 0.091146 0.053704
0 7933 0.702604 0.602778 0.089583 0.050000
0 7934 0.550000 0.631481 0.084375 0.050000
0 7935 0.320573 0.599537 0.090104 0.052778
0 7936 0.628906 0.621759 0.086979 0.052778
0 7937 0.842708 0.523148 0.092708 0.048148
0 7938 0.758073 0.518519 0.091146 0.050000
0 7939 0.675000 0.537037 0.086458 0.051852
0 7940 0.529167 0.542130 0.085417 0.049074
