0 7641 0.432292 0.610648 0.095833 0.056481
0 7642 0.956771 0.507870 0.085417 0.056481
0 7643 0.119010 0.612037 0.094271 0.053704
0 7644 0.374219 0.685185 0.098437 0.055556
0 7645 0.681510 0.606481 0.097396 0.055556
0 7646 0.510938 0.633333 0.089583 0.053704
0 7647 0.291406 0.612963 0.091146 0.057407
0 7648 0.586979 0.631481 0.097917 0.055556
0 7649 0.836719 0.535648 0.099479 0.054630
0 7650 0.756250 0.526852 0.094792 0.053704
0 7651 0.665885 0.543519 0.093229 0.055556
0 7652 0.503385 0.568981 0.093229 0.052778
