0 7977 0.451562 0.603241 0.088542 0.050926
0 7978 0.948958 0.511111 0.089583 0.048148
0 7979 0.158594 0.612037 0.088021 0.050000
0 7980 0.419010 0.686111 0.090104 0.051852
0 7981 0.691146 0.618056 0.088542 0.049074
0 7982 0.538542 0.644444 0.083333 0.048148
0 7983 0.309896 0.612963 0.086458 0.051852
0 7984 0.618490 0.637500 0.085938 0.052778
0 7985 0.828906 0.539352 0.091146 0.047222
0 7986 0.745052 0.535648 0.090104 0.049074
0 7987 0.663542 0.554630 0.084375 0.051852
0 7988 0.516146 0.557407 0.081250 0.048148
