0 8229 0.374219 0.621296 0.084896 0.048148
0 8230 0.839323 0.523611 0.086979 0.045370
0 8231 0.092969 0.641204 0.079687 0.045370
0 8232 0.354687 0.712963 0.083333 0.048148
0 8233 0.600000 0.634722 0.084375 0.045370
0 8234 0.462760 0.672222 0.078646 0.044444
0 8235 0.229948 0.636574 0.080729 0.049074
0 8236 0.538281 0.666204 0.083854 0.045370
0 8237 0.725000 0.562037 0.086458 0.044444
0 8238 0.643750 0.559722 0.082292 0.043519
0 8239 0.567187 0.575000 0.078125 0.046296
0 8240 0.430729 0.586111 0.079167 0.046296
