0 7857 0.467187 0.576389 0.091667 0.052778
0 7858 0.964844 0.474074 0.069271 0.050000
0 7859 0.168229 0.579167 0.090625 0.052778
0 7860 0.427083 0.650926 0.093750 0.055556
0 7861 0.712760 0.579630 0.091146 0.051852
0 7862 0.554167 0.607407 0.085417 0.050000
0 7863 0.328385 0.579630 0.085938 0.053704
0 7864 0.632552 0.600000 0.089063 0.053704
0 7865 0.854948 0.501389 0.095312 0.050926
0 7866 0.772135 0.493519 0.093229 0.051852
0 7867 0.686719 0.512037 0.090104 0.051852
0 7868 0.535156 0.523611 0.090104 0.050926
