0 8289 0.365885 0.619444 0.084896 0.048148
0 8290 0.827083 0.520833 0.086458 0.045370
0 8291 0.093229 0.643981 0.080208 0.045370
0 8292 0.355208 0.710185 0.083333 0.048148
0 8293 0.592187 0.631944 0.084375 0.043519
0 8294 0.458073 0.670370 0.078646 0.044444
0 8295 0.227865 0.637500 0.080729 0.049074
0 8296 0.534896 0.668981 0.082292 0.045370
0 8297 0.715365 0.561574 0.085938 0.043519
0 8298 0.633333 0.558796 0.082292 0.043519
0 8299 0.561458 0.575000 0.078125 0.046296
0 8300 0.426563 0.586111 0.079167 0.046296
