0 8481 0.420052 0.623611 0.078646 0.045370
0 8482 0.859115 0.512500 0.080729 0.043519
0 8483 0.155729 0.645833 0.079167 0.041667
0 8484 0.415625 0.703704 0.078125 0.044444
0 8485 0.636979 0.624074 0.080208 0.040741
0 8486 0.513021 0.671759 0.075000 0.041667
0 8487 0.283333 0.645370 0.079167 0.046296
0 8488 0.591927 0.670833 0.078646 0.045370
0 8489 0.754167 0.557407 0.081250 0.042593
0 8490 0.671875 0.549537 0.079167 0.043519
0 8491 0.603385 0.565741 0.076563 0.044444
0 8492 0.478646 0.589815 0.076042 0.044444
