0 8373 0.388802 0.621296 0.084896 0.048148
0 8374 0.838802 0.514815 0.084896 0.044444
0 8375 0.120313 0.643981 0.080208 0.045370
0 8376 0.378385 0.707870 0.082812 0.047222
0 8377 0.610677 0.628704 0.082812 0.040741
0 8378 0.480990 0.670370 0.078646 0.044444
0 8379 0.251823 0.638426 0.080729 0.049074
0 8380 0.559115 0.670833 0.078646 0.045370
0 8381 0.730729 0.560185 0.082292 0.042593
0 8382 0.647917 0.555093 0.082292 0.043519
0 8383 0.573958 0.570370 0.078125 0.046296
0 8384 0.445833 0.586111 0.079167 0.046296
