0 8721 0.403906 0.700000 0.072396 0.042593
0 8722 0.828125 0.596296 0.075000 0.038889
0 8723 0.157812 0.705556 0.073958 0.040741
0 8724 0.413802 0.768981 0.075521 0.041667
0 8725 0.619531 0.682870 0.072396 0.039815
0 8726 0.505729 0.738426 0.069792 0.037963
0 8727 0.283594 0.713889 0.066146 0.040741
0 8728 0.582031 0.743519 0.073438 0.040741
0 8729 0.726562 0.627315 0.073958 0.039815
0 8730 0.651563 0.615741 0.070833 0.040741
0 8731 0.582552 0.625000 0.069271 0.042593
0 8732 0.466146 0.645370 0.071875 0.038889
