0 8145 0.399219 0.619444 0.084896 0.048148
0 8146 0.874219 0.524537 0.089063 0.047222
0 8147 0.117708 0.636574 0.080208 0.045370
0 8148 0.377604 0.709259 0.083333 0.048148
0 8149 0.630208 0.631481 0.085417 0.046296
0 8150 0.487240 0.667593 0.078646 0.044444
0 8151 0.255990 0.632870 0.083854 0.049074
0 8152 0.565104 0.660648 0.082292 0.047222
0 8153 0.759896 0.558333 0.086458 0.044444
0 8154 0.676302 0.557407 0.084896 0.044444
0 8155 0.597917 0.571296 0.079167 0.048148
0 8156 0.459896 0.579630 0.079167 0.046296
