0 7677 0.438021 0.596296 0.095833 0.055556
0 7678 0.960938 0.491204 0.077083 0.056481
0 7679 0.129948 0.598148 0.094271 0.053704
0 7680 0.387240 0.671296 0.098437 0.055556
0 7681 0.692187 0.590741 0.097917 0.055556
0 7682 0.523438 0.619444 0.089583 0.053704
0 7683 0.301823 0.600000 0.091146 0.057407
0 7684 0.600781 0.617593 0.097396 0.055556
0 7685 0.847135 0.518056 0.099479 0.054630
0 7686 0.763021 0.511111 0.094792 0.053704
0 7687 0.675260 0.527778 0.093229 0.055556
0 7688 0.515885 0.552315 0.093229 0.052778
