0 7593 0.427604 0.631019 0.094792 0.056481
0 7594 0.951042 0.530093 0.096875 0.056481
0 7595 0.112760 0.633333 0.094271 0.053704
0 7596 0.365104 0.704630 0.096875 0.055556
0 7597 0.670312 0.626852 0.096875 0.055556
0 7598 0.501563 0.653704 0.089583 0.053704
0 7599 0.287500 0.633796 0.090625 0.056481
0 7600 0.576562 0.651852 0.097917 0.055556
0 7601 0.827865 0.560648 0.099479 0.054630
0 7602 0.748437 0.551852 0.094792 0.053704
0 7603 0.660937 0.564815 0.091667 0.055556
0 7604 0.498177 0.591667 0.093229 0.053704
