0 7821 0.465104 0.574537 0.091667 0.052778
0 7822 0.967708 0.464815 0.064583 0.051852
0 7823 0.164844 0.572222 0.092188 0.053704
0 7824 0.422656 0.644444 0.095312 0.055556
0 7825 0.714063 0.569444 0.092708 0.053704
0 7826 0.552083 0.597685 0.086458 0.050926
0 7827 0.327083 0.573611 0.087500 0.054630
0 7828 0.630469 0.592593 0.091146 0.053704
0 7829 0.858854 0.492593 0.096875 0.051852
0 7830 0.775521 0.483796 0.093750 0.052778
0 7831 0.687500 0.506019 0.090625 0.052778
0 7832 0.535937 0.518056 0.090625 0.050926
