0 8625 0.407292 0.678241 0.072917 0.041667
0 8626 0.838542 0.565278 0.076042 0.041667
0 8627 0.154948 0.692130 0.075521 0.041667
0 8628 0.412500 0.749537 0.077083 0.043519
0 8629 0.623698 0.665741 0.074479 0.040741
0 8630 0.506771 0.720370 0.070833 0.038889
0 8631 0.280729 0.693056 0.069792 0.043519
0 8632 0.583594 0.722222 0.073438 0.040741
0 8633 0.735417 0.604630 0.075000 0.040741
0 8634 0.657031 0.595370 0.073438 0.042593
0 8635 0.588021 0.606481 0.073958 0.042593
0 8636 0.467187 0.632870 0.071875 0.039815
