0 7653 0.433594 0.605093 0.096354 0.056481
0 7654 0.958073 0.502315 0.082812 0.056481
0 7655 0.120573 0.607407 0.094271 0.053704
0 7656 0.378385 0.680556 0.098437 0.055556
0 7657 0.685417 0.600926 0.097917 0.055556
0 7658 0.514583 0.628704 0.089583 0.053704
0 7659 0.295052 0.608333 0.091146 0.057407
0 7660 0.591667 0.626852 0.097917 0.055556
0 7661 0.839844 0.529167 0.099479 0.054630
0 7662 0.758333 0.520370 0.094792 0.053704
0 7663 0.669010 0.537963 0.093229 0.055556
0 7664 0.507552 0.563426 0.093229 0.052778
