0 7917 0.460938 0.588889 0.090625 0.051852
0 7918 0.960938 0.491667 0.078125 0.048148
0 7919 0.167448 0.594444 0.089063 0.051852
0 7920 0.428646 0.666667 0.091667 0.053704
0 7921 0.705729 0.598148 0.089583 0.050000
0 7922 0.550521 0.626852 0.084375 0.050000
0 7923 0.322135 0.595833 0.089063 0.052778
0 7924 0.629687 0.618056 0.087500 0.052778
0 7925 0.846615 0.519444 0.093229 0.048148
0 7926 0.761458 0.514352 0.091667 0.050926
0 7927 0.677865 0.533333 0.086979 0.051852
0 7928 0.530208 0.538889 0.086458 0.050000
