0 8169 0.390365 0.620370 0.084896 0.048148
0 8170 0.863021 0.524074 0.088542 0.046296
0 8171 0.110937 0.638426 0.080208 0.045370
0 8172 0.370312 0.710185 0.083333 0.048148
0 8173 0.620833 0.633333 0.084375 0.046296
0 8174 0.479427 0.669444 0.078646 0.044444
0 8175 0.248177 0.633796 0.082812 0.049074
0 8176 0.557031 0.662037 0.082812 0.046296
0 8177 0.748958 0.560185 0.086458 0.044444
0 8178 0.665885 0.558333 0.083854 0.044444
0 8179 0.587760 0.572685 0.078646 0.047222
0 8180 0.450521 0.581481 0.079167 0.046296
