0 7713 0.448177 0.585648 0.094271 0.054630
0 7714 0.965365 0.476852 0.068229 0.055556
0 7715 0.144010 0.585185 0.094271 0.053704
0 7716 0.400781 0.657407 0.098437 0.055556
0 7717 0.703646 0.579630 0.096875 0.055556
0 7718 0.536979 0.607407 0.089583 0.053704
0 7719 0.312500 0.586111 0.091667 0.057407
0 7720 0.614323 0.602778 0.096354 0.055556
0 7721 0.856510 0.502315 0.099479 0.054630
0 7722 0.769792 0.497222 0.094792 0.053704
0 7723 0.684115 0.512037 0.093229 0.055556
0 7724 0.525000 0.538889 0.092708 0.051852
