0 8325 0.373698 0.621296 0.084896 0.048148
0 8326 0.829167 0.518981 0.086458 0.045370
0 8327 0.101562 0.644907 0.080208 0.045370
0 8328 0.360938 0.710185 0.083333 0.048148
0 8329 0.596615 0.631481 0.083854 0.042593
0 8330 0.466406 0.670370 0.078646 0.044444
0 8331 0.234635 0.638426 0.080729 0.049074
0 8332 0.542448 0.669907 0.080729 0.045370
0 8333 0.718229 0.562500 0.084375 0.043519
0 8334 0.636458 0.557870 0.082292 0.043519
0 8335 0.564063 0.574074 0.078125 0.046296
0 8336 0.431250 0.586111 0.079167 0.046296
