0 8589 0.412240 0.662500 0.073438 0.041667
0 8590 0.846615 0.546296 0.076563 0.042593
0 8591 0.157031 0.679167 0.075521 0.041667
0 8592 0.415885 0.733333 0.077604 0.044444
0 8593 0.628125 0.650926 0.076042 0.040741
0 8594 0.510938 0.703241 0.071875 0.039815
0 8595 0.283594 0.678241 0.071354 0.043519
0 8596 0.587500 0.707870 0.073958 0.041667
0 8597 0.741667 0.589815 0.076042 0.040741
0 8598 0.663021 0.578704 0.075000 0.042593
0 8599 0.594010 0.593519 0.075521 0.042593
0 8600 0.471354 0.617593 0.071875 0.040741
