0 8433 0.407552 0.622685 0.081771 0.047222
0 8434 0.855208 0.512037 0.082292 0.044444
0 8435 0.144010 0.643981 0.079687 0.043519
0 8436 0.404687 0.703241 0.080208 0.045370
0 8437 0.628125 0.625000 0.081250 0.038889
0 8438 0.502604 0.669907 0.077083 0.043519
0 8439 0.272917 0.639352 0.080208 0.047222
0 8440 0.579427 0.668981 0.078646 0.045370
0 8441 0.746354 0.558333 0.081250 0.042593
0 8442 0.664062 0.550463 0.081250 0.043519
0 8443 0.593229 0.565741 0.078125 0.046296
0 8444 0.468229 0.586111 0.079167 0.046296
