0 8361 0.383594 0.621296 0.084896 0.048148
0 8362 0.835938 0.515741 0.085417 0.044444
0 8363 0.114583 0.643981 0.080208 0.045370
0 8364 0.372917 0.708333 0.083333 0.048148
0 8365 0.607031 0.629630 0.082812 0.040741
0 8366 0.476823 0.670370 0.078646 0.044444
0 8367 0.247656 0.638426 0.080729 0.049074
0 8368 0.554167 0.670833 0.079167 0.045370
0 8369 0.726823 0.560185 0.082812 0.042593
0 8370 0.644271 0.556019 0.082292 0.043519
0 8371 0.570312 0.571296 0.078125 0.046296
0 8372 0.441667 0.586111 0.079167 0.046296
