0 7761 0.461458 0.571759 0.091667 0.052778
0 7762 0.967969 0.465741 0.063021 0.053704
0 7763 0.155990 0.572222 0.094271 0.053704
0 7764 0.415625 0.642593 0.097917 0.055556
0 7765 0.710938 0.568519 0.094792 0.055556
0 7766 0.545833 0.596759 0.088542 0.052778
0 7767 0.322396 0.574537 0.090625 0.056481
0 7768 0.626042 0.591667 0.094792 0.055556
0 7769 0.860156 0.491204 0.099479 0.054630
0 7770 0.776563 0.483333 0.094792 0.053704
0 7771 0.687760 0.501852 0.092188 0.053704
0 7772 0.535156 0.524074 0.092188 0.051852
