0 8457 0.415104 0.623148 0.080208 0.046296
0 8458 0.860156 0.511111 0.081771 0.044444
0 8459 0.151302 0.644444 0.079687 0.042593
0 8460 0.410417 0.703241 0.079167 0.045370
0 8461 0.633594 0.624537 0.080729 0.039815
0 8462 0.510417 0.669444 0.076042 0.042593
0 8463 0.279427 0.642130 0.079687 0.047222
0 8464 0.586198 0.668981 0.078646 0.045370
0 8465 0.750521 0.558333 0.081250 0.042593
0 8466 0.669271 0.549537 0.080208 0.043519
0 8467 0.600260 0.566204 0.077604 0.045370
0 8468 0.473177 0.587500 0.077604 0.045370
