0 7797 0.463542 0.573611 0.091667 0.052778
0 7798 0.967448 0.465278 0.064062 0.052778
0 7799 0.161719 0.570370 0.093229 0.053704
0 7800 0.419531 0.639815 0.096354 0.055556
0 7801 0.713021 0.568981 0.093750 0.054630
0 7802 0.549740 0.595370 0.086979 0.051852
0 7803 0.326302 0.570370 0.089063 0.055556
0 7804 0.629167 0.587500 0.092708 0.054630
0 7805 0.859896 0.490278 0.097917 0.052778
0 7806 0.776302 0.483796 0.094271 0.052778
0 7807 0.688281 0.501389 0.091146 0.052778
0 7808 0.536198 0.518056 0.091146 0.050926
