0 8037 0.435156 0.611111 0.086979 0.050000
0 8038 0.924219 0.518519 0.090104 0.048148
0 8039 0.147135 0.624537 0.085938 0.049074
0 8040 0.405469 0.698148 0.088021 0.050000
0 8041 0.671094 0.624537 0.088021 0.047222
0 8042 0.522135 0.656481 0.081771 0.046296
0 8043 0.291667 0.620370 0.085417 0.050000
0 8044 0.601042 0.645833 0.084375 0.050926
0 8045 0.806250 0.548148 0.088542 0.046296
0 8046 0.721354 0.545833 0.088542 0.047222
0 8047 0.640625 0.562037 0.082292 0.051852
0 8048 0.497917 0.566204 0.079167 0.047222
