0 7989 0.449740 0.606019 0.088021 0.050926
0 7990 0.943750 0.512963 0.089583 0.048148
0 7991 0.156771 0.615741 0.087500 0.050000
0 7992 0.416927 0.688426 0.090104 0.050926
0 7993 0.687500 0.618981 0.088542 0.049074
0 7994 0.535156 0.648148 0.082812 0.048148
0 7995 0.306771 0.615741 0.085417 0.051852
0 7996 0.615365 0.638426 0.085938 0.052778
0 7997 0.825000 0.541667 0.090625 0.046296
0 7998 0.740625 0.537963 0.089583 0.048148
0 7999 0.658594 0.555556 0.083854 0.051852
0 8000 0.513542 0.559259 0.080208 0.048148
