0 7689 0.441406 0.592593 0.095312 0.055556
0 7690 0.962760 0.486111 0.074479 0.057407
0 7691 0.134635 0.593519 0.094271 0.053704
0 7692 0.391927 0.666667 0.098437 0.055556
0 7693 0.695833 0.585185 0.097917 0.055556
0 7694 0.528125 0.615741 0.089583 0.053704
0 7695 0.305729 0.595370 0.091667 0.057407
0 7696 0.605208 0.612963 0.096875 0.055556
0 7697 0.850260 0.513426 0.099479 0.054630
0 7698 0.765104 0.506481 0.094792 0.053704
0 7699 0.677865 0.522222 0.093229 0.055556
0 7700 0.518750 0.547222 0.092708 0.051852
