0 7893 0.464323 0.582407 0.091146 0.051852
0 7894 0.962240 0.484722 0.074479 0.049074
0 7895 0.170313 0.588889 0.089583 0.051852
0 7896 0.429427 0.658796 0.092188 0.054630
0 7897 0.710938 0.590741 0.089583 0.050000
0 7898 0.551823 0.619444 0.084896 0.050000
0 7899 0.325260 0.588426 0.086979 0.052778
0 7900 0.631510 0.609722 0.088021 0.052778
0 7901 0.850781 0.511574 0.094271 0.049074
0 7902 0.767969 0.505093 0.092188 0.050926
0 7903 0.684115 0.524074 0.088021 0.051852
0 7904 0.532813 0.531481 0.088542 0.050000
