0 8157 0.395052 0.620370 0.084896 0.048148
0 8158 0.869010 0.524537 0.089063 0.047222
0 8159 0.114062 0.637500 0.080208 0.045370
0 8160 0.373958 0.710185 0.083333 0.048148
0 8161 0.625781 0.632407 0.084896 0.046296
0 8162 0.483594 0.669444 0.078646 0.044444
0 8163 0.252083 0.632870 0.083333 0.049074
0 8164 0.560937 0.661574 0.082292 0.047222
0 8165 0.754167 0.559259 0.086458 0.044444
0 8166 0.670833 0.558333 0.084375 0.044444
0 8167 0.593229 0.572222 0.079167 0.048148
0 8168 0.455208 0.580556 0.079167 0.046296
