0 8385 0.392708 0.622222 0.084375 0.048148
0 8386 0.842187 0.514815 0.084375 0.044444
0 8387 0.124740 0.643981 0.079687 0.045370
0 8388 0.383854 0.706944 0.082292 0.047222
0 8389 0.614583 0.627315 0.082292 0.039815
0 8390 0.485677 0.670370 0.078646 0.044444
0 8391 0.255469 0.637500 0.080729 0.049074
0 8392 0.563281 0.670833 0.078646 0.045370
0 8393 0.734115 0.560185 0.081771 0.042593
0 8394 0.652083 0.554167 0.082292 0.043519
0 8395 0.578125 0.569444 0.078125 0.046296
0 8396 0.450521 0.586111 0.079167 0.046296
