0 8409 0.400260 0.621759 0.082812 0.047222
0 8410 0.848958 0.512963 0.083333 0.044444
0 8411 0.134115 0.644444 0.079687 0.044444
0 8412 0.394271 0.704630 0.081250 0.046296
0 8413 0.622135 0.625926 0.081771 0.038889
0 8414 0.495052 0.670370 0.078646 0.044444
0 8415 0.264323 0.637963 0.080729 0.048148
0 8416 0.571094 0.669907 0.078646 0.045370
0 8417 0.741667 0.559259 0.081250 0.042593
0 8418 0.658073 0.552315 0.081771 0.043519
0 8419 0.585417 0.567593 0.078125 0.046296
0 8420 0.459375 0.586111 0.079167 0.046296
