0 8301 0.368490 0.620370 0.084896 0.048148
0 8302 0.827604 0.519907 0.086458 0.045370
0 8303 0.095833 0.643981 0.080208 0.045370
0 8304 0.357292 0.710185 0.083333 0.048148
0 8305 0.593750 0.631944 0.084375 0.043519
0 8306 0.461198 0.670370 0.078646 0.044444
0 8307 0.229948 0.638426 0.080729 0.049074
0 8308 0.537240 0.668981 0.081771 0.045370
0 8309 0.716667 0.561574 0.085417 0.043519
0 8310 0.633854 0.558796 0.082292 0.043519
0 8311 0.561979 0.575000 0.078125 0.046296
0 8312 0.428646 0.586111 0.079167 0.046296
