0 8445 0.411198 0.622222 0.080729 0.046296
0 8446 0.858594 0.511111 0.081771 0.044444
0 8447 0.147656 0.644444 0.079687 0.042593
0 8448 0.407552 0.703241 0.079687 0.045370
0 8449 0.630990 0.624074 0.080729 0.038889
0 8450 0.506510 0.669444 0.076563 0.042593
0 8451 0.277344 0.640278 0.079687 0.047222
0 8452 0.583594 0.668056 0.078646 0.045370
0 8453 0.748437 0.558333 0.081250 0.042593
0 8454 0.666406 0.549537 0.080729 0.043519
0 8455 0.597396 0.565741 0.078125 0.046296
0 8456 0.470313 0.586574 0.078125 0.045370
