0 8097 0.416406 0.616667 0.084896 0.048148
0 8098 0.897656 0.523148 0.090104 0.048148
0 8099 0.131250 0.631944 0.082292 0.047222
0 8100 0.390104 0.704167 0.085417 0.049074
0 8101 0.648958 0.628704 0.086458 0.046296
0 8102 0.503125 0.662500 0.080208 0.045370
0 8103 0.271875 0.629167 0.085417 0.049074
0 8104 0.580990 0.654630 0.082812 0.048148
0 8105 0.781250 0.555093 0.086458 0.045370
0 8106 0.697135 0.555093 0.086979 0.045370
0 8107 0.617969 0.568981 0.080729 0.050926
0 8108 0.477083 0.573148 0.079167 0.046296
