0 8529 0.418750 0.635185 0.076042 0.044444
0 8530 0.857031 0.516667 0.078646 0.042593
0 8531 0.160677 0.652315 0.077604 0.041667
0 8532 0.417969 0.710185 0.077604 0.044444
0 8533 0.637240 0.627315 0.078646 0.041667
0 8534 0.516667 0.678704 0.072917 0.040741
0 8535 0.288021 0.652778 0.073958 0.044444
0 8536 0.591927 0.681019 0.076563 0.043519
0 8537 0.751823 0.563426 0.078646 0.041667
0 8538 0.671354 0.553241 0.077083 0.043519
0 8539 0.602344 0.570370 0.075521 0.042593
0 8540 0.476823 0.598148 0.073438 0.042593
