0 7617 0.429948 0.620833 0.095312 0.056481
0 7618 0.953906 0.518981 0.091146 0.056481
0 7619 0.115885 0.623148 0.094271 0.053704
0 7620 0.368229 0.694444 0.097917 0.055556
0 7621 0.673698 0.617593 0.097396 0.055556
0 7622 0.504167 0.643519 0.089583 0.053704
0 7623 0.287760 0.623148 0.091146 0.057407
0 7624 0.581771 0.641667 0.097917 0.055556
0 7625 0.830990 0.548611 0.099479 0.054630
0 7626 0.752083 0.538889 0.094792 0.053704
0 7627 0.662500 0.553704 0.092708 0.055556
0 7628 0.498177 0.580556 0.093229 0.053704
