0 8205 0.379427 0.621296 0.084896 0.048148
0 8206 0.847396 0.524074 0.087500 0.046296
0 8207 0.099740 0.640278 0.079687 0.045370
0 8208 0.360938 0.712037 0.083333 0.048148
0 8209 0.607812 0.633796 0.084375 0.045370
0 8210 0.468490 0.671296 0.078646 0.044444
0 8211 0.235937 0.636574 0.081250 0.049074
0 8212 0.544792 0.664815 0.083333 0.046296
0 8213 0.733854 0.562037 0.086458 0.044444
0 8214 0.650521 0.560648 0.082292 0.043519
0 8215 0.574479 0.575000 0.078125 0.046296
0 8216 0.438021 0.584259 0.079167 0.046296
