0 8565 0.416406 0.649074 0.074479 0.042593
0 8566 0.850521 0.534259 0.077083 0.042593
0 8567 0.158594 0.667130 0.076563 0.041667
0 8568 0.418490 0.723148 0.077604 0.044444
0 8569 0.631771 0.641204 0.077083 0.041667
0 8570 0.513802 0.691667 0.072396 0.040741
0 8571 0.285156 0.668056 0.072396 0.043519
0 8572 0.590104 0.696296 0.075000 0.042593
0 8573 0.745833 0.578704 0.077083 0.040741
0 8574 0.666667 0.568056 0.076042 0.043519
0 8575 0.597135 0.584259 0.075521 0.042593
0 8576 0.474479 0.607407 0.071875 0.040741
