0 8337 0.376302 0.621296 0.084896 0.048148
0 8338 0.830208 0.518981 0.086458 0.045370
0 8339 0.105208 0.644907 0.080208 0.045370
0 8340 0.364063 0.710185 0.083333 0.048148
0 8341 0.597917 0.630093 0.083333 0.041667
0 8342 0.469010 0.670370 0.078646 0.044444
0 8343 0.237240 0.638426 0.080729 0.049074
0 8344 0.545312 0.670833 0.080208 0.045370
0 8345 0.719531 0.560648 0.083854 0.043519
0 8346 0.637500 0.557870 0.082292 0.043519
0 8347 0.565104 0.573148 0.078125 0.046296
0 8348 0.432812 0.587037 0.079167 0.046296
