0 8397 0.396615 0.621759 0.083854 0.047222
0 8398 0.845573 0.513889 0.083854 0.044444
0 8399 0.129427 0.643519 0.079687 0.044444
0 8400 0.388802 0.705556 0.081771 0.046296
0 8401 0.618229 0.626852 0.082292 0.038889
0 8402 0.490365 0.670370 0.078646 0.044444
0 8403 0.259635 0.636574 0.080729 0.049074
0 8404 0.566927 0.669907 0.078646 0.045370
0 8405 0.738021 0.560185 0.081250 0.042593
0 8406 0.655729 0.553241 0.082292 0.043519
0 8407 0.581771 0.568519 0.078125 0.046296
0 8408 0.454688 0.586111 0.079167 0.046296
