0 8193 0.382031 0.621296 0.084896 0.048148
0 8194 0.851823 0.524074 0.088021 0.046296
0 8195 0.103385 0.639352 0.079687 0.045370
0 8196 0.364063 0.711111 0.083333 0.048148
0 8197 0.611458 0.634259 0.084375 0.046296
0 8198 0.472135 0.671296 0.078646 0.044444
0 8199 0.240365 0.635648 0.081771 0.049074
0 8200 0.548958 0.663889 0.083333 0.046296
0 8201 0.738021 0.561111 0.086458 0.044444
0 8202 0.655469 0.559722 0.082812 0.043519
0 8203 0.578125 0.575000 0.078125 0.046296
0 8204 0.441667 0.583333 0.079167 0.046296
