0 8685 0.401302 0.698148 0.072396 0.042593
0 8686 0.827344 0.589352 0.075521 0.039815
0 8687 0.152604 0.704167 0.075000 0.041667
0 8688 0.407813 0.766667 0.076042 0.042593
0 8689 0.615885 0.682870 0.072396 0.039815
0 8690 0.501563 0.736574 0.069792 0.037963
0 8691 0.277344 0.711574 0.067187 0.041667
0 8692 0.578906 0.740741 0.073438 0.040741
0 8693 0.724479 0.625926 0.075000 0.040741
0 8694 0.648698 0.615278 0.072396 0.041667
0 8695 0.579427 0.622222 0.070312 0.042593
0 8696 0.461458 0.645370 0.071875 0.038889
