0 7869 0.468229 0.576389 0.091667 0.052778
0 7870 0.964323 0.477778 0.071354 0.050000
0 7871 0.168490 0.581944 0.090104 0.052778
0 7872 0.428385 0.652778 0.093229 0.055556
0 7873 0.711979 0.582870 0.090625 0.050926
0 7874 0.552865 0.611111 0.084896 0.050000
0 7875 0.328385 0.581481 0.084896 0.053704
0 7876 0.633854 0.602315 0.088542 0.052778
0 7877 0.853646 0.504630 0.094792 0.050000
0 7878 0.771354 0.497222 0.092708 0.051852
0 7879 0.685677 0.515741 0.089063 0.051852
0 7880 0.534375 0.525463 0.089583 0.050926
