0 8265 0.366406 0.621296 0.084896 0.048148
0 8266 0.828646 0.522685 0.086458 0.045370
0 8267 0.092188 0.643056 0.080208 0.045370
0 8268 0.351042 0.712037 0.083333 0.048148
0 8269 0.594271 0.633333 0.084375 0.044444
0 8270 0.457031 0.670370 0.078646 0.044444
0 8271 0.226302 0.636574 0.080729 0.049074
0 8272 0.533594 0.668056 0.082812 0.045370
0 8273 0.717187 0.562037 0.086458 0.044444
0 8274 0.633854 0.559722 0.082292 0.043519
0 8275 0.560417 0.575000 0.078125 0.046296
0 8276 0.426042 0.586111 0.079167 0.046296
