0 7737 0.454948 0.578704 0.093229 0.053704
0 7738 0.968490 0.468981 0.061979 0.054630
0 7739 0.151302 0.577778 0.094271 0.053704
0 7740 0.409635 0.648148 0.098437 0.055556
0 7741 0.708854 0.574074 0.095833 0.055556
0 7742 0.543750 0.599074 0.089583 0.053704
0 7743 0.319271 0.576852 0.091667 0.057407
0 7744 0.623958 0.593519 0.095833 0.055556
0 7745 0.858594 0.496759 0.099479 0.054630
0 7746 0.774479 0.487963 0.094792 0.053704
0 7747 0.686979 0.505093 0.092708 0.054630
0 7748 0.530990 0.529630 0.092188 0.051852
