0 8577 0.414062 0.656481 0.073958 0.042593
0 8578 0.848177 0.539815 0.076563 0.042593
0 8579 0.157812 0.672685 0.076042 0.041667
0 8580 0.416406 0.726852 0.077604 0.044444
0 8581 0.629948 0.646296 0.076563 0.040741
0 8582 0.512500 0.696759 0.071875 0.039815
0 8583 0.284375 0.672685 0.071875 0.043519
0 8584 0.588802 0.702315 0.074479 0.041667
0 8585 0.744010 0.584259 0.076563 0.040741
0 8586 0.664844 0.573148 0.075521 0.042593
0 8587 0.595573 0.588889 0.075521 0.042593
0 8588 0.472917 0.612963 0.071875 0.040741
