0 8181 0.386198 0.621296 0.084896 0.048148
0 8182 0.857552 0.524074 0.088021 0.046296
0 8183 0.107292 0.638426 0.080208 0.045370
0 8184 0.367188 0.711111 0.083333 0.048148
0 8185 0.615104 0.634259 0.084375 0.046296
0 8186 0.475781 0.670370 0.078646 0.044444
0 8187 0.244271 0.634722 0.082292 0.049074
0 8188 0.552865 0.662963 0.082812 0.046296
0 8189 0.743750 0.561111 0.086458 0.044444
0 8190 0.660417 0.559259 0.083333 0.044444
0 8191 0.582812 0.573148 0.078125 0.046296
0 8192 0.445833 0.582407 0.079167 0.046296
