0 7833 0.466146 0.575463 0.091667 0.052778
0 7834 0.966406 0.467130 0.066146 0.050926
0 7835 0.166667 0.572685 0.091667 0.052778
0 7836 0.423958 0.646296 0.094792 0.055556
0 7837 0.713802 0.572685 0.092188 0.052778
0 7838 0.552344 0.600000 0.085938 0.050000
0 7839 0.327344 0.576389 0.086979 0.054630
0 7840 0.631250 0.595370 0.090625 0.053704
0 7841 0.857552 0.495370 0.096354 0.051852
0 7842 0.774479 0.487500 0.093750 0.052778
0 7843 0.686979 0.507407 0.090625 0.051852
0 7844 0.535937 0.519907 0.090625 0.050926
