0 8253 0.369010 0.621296 0.084896 0.048148
0 8254 0.831771 0.523611 0.086458 0.045370
0 8255 0.091667 0.643056 0.080208 0.045370
0 8256 0.352604 0.712037 0.083333 0.048148
0 8257 0.595313 0.633333 0.084375 0.044444
0 8258 0.459115 0.671296 0.078646 0.044444
0 8259 0.227344 0.636574 0.080729 0.049074
0 8260 0.534375 0.668056 0.083333 0.045370
0 8261 0.718229 0.562037 0.086458 0.044444
0 8262 0.636979 0.559722 0.082292 0.043519
0 8263 0.559896 0.575000 0.078125 0.046296
0 8264 0.427604 0.586111 0.079167 0.046296
