0 8697 0.402344 0.699074 0.072396 0.042593
0 8698 0.826823 0.592130 0.075521 0.039815
0 8699 0.153385 0.704167 0.074479 0.041667
0 8700 0.409635 0.767130 0.075521 0.041667
0 8701 0.616927 0.682870 0.072396 0.039815
0 8702 0.501563 0.737500 0.069792 0.037963
0 8703 0.277604 0.712500 0.066667 0.041667
0 8704 0.579948 0.741667 0.073438 0.040741
0 8705 0.725781 0.625463 0.074479 0.039815
0 8706 0.649479 0.615278 0.071875 0.041667
0 8707 0.579688 0.624074 0.069792 0.042593
0 8708 0.460938 0.645370 0.071875 0.038889
