0 8313 0.371094 0.621296 0.084896 0.048148
0 8314 0.828646 0.519907 0.086458 0.045370
0 8315 0.098958 0.644907 0.080208 0.045370
0 8316 0.358854 0.710185 0.083333 0.048148
0 8317 0.595052 0.631481 0.083854 0.042593
0 8318 0.463802 0.670370 0.078646 0.044444
0 8319 0.232552 0.638426 0.080729 0.049074
0 8320 0.540104 0.669907 0.081250 0.045370
0 8321 0.717448 0.562500 0.084896 0.043519
0 8322 0.635417 0.557870 0.082292 0.043519
0 8323 0.563021 0.575000 0.078125 0.046296
0 8324 0.429688 0.586111 0.079167 0.046296
