0 7953 0.454948 0.597685 0.089063 0.050926
0 7954 0.956510 0.503704 0.084896 0.048148
0 7955 0.162500 0.605093 0.088542 0.050926
0 7956 0.423438 0.680093 0.090625 0.052778
0 7957 0.697135 0.610185 0.089063 0.050000
0 7958 0.544010 0.637500 0.083854 0.049074
0 7959 0.315104 0.606481 0.088542 0.051852
0 7960 0.622396 0.629167 0.086458 0.052778
0 7961 0.835938 0.531019 0.091667 0.047222
0 7962 0.751563 0.526389 0.090625 0.049074
0 7963 0.669271 0.545370 0.085417 0.051852
0 7964 0.522396 0.549537 0.083333 0.049074
