0 8745 0.410156 0.701852 0.072396 0.042593
0 8746 0.832292 0.599074 0.075000 0.037037
0 8747 0.165104 0.708333 0.072917 0.040741
0 8748 0.420052 0.771759 0.075521 0.041667
0 8749 0.624219 0.684722 0.072396 0.039815
0 8750 0.511458 0.739352 0.069792 0.037963
0 8751 0.289844 0.715278 0.065104 0.039815
0 8752 0.587760 0.745370 0.073438 0.040741
0 8753 0.730990 0.628704 0.073438 0.038889
0 8754 0.655208 0.617130 0.069792 0.039815
0 8755 0.588281 0.625000 0.069271 0.042593
0 8756 0.471354 0.645370 0.071875 0.038889
