0 8121 0.407552 0.618519 0.084896 0.048148
0 8122 0.886198 0.525000 0.090104 0.048148
0 8123 0.124219 0.635185 0.080729 0.046296
0 8124 0.383854 0.706481 0.084375 0.048148
0 8125 0.639844 0.630556 0.085938 0.046296
0 8126 0.495052 0.664815 0.079687 0.044444
0 8127 0.264323 0.631019 0.084896 0.049074
0 8128 0.573177 0.658796 0.081771 0.047222
0 8129 0.770312 0.556944 0.086458 0.045370
0 8130 0.686719 0.556019 0.085938 0.045370
0 8131 0.608333 0.570370 0.080208 0.050000
0 8132 0.469271 0.577778 0.079167 0.046296
