0 7905 0.462500 0.585185 0.090625 0.051852
0 7906 0.961458 0.487963 0.076042 0.048148
0 7907 0.169531 0.590741 0.089063 0.051852
0 7908 0.428646 0.663426 0.091667 0.054630
0 7909 0.708333 0.594444 0.089583 0.050000
0 7910 0.551042 0.623148 0.084375 0.050000
0 7911 0.323698 0.592130 0.088021 0.052778
0 7912 0.630990 0.614352 0.088021 0.052778
0 7913 0.848437 0.515278 0.093750 0.049074
0 7914 0.764844 0.509722 0.092188 0.050926
0 7915 0.681250 0.528704 0.087500 0.051852
0 7916 0.531771 0.535185 0.087500 0.050000
