0 8505 0.419792 0.627315 0.077083 0.045370
0 8506 0.858073 0.514352 0.079687 0.043519
0 8507 0.158333 0.649537 0.078125 0.041667
0 8508 0.417969 0.706481 0.077604 0.044444
0 8509 0.637500 0.624537 0.079167 0.041667
0 8510 0.515625 0.674537 0.073958 0.041667
0 8511 0.286458 0.648611 0.077083 0.045370
0 8512 0.591927 0.675926 0.077604 0.044444
0 8513 0.752865 0.559722 0.079687 0.041667
0 8514 0.671354 0.551389 0.078125 0.043519
0 8515 0.602604 0.568056 0.076042 0.043519
0 8516 0.478125 0.593981 0.075000 0.043519
