0 8637 0.405729 0.681944 0.072917 0.041667
0 8638 0.835938 0.572222 0.076042 0.040741
0 8639 0.154427 0.694907 0.075521 0.041667
0 8640 0.411458 0.754167 0.077083 0.043519
0 8641 0.621875 0.671296 0.073958 0.040741
0 8642 0.505729 0.724074 0.070833 0.038889
0 8643 0.279948 0.698611 0.069271 0.043519
0 8644 0.582031 0.726852 0.073438 0.040741
0 8645 0.732812 0.609259 0.075000 0.040741
0 8646 0.655208 0.600463 0.072917 0.041667
0 8647 0.586198 0.610185 0.073438 0.042593
0 8648 0.466146 0.635185 0.071875 0.038889
