0 8649 0.403646 0.686574 0.072917 0.041667
0 8650 0.833854 0.576852 0.076042 0.040741
0 8651 0.153385 0.698611 0.075521 0.041667
0 8652 0.410156 0.757870 0.076563 0.043519
0 8653 0.620573 0.674074 0.073438 0.040741
0 8654 0.504427 0.727778 0.070312 0.038889
0 8655 0.278385 0.703241 0.068229 0.043519
0 8656 0.580469 0.731481 0.073438 0.040741
0 8657 0.730208 0.613889 0.075000 0.040741
0 8658 0.653385 0.606019 0.072396 0.041667
0 8659 0.583594 0.613889 0.072396 0.042593
0 8660 0.464583 0.638889 0.071875 0.038889
