0 7725 0.451562 0.582407 0.093750 0.053704
0 7726 0.966927 0.473148 0.065104 0.055556
0 7727 0.148698 0.580556 0.094271 0.053704
0 7728 0.404948 0.652778 0.098437 0.055556
0 7729 0.707552 0.576852 0.096354 0.055556
0 7730 0.541667 0.602778 0.089583 0.053704
0 7731 0.316146 0.581481 0.091667 0.057407
0 7732 0.619531 0.598148 0.096354 0.055556
0 7733 0.857552 0.499537 0.099479 0.054630
0 7734 0.772396 0.492593 0.094792 0.053704
0 7735 0.687240 0.507407 0.093229 0.055556
0 7736 0.527865 0.534259 0.092188 0.051852
