0 7773 0.461979 0.572685 0.091667 0.052778
0 7774 0.967708 0.465741 0.063542 0.053704
0 7775 0.158594 0.569444 0.094271 0.053704
0 7776 0.416927 0.641667 0.097396 0.055556
0 7777 0.711979 0.568519 0.094792 0.055556
0 7778 0.547135 0.596296 0.088021 0.051852
0 7779 0.323698 0.572685 0.090104 0.056481
0 7780 0.626563 0.589352 0.093750 0.054630
0 7781 0.859896 0.490741 0.098958 0.053704
0 7782 0.776563 0.483333 0.094792 0.053704
0 7783 0.688021 0.500926 0.091667 0.053704
0 7784 0.535417 0.521759 0.091667 0.050926
