0 7941 0.457292 0.594444 0.089583 0.051852
0 7942 0.957812 0.499074 0.082292 0.048148
0 7943 0.164062 0.601389 0.088542 0.050926
0 7944 0.425781 0.675463 0.091146 0.052778
0 7945 0.699740 0.606481 0.089063 0.050000
0 7946 0.546615 0.633796 0.083854 0.049074
0 7947 0.317969 0.602778 0.089063 0.051852
0 7948 0.625781 0.625463 0.086979 0.052778
0 7949 0.839323 0.527778 0.092188 0.048148
0 7950 0.754948 0.523148 0.091146 0.050000
0 7951 0.672135 0.541667 0.085938 0.051852
0 7952 0.526042 0.545833 0.084375 0.049074
