0 7581 0.426302 0.636574 0.094271 0.056481
0 7582 0.950000 0.536574 0.100000 0.056481
0 7583 0.113281 0.638889 0.094271 0.053704
0 7584 0.363281 0.710185 0.096354 0.055556
0 7585 0.668750 0.631481 0.096875 0.055556
0 7586 0.500000 0.659259 0.089583 0.053704
0 7587 0.288021 0.639352 0.090625 0.056481
0 7588 0.575521 0.656481 0.097917 0.055556
0 7589 0.826823 0.567130 0.099479 0.054630
0 7590 0.746354 0.558333 0.094792 0.053704
0 7591 0.660156 0.570370 0.091146 0.055556
0 7592 0.497917 0.598611 0.093750 0.054630
