0 8133 0.403385 0.618519 0.084896 0.048148
0 8134 0.880208 0.524537 0.089583 0.047222
0 8135 0.121354 0.636574 0.080208 0.045370
0 8136 0.380990 0.708333 0.083854 0.048148
0 8137 0.634896 0.631481 0.085417 0.046296
0 8138 0.491146 0.666667 0.079167 0.044444
0 8139 0.260417 0.631944 0.084375 0.049074
0 8140 0.569271 0.659722 0.082292 0.047222
0 8141 0.765104 0.557870 0.086458 0.045370
0 8142 0.681250 0.556481 0.085417 0.044444
0 8143 0.602865 0.570833 0.079687 0.049074
0 8144 0.464583 0.578704 0.079167 0.046296
