0 7845 0.466667 0.575463 0.091667 0.052778
0 7846 0.965625 0.470833 0.067708 0.050926
0 7847 0.167448 0.575463 0.091146 0.052778
0 7848 0.425781 0.648148 0.094271 0.055556
0 7849 0.713021 0.576389 0.091667 0.052778
0 7850 0.553125 0.603704 0.085417 0.050000
0 7851 0.328125 0.577778 0.086458 0.053704
0 7852 0.632031 0.597222 0.090104 0.053704
0 7853 0.856250 0.498611 0.095833 0.050926
0 7854 0.773177 0.490278 0.093229 0.052778
0 7855 0.686719 0.509259 0.090104 0.051852
0 7856 0.535156 0.521759 0.090104 0.050926
