0 10074 0.351823 0.408796 0.092188 0.060185
0 10075 0.581250 0.338889 0.058333 0.044444
0 10076 0.378385 0.378241 0.065104 0.052778
0 10077 0.365104 0.043056 0.025000 0.025000
0 10078 0.576302 0.189352 0.029687 0.032407
0 10079 0.514323 0.473148 0.111979 0.092593
0 10080 0.576823 0.128704 0.028646 0.033333
0 10081 0.432031 0.400463 0.043229 0.043519
0 10082 0.360417 0.384722 0.073958 0.052778
0 10083 0.381510 0.126389 0.028646 0.028704
0 10084 0.494010 0.497222 0.130729 0.088889
0 10085 0.390104 0.227315 0.031250 0.037963
0 10086 0.562760 0.033796 0.023438 0.030556
0 10087 0.553385 0.330556 0.036979 0.038889
0 10088 0.560417 0.419444 0.052083 0.051852
0 10089 0.290104 0.477315 0.113542 0.080556
0 10090 0.529427 0.404630 0.082812 0.062963
0 10091 0.408854 0.380556 0.050000 0.040741
0 10092 0.428646 0.291667 0.041667 0.035185
0 10093 0.428125 0.262500 0.042708 0.034259
0 10094 0.581771 0.023611 0.017708 0.023148
