0 9654 0.357552 0.369444 0.091146 0.057407
0 9655 0.579688 0.321759 0.057292 0.043519
0 9656 0.385156 0.363426 0.055729 0.049074
0 9657 0.362760 0.037500 0.024479 0.023148
0 9658 0.581771 0.182870 0.030208 0.030556
0 9659 0.520052 0.442130 0.111979 0.080556
0 9660 0.582292 0.110648 0.027083 0.034259
0 9661 0.434635 0.375463 0.044271 0.037963
0 9662 0.369792 0.383796 0.073958 0.052778
0 9663 0.372396 0.116204 0.029167 0.028704
0 9664 0.499219 0.465278 0.120313 0.086111
0 9665 0.388802 0.211111 0.028646 0.033333
0 9666 0.568490 0.022222 0.024479 0.029630
0 9667 0.556250 0.321296 0.031250 0.040741
0 9668 0.559635 0.406481 0.050521 0.051852
0 9669 0.288021 0.450000 0.116667 0.077778
0 9670 0.533854 0.376852 0.081250 0.061111
0 9671 0.404167 0.373148 0.043750 0.042593
0 9672 0.427604 0.271296 0.040625 0.035185
0 9673 0.429688 0.250000 0.042708 0.029630
0 9674 0.579688 0.019907 0.016667 0.023148
