0 10588 0.603385 0.382870 0.034896 0.039815
0 10589 0.367448 0.014352 0.018229 0.023148
0 10590 0.560677 0.439815 0.052604 0.053704
0 10591 0.427344 0.415278 0.042188 0.043519
0 10592 0.392708 0.238426 0.030208 0.037963
0 10593 0.560677 0.055093 0.025521 0.030556
0 10594 0.348438 0.433796 0.094792 0.062037
0 10595 0.529427 0.431019 0.084896 0.062037
0 10596 0.408333 0.391204 0.051042 0.043519
0 10597 0.428125 0.319907 0.041667 0.036111
0 10598 0.418750 0.286111 0.042708 0.040741
0 10599 0.491406 0.524074 0.133854 0.094444
0 10600 0.373958 0.051389 0.023958 0.023148
0 10601 0.586198 0.028704 0.017188 0.024074
0 10602 0.377083 0.395833 0.068750 0.054630
0 10603 0.357292 0.406944 0.075000 0.050926
0 10604 0.572656 0.142130 0.030729 0.034259
0 10605 0.290885 0.508333 0.121354 0.083333
0 10606 0.388802 0.137963 0.028646 0.031481
0 10607 0.552083 0.350463 0.037500 0.041667
0 10608 0.574479 0.199537 0.031250 0.032407
0 10609 0.516667 0.501389 0.115625 0.089815
0 10610 0.581250 0.352315 0.062500 0.049074
