0 9255 0.361719 0.338426 0.086979 0.054630
0 9256 0.580729 0.312963 0.057292 0.044444
0 9257 0.386458 0.342130 0.054167 0.049074
0 9258 0.363021 0.035185 0.025000 0.022222
0 9259 0.586979 0.172685 0.031250 0.028704
0 9260 0.525260 0.408796 0.110937 0.076852
0 9261 0.585938 0.094444 0.025000 0.033333
0 9262 0.438281 0.355093 0.045312 0.037963
0 9263 0.373958 0.376852 0.073958 0.051852
0 9264 0.360156 0.107407 0.029687 0.029630
0 9265 0.505208 0.431019 0.119792 0.082407
0 9266 0.389323 0.201389 0.029687 0.034259
0 9267 0.572917 0.023611 0.026042 0.026852
0 9268 0.559635 0.314815 0.029687 0.035185
0 9269 0.559115 0.392593 0.049479 0.051852
0 9270 0.285156 0.414352 0.108854 0.073148
0 9271 0.536198 0.358796 0.077604 0.056481
0 9272 0.402083 0.368981 0.044792 0.041667
0 9273 0.426563 0.258796 0.039583 0.034259
0 9274 0.425260 0.233333 0.042188 0.031481
0 9275 0.576302 0.011111 0.016146 0.020370
