0 10053 0.351562 0.406944 0.092708 0.060185
0 10054 0.581250 0.337963 0.058333 0.044444
0 10055 0.378385 0.378241 0.065104 0.052778
0 10056 0.364583 0.043056 0.025000 0.025000
0 10057 0.576302 0.189352 0.029687 0.032407
0 10058 0.514323 0.472222 0.111979 0.092593
0 10059 0.576823 0.127778 0.028646 0.033333
0 10060 0.432031 0.399537 0.043229 0.043519
0 10061 0.360417 0.384722 0.073958 0.052778
0 10062 0.380990 0.125463 0.028646 0.028704
0 10063 0.494010 0.496296 0.130729 0.088889
0 10064 0.390104 0.226389 0.031250 0.037963
0 10065 0.563281 0.032870 0.023438 0.030556
0 10066 0.553385 0.330556 0.036979 0.038889
0 10067 0.560417 0.418519 0.052083 0.051852
0 10068 0.290365 0.476389 0.113021 0.080556
0 10069 0.529427 0.402778 0.082812 0.062963
0 10070 0.408854 0.380556 0.050000 0.040741
0 10071 0.428646 0.289815 0.041667 0.035185
0 10072 0.428125 0.261574 0.042708 0.034259
0 10073 0.581510 0.023611 0.018229 0.023148
