0 9717 0.357552 0.374074 0.092188 0.059259
0 9718 0.580208 0.324537 0.057292 0.043519
0 9719 0.383594 0.368056 0.056771 0.050926
0 9720 0.362760 0.038426 0.024479 0.023148
0 9721 0.580990 0.184259 0.029687 0.031481
0 9722 0.517969 0.445833 0.111979 0.082407
0 9723 0.580729 0.113426 0.027083 0.034259
0 9724 0.434635 0.379630 0.044271 0.038889
0 9725 0.368750 0.385648 0.073958 0.052778
0 9726 0.373437 0.118056 0.029167 0.028704
0 9727 0.499219 0.470833 0.120313 0.086111
0 9728 0.388802 0.214352 0.028646 0.034259
0 9729 0.567448 0.023148 0.023438 0.029630
0 9730 0.555469 0.321759 0.031771 0.039815
0 9731 0.559635 0.408333 0.050521 0.051852
0 9732 0.287500 0.454630 0.116667 0.077778
0 9733 0.533333 0.380093 0.082292 0.062037
0 9734 0.404687 0.373148 0.043750 0.040741
0 9735 0.427604 0.274074 0.040625 0.035185
0 9736 0.429688 0.251852 0.042708 0.029630
0 9737 0.579948 0.020833 0.017188 0.023148
