0 10358 0.601302 0.359259 0.034896 0.038889
0 10359 0.366927 0.011574 0.017188 0.023148
0 10360 0.560937 0.430093 0.053125 0.052778
0 10361 0.429427 0.410648 0.042188 0.043519
0 10362 0.391667 0.233796 0.030208 0.037963
0 10363 0.561198 0.046759 0.024479 0.030556
0 10364 0.349479 0.426852 0.091667 0.062963
0 10365 0.529687 0.419444 0.084375 0.062963
0 10366 0.408073 0.387037 0.050521 0.044444
0 10367 0.429688 0.308796 0.041667 0.036111
0 10368 0.423958 0.275000 0.041667 0.037037
0 10369 0.493490 0.515278 0.131771 0.093519
0 10370 0.370052 0.047685 0.024479 0.023148
0 10371 0.584635 0.025463 0.016146 0.023148
0 10372 0.377083 0.382407 0.066667 0.053704
0 10373 0.358333 0.393519 0.075000 0.053704
0 10374 0.573958 0.136574 0.030208 0.032407
0 10375 0.291146 0.493981 0.116667 0.080556
0 10376 0.387760 0.132407 0.028646 0.029630
0 10377 0.552344 0.342130 0.036979 0.039815
0 10378 0.575000 0.193519 0.030208 0.031481
0 10379 0.515625 0.487963 0.114583 0.092593
0 10380 0.581771 0.347685 0.060417 0.049074
