0 9864 0.355990 0.387037 0.094271 0.061111
0 9865 0.580729 0.330093 0.057292 0.043519
0 9866 0.380729 0.374537 0.060417 0.052778
0 9867 0.363542 0.040741 0.025000 0.024074
0 9868 0.578646 0.186574 0.029167 0.032407
0 9869 0.514844 0.457407 0.111979 0.087037
0 9870 0.578646 0.119907 0.027083 0.034259
0 9871 0.433333 0.388889 0.043750 0.040741
0 9872 0.365104 0.386574 0.073958 0.052778
0 9873 0.376302 0.121759 0.028646 0.028704
0 9874 0.497656 0.481944 0.123438 0.086111
0 9875 0.389062 0.219444 0.029167 0.035185
0 9876 0.565104 0.025926 0.021875 0.029630
0 9877 0.554427 0.324074 0.033854 0.038889
0 9878 0.559635 0.412963 0.050521 0.051852
0 9879 0.288542 0.463889 0.115625 0.077778
0 9880 0.531510 0.388889 0.083854 0.062963
0 9881 0.406510 0.375000 0.045312 0.038889
0 9882 0.428125 0.279630 0.040625 0.035185
0 9883 0.429167 0.255093 0.042708 0.030556
0 9884 0.580208 0.022685 0.017708 0.023148
