0 10634 0.604167 0.386574 0.035417 0.039815
0 10635 0.367708 0.016204 0.018750 0.023148
0 10636 0.560417 0.441667 0.052083 0.053704
0 10637 0.426302 0.416204 0.042188 0.043519
0 10638 0.392708 0.239352 0.030208 0.037963
0 10639 0.560677 0.056944 0.025521 0.030556
0 10640 0.348958 0.435185 0.094792 0.061111
0 10641 0.529427 0.433796 0.084896 0.062037
0 10642 0.408333 0.391667 0.051042 0.042593
0 10643 0.427604 0.321759 0.041667 0.036111
0 10644 0.417448 0.287963 0.043229 0.040741
0 10645 0.491146 0.525926 0.134375 0.094444
0 10646 0.375000 0.052315 0.023958 0.023148
0 10647 0.586198 0.029630 0.017188 0.024074
0 10648 0.377083 0.398611 0.068750 0.054630
0 10649 0.357292 0.409259 0.075000 0.050000
0 10650 0.572656 0.143056 0.030729 0.034259
0 10651 0.290625 0.511574 0.122917 0.084259
0 10652 0.388802 0.138889 0.028646 0.031481
0 10653 0.552083 0.352315 0.037500 0.041667
0 10654 0.573958 0.200463 0.031250 0.032407
0 10655 0.516667 0.504630 0.115625 0.088889
0 10656 0.580990 0.353241 0.063021 0.049074
