0 9549 0.358073 0.362500 0.089063 0.056481
0 9550 0.579688 0.319907 0.057292 0.043519
0 9551 0.386719 0.357407 0.054688 0.048148
0 9552 0.362760 0.037500 0.024479 0.023148
0 9553 0.583854 0.181481 0.031250 0.029630
0 9554 0.521875 0.433796 0.111458 0.078704
0 9555 0.583594 0.106944 0.026562 0.034259
0 9556 0.434896 0.370833 0.044792 0.037963
0 9557 0.371354 0.382407 0.073958 0.053704
0 9558 0.369792 0.113426 0.029167 0.028704
0 9559 0.499479 0.456481 0.119792 0.085185
0 9560 0.389062 0.208333 0.029167 0.033333
0 9561 0.570312 0.022222 0.026042 0.029630
0 9562 0.557552 0.319444 0.030729 0.040741
0 9563 0.559635 0.402778 0.050521 0.051852
0 9564 0.287500 0.441204 0.115625 0.076852
0 9565 0.534896 0.372222 0.079167 0.059259
0 9566 0.403385 0.372685 0.044271 0.043519
0 9567 0.427083 0.268056 0.040625 0.036111
0 9568 0.428906 0.247222 0.042188 0.029630
0 9569 0.578646 0.017593 0.016667 0.022222
