0 9465 0.359375 0.355093 0.087500 0.056481
0 9466 0.579688 0.318056 0.057292 0.043519
0 9467 0.386719 0.351852 0.054688 0.048148
0 9468 0.362760 0.037500 0.024479 0.023148
0 9469 0.584896 0.179167 0.031250 0.028704
0 9470 0.521875 0.426389 0.111458 0.078704
0 9471 0.584635 0.104167 0.025521 0.034259
0 9472 0.435417 0.367130 0.044792 0.037963
0 9473 0.371875 0.381481 0.073958 0.053704
0 9474 0.367188 0.111574 0.029167 0.028704
0 9475 0.501042 0.449074 0.119792 0.083333
0 9476 0.389062 0.206481 0.029167 0.033333
0 9477 0.571354 0.022222 0.026042 0.027778
0 9478 0.558333 0.318056 0.030208 0.039815
0 9479 0.559635 0.399074 0.050521 0.051852
0 9480 0.286458 0.433796 0.114583 0.075000
0 9481 0.534896 0.368056 0.077083 0.058333
0 9482 0.402344 0.371759 0.044271 0.041667
0 9483 0.427083 0.265278 0.040625 0.036111
0 9484 0.427344 0.243519 0.042188 0.029630
0 9485 0.577604 0.015278 0.016667 0.021296
