0 10772 0.608594 0.397685 0.042188 0.039815
0 10773 0.369010 0.021296 0.020313 0.024074
0 10774 0.559896 0.448148 0.052083 0.053704
0 10775 0.424219 0.419907 0.042188 0.043519
0 10776 0.392708 0.244907 0.030208 0.037963
0 10777 0.559896 0.061111 0.026042 0.031481
0 10778 0.348177 0.443519 0.095312 0.061111
0 10779 0.529427 0.439815 0.084896 0.062963
0 10780 0.408073 0.397222 0.051562 0.042593
0 10781 0.428125 0.327315 0.041667 0.036111
0 10782 0.413542 0.293056 0.043750 0.039815
0 10783 0.491406 0.531944 0.135937 0.095370
0 10784 0.377865 0.055093 0.023438 0.023148
0 10785 0.588281 0.033333 0.017188 0.024074
0 10786 0.377604 0.407407 0.069792 0.055556
0 10787 0.357031 0.416204 0.074479 0.049074
0 10788 0.571615 0.146296 0.030729 0.035185
0 10789 0.290365 0.524537 0.120313 0.086111
0 10790 0.389583 0.143056 0.028125 0.032407
0 10791 0.553385 0.356481 0.038021 0.042593
0 10792 0.573177 0.206481 0.031771 0.033333
0 10793 0.517448 0.511111 0.117188 0.087037
0 10794 0.580729 0.357870 0.063542 0.049074
