0 9339 0.361198 0.344907 0.085938 0.056481
0 9340 0.579688 0.315278 0.057292 0.043519
0 9341 0.386458 0.344907 0.054167 0.049074
0 9342 0.363021 0.036574 0.025000 0.023148
0 9343 0.585938 0.175463 0.031250 0.028704
0 9344 0.522917 0.415278 0.111458 0.078704
0 9345 0.585938 0.099074 0.025000 0.033333
0 9346 0.436458 0.360648 0.044792 0.037963
0 9347 0.372917 0.379630 0.073958 0.053704
0 9348 0.363021 0.108796 0.029167 0.028704
0 9349 0.503646 0.438426 0.119792 0.082407
0 9350 0.389323 0.203241 0.029687 0.034259
0 9351 0.572396 0.022685 0.026042 0.026852
0 9352 0.559115 0.315278 0.029687 0.037963
0 9353 0.559375 0.394444 0.050000 0.051852
0 9354 0.285677 0.422685 0.111979 0.073148
0 9355 0.535417 0.362037 0.076042 0.057407
0 9356 0.402083 0.370370 0.044792 0.040741
0 9357 0.426823 0.261111 0.040104 0.035185
0 9358 0.425260 0.237500 0.042188 0.030556
0 9359 0.576562 0.012037 0.016667 0.020370
