0 10749 0.608073 0.395833 0.041146 0.039815
0 10750 0.368750 0.020370 0.019792 0.024074
0 10751 0.559896 0.447222 0.052083 0.053704
0 10752 0.424740 0.418981 0.042188 0.043519
0 10753 0.392708 0.243981 0.030208 0.037963
0 10754 0.560417 0.061111 0.026042 0.031481
0 10755 0.348438 0.441204 0.094792 0.060185
0 10756 0.529427 0.438889 0.084896 0.062963
0 10757 0.408073 0.396296 0.051562 0.042593
0 10758 0.427604 0.326389 0.041667 0.036111
0 10759 0.414062 0.292593 0.043750 0.040741
0 10760 0.491146 0.531019 0.135417 0.095370
0 10761 0.377344 0.054167 0.023438 0.023148
0 10762 0.587760 0.032407 0.017188 0.024074
0 10763 0.377344 0.405556 0.069271 0.055556
0 10764 0.357031 0.415278 0.074479 0.049074
0 10765 0.571615 0.145370 0.030729 0.035185
0 10766 0.290365 0.521759 0.121354 0.086111
0 10767 0.389062 0.142130 0.028125 0.032407
0 10768 0.552865 0.355556 0.038021 0.042593
0 10769 0.573698 0.205556 0.031771 0.033333
0 10770 0.517188 0.510185 0.116667 0.087037
0 10771 0.580729 0.356944 0.063542 0.049074
