0 10221 0.368750 0.046759 0.025000 0.023148
0 10222 0.366927 0.011574 0.017188 0.023148
0 10223 0.560417 0.425926 0.052083 0.051852
0 10224 0.430990 0.407870 0.043229 0.043519
0 10225 0.390104 0.232870 0.031250 0.037963
0 10226 0.561719 0.042130 0.024479 0.030556
0 10227 0.353125 0.422685 0.087500 0.062037
0 10228 0.529948 0.413889 0.083854 0.062963
0 10229 0.408073 0.384259 0.050521 0.044444
0 10230 0.428646 0.301389 0.041667 0.036111
0 10231 0.426563 0.268981 0.041667 0.034259
0 10232 0.495052 0.509722 0.130729 0.093519
0 10233 0.583594 0.023611 0.016146 0.023148
0 10234 0.378125 0.378241 0.064583 0.052778
0 10235 0.359896 0.384722 0.075000 0.052778
0 10236 0.574740 0.133333 0.029687 0.031481
0 10237 0.291406 0.488889 0.117188 0.081481
0 10238 0.385677 0.129630 0.028646 0.029630
0 10239 0.552604 0.336111 0.037500 0.038889
0 10240 0.575260 0.191204 0.029687 0.032407
0 10241 0.514323 0.481481 0.111979 0.092593
0 10242 0.581510 0.343981 0.058854 0.049074
