0 10116 0.352083 0.412963 0.090625 0.061111
0 10117 0.581250 0.340741 0.058333 0.046296
0 10118 0.378385 0.378241 0.065104 0.052778
0 10119 0.366146 0.044444 0.025000 0.024074
0 10120 0.575781 0.190278 0.029687 0.032407
0 10121 0.514323 0.475926 0.111979 0.092593
0 10122 0.576042 0.130093 0.029167 0.032407
0 10123 0.431510 0.402315 0.043229 0.043519
0 10124 0.360156 0.384722 0.074479 0.052778
0 10125 0.382552 0.127778 0.028646 0.029630
0 10126 0.494531 0.500926 0.130729 0.090741
0 10127 0.390104 0.229167 0.031250 0.037963
0 10128 0.562500 0.036574 0.023958 0.030556
0 10129 0.552865 0.332407 0.036979 0.038889
0 10130 0.560417 0.421296 0.052083 0.051852
0 10131 0.290625 0.481019 0.114583 0.080556
0 10132 0.529687 0.407407 0.083333 0.062963
0 10133 0.408333 0.381944 0.050000 0.041667
0 10134 0.428646 0.294444 0.041667 0.035185
0 10135 0.427344 0.264352 0.042188 0.034259
0 10136 0.582031 0.023611 0.017188 0.023148
