0 10158 0.352344 0.416667 0.089063 0.061111
0 10159 0.581250 0.342130 0.058333 0.047222
0 10160 0.378125 0.378241 0.064583 0.052778
0 10161 0.367188 0.045370 0.025000 0.024074
0 10162 0.575260 0.190278 0.029687 0.032407
0 10163 0.514323 0.477778 0.111979 0.092593
0 10164 0.575521 0.130556 0.029167 0.031481
0 10165 0.431510 0.404167 0.043229 0.043519
0 10166 0.359635 0.384722 0.074479 0.052778
0 10167 0.383594 0.127778 0.028646 0.029630
0 10168 0.494531 0.504167 0.130729 0.091667
0 10169 0.390104 0.230093 0.031250 0.037963
0 10170 0.561979 0.038426 0.023958 0.030556
0 10171 0.552344 0.334259 0.036979 0.038889
0 10172 0.560417 0.423148 0.052083 0.051852
0 10173 0.291146 0.483796 0.115625 0.080556
0 10174 0.529687 0.409259 0.083333 0.062963
0 10175 0.408333 0.383796 0.050000 0.043519
0 10176 0.428646 0.297222 0.041667 0.035185
0 10177 0.427344 0.266204 0.042188 0.034259
0 10178 0.582292 0.023611 0.016667 0.023148
