0 9360 0.361198 0.345833 0.085938 0.056481
0 9361 0.579688 0.316204 0.057292 0.043519
0 9362 0.386458 0.345833 0.054167 0.049074
0 9363 0.362760 0.036574 0.024479 0.023148
0 9364 0.585938 0.176389 0.031250 0.028704
0 9365 0.522396 0.416204 0.111458 0.078704
0 9366 0.585938 0.100000 0.025000 0.033333
0 9367 0.435937 0.361574 0.044792 0.037963
0 9368 0.372396 0.380093 0.073958 0.054630
0 9369 0.363542 0.108796 0.029167 0.028704
0 9370 0.503125 0.440278 0.119792 0.082407
0 9371 0.389323 0.204167 0.029687 0.034259
0 9372 0.572396 0.022685 0.026042 0.026852
0 9373 0.559115 0.315278 0.029687 0.037963
0 9374 0.559375 0.395370 0.050000 0.051852
0 9375 0.285938 0.424537 0.112500 0.073148
0 9376 0.535156 0.362963 0.075521 0.057407
0 9377 0.401562 0.370370 0.044792 0.040741
0 9378 0.426823 0.262037 0.040104 0.035185
0 9379 0.425781 0.238426 0.042188 0.030556
0 9380 0.576562 0.012963 0.016667 0.020370
