0 10864 0.608073 0.402315 0.042188 0.039815
0 10865 0.370312 0.024074 0.020833 0.024074
0 10866 0.560156 0.453704 0.052604 0.053704
0 10867 0.422656 0.421759 0.042188 0.043519
0 10868 0.392708 0.248148 0.030208 0.037037
0 10869 0.559375 0.063889 0.026042 0.031481
0 10870 0.347396 0.451389 0.095833 0.062037
0 10871 0.529427 0.442593 0.084896 0.064815
0 10872 0.407031 0.401852 0.051562 0.042593
0 10873 0.429688 0.331019 0.041667 0.036111
0 10874 0.410417 0.296296 0.043750 0.038889
0 10875 0.491927 0.535648 0.136979 0.095370
0 10876 0.379948 0.056944 0.023438 0.023148
0 10877 0.590365 0.037037 0.017188 0.024074
0 10878 0.378125 0.412037 0.070833 0.055556
0 10879 0.356771 0.421296 0.073958 0.048148
0 10880 0.570573 0.148611 0.030729 0.036111
0 10881 0.289844 0.533333 0.116146 0.087037
0 10882 0.390625 0.144907 0.028125 0.032407
0 10883 0.554427 0.359259 0.038021 0.042593
0 10884 0.572656 0.210185 0.031771 0.033333
0 10885 0.517969 0.514815 0.119271 0.087037
0 10886 0.580729 0.361111 0.063542 0.050000
