0 10095 0.351823 0.410648 0.091146 0.060185
0 10096 0.581250 0.339352 0.058333 0.045370
0 10097 0.378385 0.378241 0.065104 0.052778
0 10098 0.365625 0.043519 0.025000 0.024074
0 10099 0.575781 0.189352 0.029687 0.032407
0 10100 0.514323 0.475000 0.111979 0.092593
0 10101 0.576302 0.129167 0.028646 0.032407
0 10102 0.431510 0.401389 0.043229 0.043519
0 10103 0.359896 0.384722 0.073958 0.052778
0 10104 0.382031 0.126389 0.028646 0.028704
0 10105 0.494010 0.499537 0.130729 0.089815
0 10106 0.390104 0.228241 0.031250 0.037963
0 10107 0.562760 0.034722 0.023438 0.030556
0 10108 0.552865 0.331481 0.036979 0.038889
0 10109 0.560417 0.420370 0.052083 0.051852
0 10110 0.290365 0.479167 0.114062 0.080556
0 10111 0.529427 0.405556 0.082812 0.062963
0 10112 0.408854 0.381944 0.050000 0.041667
0 10113 0.428646 0.292593 0.041667 0.035185
0 10114 0.427604 0.263426 0.042708 0.034259
0 10115 0.581771 0.023611 0.017708 0.023148
