0 10312 0.600260 0.354167 0.034896 0.037963
0 10313 0.366927 0.011574 0.017188 0.023148
0 10314 0.560677 0.428704 0.052604 0.051852
0 10315 0.430208 0.409722 0.042708 0.043519
0 10316 0.391406 0.233796 0.030729 0.037963
0 10317 0.561198 0.044907 0.024479 0.030556
0 10318 0.350781 0.425000 0.090104 0.062963
0 10319 0.529427 0.417593 0.083854 0.062963
0 10320 0.408073 0.386111 0.050521 0.044444
0 10321 0.429167 0.306944 0.041667 0.036111
0 10322 0.425000 0.272685 0.041667 0.036111
0 10323 0.493750 0.513426 0.131250 0.093519
0 10324 0.369792 0.047685 0.025000 0.023148
0 10325 0.584115 0.024537 0.016146 0.023148
0 10326 0.377344 0.381019 0.066146 0.052778
0 10327 0.358854 0.390741 0.075000 0.053704
0 10328 0.573698 0.135185 0.029687 0.031481
0 10329 0.291146 0.492130 0.116667 0.080556
0 10330 0.387240 0.131481 0.028646 0.029630
0 10331 0.552344 0.340278 0.036979 0.039815
0 10332 0.574740 0.192593 0.029687 0.031481
0 10333 0.515104 0.486111 0.113542 0.092593
0 10334 0.581510 0.346759 0.059896 0.049074
