0 9045 0.362240 0.324537 0.088021 0.052778
0 9046 0.583333 0.307407 0.056250 0.042593
0 9047 0.385677 0.336574 0.052604 0.049074
0 9048 0.364583 0.032870 0.025000 0.021296
0 9049 0.588542 0.164352 0.031250 0.028704
0 9050 0.528646 0.392593 0.103125 0.072222
0 9051 0.585938 0.084259 0.023958 0.033333
0 9052 0.440885 0.341667 0.046354 0.037037
0 9053 0.375000 0.374537 0.073958 0.049074
0 9054 0.354687 0.106019 0.030208 0.028704
0 9055 0.507812 0.411574 0.120833 0.078704
0 9056 0.388802 0.195833 0.029687 0.032407
0 9057 0.574740 0.023611 0.026562 0.026852
0 9058 0.558594 0.310185 0.029687 0.033333
0 9059 0.559115 0.387500 0.048438 0.047222
0 9060 0.283854 0.398148 0.106250 0.074074
0 9061 0.537760 0.348611 0.082812 0.056481
0 9062 0.404687 0.366204 0.044792 0.041667
0 9063 0.425521 0.253241 0.039583 0.034259
0 9064 0.423958 0.226389 0.041667 0.032407
0 9065 0.576302 0.010185 0.016146 0.020370
