0 9801 0.358594 0.381019 0.094271 0.062037
0 9802 0.581250 0.326389 0.057292 0.043519
0 9803 0.382031 0.373611 0.058854 0.052778
0 9804 0.363281 0.040278 0.024479 0.023148
0 9805 0.580208 0.186574 0.029167 0.032407
0 9806 0.515365 0.451389 0.111979 0.084259
0 9807 0.579688 0.117130 0.027083 0.034259
0 9808 0.434115 0.385648 0.044271 0.039815
0 9809 0.367188 0.387500 0.073958 0.052778
0 9810 0.375000 0.120833 0.029167 0.028704
0 9811 0.499219 0.478241 0.120313 0.086111
0 9812 0.388802 0.218519 0.028646 0.035185
0 9813 0.566667 0.025000 0.021875 0.029630
0 9814 0.554948 0.322222 0.032813 0.038889
0 9815 0.560156 0.412037 0.050521 0.051852
0 9816 0.287760 0.461111 0.117188 0.077778
0 9817 0.532813 0.384722 0.084375 0.063889
0 9818 0.405208 0.373148 0.043750 0.038889
0 9819 0.427604 0.276852 0.040625 0.035185
0 9820 0.429688 0.253704 0.042708 0.029630
0 9821 0.580208 0.021759 0.017708 0.023148
