0 9696 0.358073 0.373148 0.092188 0.059259
0 9697 0.580208 0.323611 0.057292 0.043519
0 9698 0.384115 0.366667 0.056771 0.050000
0 9699 0.362760 0.038426 0.024479 0.023148
0 9700 0.581771 0.184259 0.030208 0.031481
0 9701 0.518490 0.444444 0.111979 0.081481
0 9702 0.581250 0.112500 0.027083 0.034259
0 9703 0.434635 0.378704 0.044271 0.038889
0 9704 0.369271 0.384722 0.073958 0.052778
0 9705 0.372917 0.118056 0.029167 0.028704
0 9706 0.499219 0.468981 0.120313 0.086111
0 9707 0.388802 0.213426 0.028646 0.034259
0 9708 0.568229 0.023148 0.023958 0.029630
0 9709 0.555990 0.321759 0.031771 0.039815
0 9710 0.559635 0.408333 0.050521 0.051852
0 9711 0.288021 0.452778 0.116667 0.077778
0 9712 0.533854 0.379167 0.082292 0.062037
0 9713 0.404167 0.373611 0.043750 0.041667
0 9714 0.427604 0.273148 0.040625 0.035185
0 9715 0.429688 0.250926 0.042708 0.029630
0 9716 0.579948 0.020833 0.017188 0.023148
