0 8821 0.364063 0.312500 0.082292 0.052778
0 8822 0.587500 0.304167 0.056250 0.041667
0 8823 0.390365 0.331481 0.058854 0.042593
0 8824 0.365625 0.031481 0.025000 0.024074
0 8825 0.590104 0.153241 0.031250 0.028704
0 8826 0.533073 0.377315 0.101562 0.069444
0 8827 0.585938 0.075000 0.022917 0.033333
0 8828 0.443229 0.332407 0.042708 0.037037
0 8829 0.375000 0.374074 0.067708 0.050000
0 8830 0.346875 0.108333 0.030208 0.027778
0 8831 0.285417 0.382407 0.096875 0.068519
0 8832 0.385156 0.190741 0.029687 0.031481
0 8833 0.575000 0.023611 0.026042 0.026852
0 8834 0.558073 0.304630 0.029687 0.033333
0 8835 0.560417 0.386574 0.047917 0.045370
0 8836 0.535937 0.337037 0.076042 0.053704
0 8837 0.408333 0.359722 0.044792 0.041667
0 8838 0.423177 0.246759 0.039062 0.032407
0 8839 0.422656 0.225000 0.040104 0.031481
0 8840 0.512500 0.393056 0.121875 0.076852
