0 10266 0.599219 0.349537 0.034896 0.037963
0 10267 0.366927 0.011574 0.017188 0.023148
0 10268 0.560417 0.426852 0.052083 0.051852
0 10269 0.430729 0.408796 0.042708 0.043519
0 10270 0.390885 0.232870 0.030729 0.037963
0 10271 0.561198 0.043056 0.024479 0.030556
0 10272 0.351562 0.423611 0.088542 0.062037
0 10273 0.529427 0.415741 0.083854 0.062963
0 10274 0.408073 0.385185 0.050521 0.044444
0 10275 0.429167 0.304167 0.041667 0.036111
0 10276 0.425521 0.270370 0.041667 0.035185
0 10277 0.494010 0.511574 0.130729 0.093519
0 10278 0.369271 0.046759 0.025000 0.023148
0 10279 0.583594 0.024537 0.016146 0.023148
0 10280 0.377344 0.379167 0.065104 0.052778
0 10281 0.359375 0.387500 0.075000 0.052778
0 10282 0.574219 0.134259 0.029687 0.031481
0 10283 0.291146 0.490278 0.116667 0.080556
0 10284 0.386198 0.130556 0.028646 0.029630
0 10285 0.552344 0.337963 0.036979 0.038889
0 10286 0.574740 0.191667 0.029687 0.031481
0 10287 0.514844 0.483333 0.113021 0.092593
0 10288 0.581250 0.345833 0.059375 0.049074
