0 8781 0.365104 0.310648 0.081250 0.052778
0 8782 0.588542 0.304167 0.056250 0.041667
0 8783 0.391927 0.331019 0.060937 0.041667
0 8784 0.365625 0.031944 0.025000 0.025000
0 8785 0.590625 0.151852 0.031250 0.029630
0 8786 0.534115 0.375463 0.102604 0.069444
0 8787 0.586458 0.074074 0.022917 0.033333
0 8788 0.444271 0.331944 0.041667 0.037963
0 8789 0.375260 0.374537 0.066146 0.050926
0 8790 0.345313 0.109722 0.030208 0.028704
0 8791 0.286198 0.380093 0.094271 0.067593
0 8792 0.384375 0.190741 0.030208 0.031481
0 8793 0.575521 0.023611 0.026042 0.026852
0 8794 0.558073 0.303704 0.029687 0.033333
0 8795 0.560937 0.386574 0.047917 0.045370
0 8796 0.535937 0.336111 0.073958 0.053704
0 8797 0.409375 0.358796 0.044792 0.041667
0 8798 0.423177 0.245833 0.039062 0.032407
0 8799 0.422656 0.225000 0.040104 0.031481
0 8800 0.513542 0.390278 0.121875 0.076852
