0 9150 0.362240 0.331019 0.088021 0.052778
0 9151 0.581510 0.309259 0.056771 0.044444
0 9152 0.386198 0.338426 0.053646 0.049074
0 9153 0.363021 0.033796 0.025000 0.021296
0 9154 0.588021 0.168981 0.031250 0.028704
0 9155 0.527344 0.400463 0.108854 0.075000
0 9156 0.585938 0.089815 0.025000 0.033333
0 9157 0.440365 0.347685 0.046354 0.037963
0 9158 0.375000 0.374537 0.073958 0.049074
0 9159 0.356771 0.105556 0.030208 0.029630
0 9160 0.507292 0.421296 0.119792 0.081481
0 9161 0.388802 0.198148 0.029687 0.033333
0 9162 0.574219 0.023611 0.026562 0.026852
0 9163 0.559635 0.312963 0.029687 0.033333
0 9164 0.558854 0.389352 0.048958 0.050926
0 9165 0.284635 0.405556 0.105729 0.074074
0 9166 0.537240 0.353704 0.079687 0.055556
0 9167 0.402604 0.367130 0.044792 0.041667
0 9168 0.426042 0.256019 0.039583 0.034259
0 9169 0.424479 0.228241 0.041667 0.032407
0 9170 0.576302 0.010185 0.016146 0.020370
