0 9276 0.361719 0.340278 0.086979 0.054630
0 9277 0.580729 0.312963 0.057292 0.044444
0 9278 0.386458 0.343056 0.054167 0.049074
0 9279 0.363021 0.036111 0.025000 0.022222
0 9280 0.586979 0.173611 0.031250 0.028704
0 9281 0.524740 0.409722 0.110937 0.076852
0 9282 0.585938 0.096296 0.025000 0.033333
0 9283 0.437760 0.356019 0.045312 0.037963
0 9284 0.373437 0.377778 0.073958 0.051852
0 9285 0.360677 0.107407 0.029687 0.029630
0 9286 0.505208 0.432870 0.119792 0.082407
0 9287 0.389323 0.202315 0.029687 0.034259
0 9288 0.572917 0.023611 0.026042 0.026852
0 9289 0.559635 0.315278 0.029687 0.036111
0 9290 0.559375 0.393519 0.050000 0.051852
0 9291 0.285417 0.417130 0.109375 0.073148
0 9292 0.535937 0.359722 0.077083 0.056481
0 9293 0.402083 0.368519 0.044792 0.040741
0 9294 0.426823 0.260185 0.040104 0.035185
0 9295 0.425260 0.234259 0.042188 0.031481
0 9296 0.576302 0.011111 0.016146 0.020370
