0 8901 0.363021 0.316204 0.085417 0.052778
0 8902 0.586458 0.305093 0.056250 0.041667
0 8903 0.387240 0.333333 0.054688 0.046296
0 8904 0.365625 0.032407 0.025000 0.022222
0 8905 0.589583 0.157870 0.031250 0.028704
0 8906 0.531250 0.382870 0.100000 0.069444
0 8907 0.585938 0.077778 0.022917 0.033333
0 8908 0.442188 0.335185 0.044792 0.037037
0 8909 0.374740 0.374074 0.071354 0.050000
0 8910 0.350521 0.107407 0.030208 0.027778
0 8911 0.284115 0.387963 0.102604 0.072222
0 8912 0.387240 0.192593 0.029687 0.031481
0 8913 0.575000 0.023611 0.026042 0.026852
0 8914 0.558073 0.306481 0.029687 0.033333
0 8915 0.559896 0.386574 0.047917 0.045370
0 8916 0.537500 0.341667 0.081250 0.055556
0 8917 0.407292 0.363426 0.044792 0.041667
0 8918 0.424219 0.249074 0.039062 0.033333
0 8919 0.422917 0.225463 0.040625 0.032407
0 8920 0.510417 0.399537 0.121875 0.076852
