0 10473 0.602865 0.370833 0.034896 0.039815
0 10474 0.366927 0.011574 0.017188 0.023148
0 10475 0.561198 0.435185 0.053646 0.053704
0 10476 0.428906 0.412500 0.042188 0.043519
0 10477 0.392708 0.235648 0.030208 0.037963
0 10478 0.560937 0.050463 0.025000 0.030556
0 10479 0.347917 0.430093 0.094792 0.063889
0 10480 0.529427 0.423611 0.084896 0.062037
0 10481 0.408333 0.389815 0.051042 0.044444
0 10482 0.429688 0.315278 0.041667 0.036111
0 10483 0.422135 0.281019 0.042188 0.039815
0 10484 0.492448 0.518981 0.132812 0.093519
0 10485 0.371354 0.049537 0.023958 0.023148
0 10486 0.585938 0.026852 0.016667 0.024074
0 10487 0.377083 0.387500 0.068750 0.054630
0 10488 0.357292 0.400926 0.075000 0.053704
0 10489 0.573177 0.138889 0.030729 0.033333
0 10490 0.290885 0.499537 0.117188 0.080556
0 10491 0.389323 0.134259 0.028646 0.029630
0 10492 0.552344 0.347222 0.036979 0.040741
0 10493 0.574740 0.196296 0.030729 0.031481
0 10494 0.516146 0.494444 0.115625 0.092593
0 10495 0.581771 0.350463 0.061458 0.049074
