0 9528 0.358333 0.360648 0.088542 0.056481
0 9529 0.579688 0.318981 0.057292 0.043519
0 9530 0.386719 0.355556 0.054688 0.048148
0 9531 0.362760 0.037500 0.024479 0.023148
0 9532 0.583854 0.180556 0.031250 0.029630
0 9533 0.521875 0.431944 0.111458 0.078704
0 9534 0.583854 0.106944 0.026042 0.034259
0 9535 0.434896 0.369907 0.044792 0.037963
0 9536 0.371354 0.382407 0.073958 0.053704
0 9537 0.369271 0.113426 0.029167 0.028704
0 9538 0.500000 0.454167 0.119792 0.084259
0 9539 0.389062 0.207407 0.029167 0.033333
0 9540 0.570312 0.021759 0.026042 0.028704
0 9541 0.557552 0.319444 0.030729 0.040741
0 9542 0.559635 0.401852 0.050521 0.051852
0 9543 0.287500 0.439352 0.115625 0.076852
0 9544 0.534635 0.371296 0.078646 0.059259
0 9545 0.402865 0.372222 0.044271 0.042593
0 9546 0.427083 0.268056 0.040625 0.036111
0 9547 0.428385 0.246296 0.042188 0.029630
0 9548 0.578646 0.017593 0.016667 0.022222
