0 10200 0.352865 0.420370 0.088021 0.061111
0 10201 0.581250 0.343519 0.058333 0.048148
0 10202 0.378125 0.378241 0.064583 0.052778
0 10203 0.368229 0.045833 0.025000 0.023148
0 10204 0.575260 0.190278 0.029687 0.032407
0 10205 0.514323 0.480556 0.111979 0.092593
0 10206 0.574479 0.132407 0.029167 0.031481
0 10207 0.430990 0.406019 0.043229 0.043519
0 10208 0.359635 0.384722 0.074479 0.052778
0 10209 0.384635 0.128704 0.028646 0.029630
0 10210 0.494531 0.507407 0.130729 0.092593
0 10211 0.390104 0.231944 0.031250 0.037963
0 10212 0.561458 0.040278 0.023958 0.030556
0 10213 0.552344 0.335185 0.036979 0.038889
0 10214 0.560417 0.425000 0.052083 0.051852
0 10215 0.291146 0.486574 0.116667 0.080556
0 10216 0.529687 0.412037 0.083333 0.062963
0 10217 0.408594 0.384259 0.050521 0.044444
0 10218 0.428646 0.300000 0.041667 0.035185
0 10219 0.426823 0.268056 0.042188 0.034259
0 10220 0.583073 0.023611 0.016146 0.023148
