0 9234 0.361719 0.337037 0.086979 0.053704
0 9235 0.580729 0.312037 0.057292 0.044444
0 9236 0.386458 0.341204 0.054167 0.049074
0 9237 0.363021 0.035185 0.025000 0.022222
0 9238 0.586979 0.171759 0.031250 0.028704
0 9239 0.525521 0.406944 0.110417 0.076852
0 9240 0.585938 0.093519 0.025000 0.033333
0 9241 0.439063 0.353241 0.045833 0.037963
0 9242 0.373958 0.376389 0.073958 0.050926
0 9243 0.359115 0.106481 0.029687 0.029630
0 9244 0.505729 0.429167 0.119792 0.082407
0 9245 0.389323 0.200463 0.029687 0.034259
0 9246 0.573438 0.023611 0.026042 0.026852
0 9247 0.559635 0.314815 0.029687 0.035185
0 9248 0.559115 0.391667 0.049479 0.051852
0 9249 0.285156 0.412500 0.107813 0.073148
0 9250 0.536458 0.357407 0.078125 0.055556
0 9251 0.402083 0.368981 0.044792 0.041667
0 9252 0.426563 0.258796 0.039583 0.034259
0 9253 0.425260 0.232407 0.042188 0.031481
0 9254 0.576302 0.010185 0.016146 0.020370
