0 10450 0.602865 0.368981 0.034896 0.039815
0 10451 0.366927 0.011574 0.017188 0.023148
0 10452 0.561979 0.434259 0.054167 0.053704
0 10453 0.428906 0.412500 0.042188 0.043519
0 10454 0.392708 0.235648 0.030208 0.037963
0 10455 0.561458 0.050463 0.025000 0.030556
0 10456 0.347917 0.430556 0.094792 0.064815
0 10457 0.529948 0.423148 0.084896 0.062963
0 10458 0.408333 0.388889 0.051042 0.044444
0 10459 0.429688 0.314352 0.041667 0.036111
0 10460 0.422917 0.280093 0.041667 0.039815
0 10461 0.492969 0.518981 0.132812 0.093519
0 10462 0.371354 0.049537 0.023958 0.023148
0 10463 0.585938 0.025926 0.016667 0.024074
0 10464 0.377083 0.386574 0.068750 0.054630
0 10465 0.357812 0.400000 0.075000 0.053704
0 10466 0.573698 0.138889 0.030729 0.033333
0 10467 0.291146 0.498611 0.116667 0.080556
0 10468 0.389844 0.134259 0.028646 0.029630
0 10469 0.552865 0.346296 0.036979 0.040741
0 10470 0.575260 0.196296 0.030729 0.031481
0 10471 0.516146 0.492593 0.115625 0.092593
0 10472 0.582292 0.349537 0.061458 0.049074
