0 9423 0.359896 0.351389 0.086458 0.056481
0 9424 0.579688 0.317130 0.057292 0.043519
0 9425 0.386719 0.349074 0.054688 0.048148
0 9426 0.362760 0.037500 0.024479 0.023148
0 9427 0.585417 0.178241 0.031250 0.028704
0 9428 0.521875 0.421759 0.111458 0.078704
0 9429 0.584896 0.103241 0.025000 0.034259
0 9430 0.435417 0.365278 0.044792 0.037963
0 9431 0.371875 0.381019 0.073958 0.054630
0 9432 0.365625 0.110648 0.029167 0.028704
0 9433 0.502083 0.444907 0.119792 0.082407
0 9434 0.389062 0.205556 0.029167 0.033333
0 9435 0.571875 0.021759 0.026042 0.026852
0 9436 0.558594 0.316667 0.029687 0.038889
0 9437 0.559635 0.397222 0.050521 0.051852
0 9438 0.286198 0.430556 0.114062 0.074074
0 9439 0.534896 0.366204 0.076042 0.058333
0 9440 0.401823 0.371296 0.044271 0.040741
0 9441 0.427083 0.264352 0.040625 0.036111
0 9442 0.426302 0.241667 0.042188 0.029630
0 9443 0.577083 0.013889 0.016667 0.020370
