0 9675 0.357812 0.371759 0.091667 0.058333
0 9676 0.580208 0.322685 0.057292 0.043519
0 9677 0.384375 0.364815 0.056250 0.050000
0 9678 0.362760 0.038426 0.024479 0.023148
0 9679 0.581771 0.183796 0.030208 0.030556
0 9680 0.519010 0.443519 0.111979 0.081481
0 9681 0.581771 0.111574 0.027083 0.034259
0 9682 0.434635 0.377778 0.044271 0.038889
0 9683 0.369271 0.384722 0.073958 0.052778
0 9684 0.372396 0.117130 0.029167 0.028704
0 9685 0.499219 0.467130 0.120313 0.086111
0 9686 0.388802 0.212037 0.028646 0.033333
0 9687 0.568229 0.023148 0.023958 0.029630
0 9688 0.555990 0.321296 0.031771 0.040741
0 9689 0.559635 0.407407 0.050521 0.051852
0 9690 0.288021 0.450926 0.116667 0.077778
0 9691 0.533594 0.377778 0.081771 0.061111
0 9692 0.404167 0.373611 0.043750 0.041667
0 9693 0.427604 0.272222 0.040625 0.035185
0 9694 0.429688 0.250926 0.042708 0.029630
0 9695 0.579688 0.020833 0.016667 0.023148
