0 10611 0.603646 0.384722 0.035417 0.039815
0 10612 0.367708 0.015278 0.018750 0.023148
0 10613 0.560677 0.440741 0.052604 0.053704
0 10614 0.426823 0.416204 0.042188 0.043519
0 10615 0.392708 0.239352 0.030208 0.037963
0 10616 0.560677 0.056019 0.025521 0.030556
0 10617 0.348958 0.434259 0.094792 0.061111
0 10618 0.529427 0.432870 0.084896 0.062037
0 10619 0.408333 0.391667 0.051042 0.042593
0 10620 0.427604 0.320833 0.041667 0.036111
0 10621 0.418229 0.287037 0.042708 0.040741
0 10622 0.490885 0.525000 0.133854 0.094444
0 10623 0.374479 0.051389 0.023958 0.023148
0 10624 0.586198 0.028704 0.017188 0.024074
0 10625 0.377083 0.396759 0.068750 0.054630
0 10626 0.357292 0.407870 0.075000 0.050926
0 10627 0.572656 0.142130 0.030729 0.034259
0 10628 0.290625 0.510648 0.121875 0.084259
0 10629 0.388802 0.138889 0.028646 0.031481
0 10630 0.552083 0.351389 0.037500 0.041667
0 10631 0.573958 0.200463 0.031250 0.032407
0 10632 0.516667 0.502778 0.115625 0.088889
0 10633 0.580729 0.353241 0.062500 0.049074
