0 9591 0.357552 0.366204 0.090104 0.056481
0 9592 0.579688 0.319907 0.057292 0.043519
0 9593 0.386719 0.360185 0.054688 0.048148
0 9594 0.362760 0.037500 0.024479 0.023148
0 9595 0.583333 0.182870 0.031250 0.030556
0 9596 0.521875 0.438426 0.111458 0.078704
0 9597 0.583333 0.108796 0.027083 0.034259
0 9598 0.434896 0.372685 0.044792 0.037963
0 9599 0.371354 0.382870 0.073958 0.052778
0 9600 0.371354 0.115278 0.029167 0.028704
0 9601 0.499219 0.460648 0.120313 0.086111
0 9602 0.389062 0.209259 0.029167 0.033333
0 9603 0.569792 0.022685 0.026042 0.030556
0 9604 0.557292 0.320833 0.031250 0.041667
0 9605 0.559635 0.404630 0.050521 0.051852
0 9606 0.288021 0.445833 0.116667 0.078704
0 9607 0.534896 0.374537 0.080208 0.060185
0 9608 0.403385 0.372685 0.044271 0.043519
0 9609 0.427083 0.269907 0.040625 0.036111
0 9610 0.429948 0.249074 0.042188 0.029630
0 9611 0.579688 0.018981 0.016667 0.023148
