0 8982 0.362240 0.319907 0.088021 0.052778
0 8983 0.584896 0.306019 0.056250 0.041667
0 8984 0.385417 0.334722 0.052083 0.049074
0 8985 0.365104 0.032870 0.025000 0.021296
0 8986 0.589063 0.161574 0.031250 0.028704
0 8987 0.529687 0.387963 0.100000 0.070370
0 8988 0.585417 0.081481 0.022917 0.033333
0 8989 0.441406 0.338889 0.046354 0.037037
0 8990 0.375000 0.374537 0.073958 0.049074
0 8991 0.353646 0.105556 0.030208 0.027778
0 8992 0.508073 0.406019 0.121354 0.076852
0 8993 0.388802 0.194444 0.029687 0.031481
0 8994 0.574740 0.023611 0.026562 0.026852
0 8995 0.558073 0.308796 0.029687 0.034259
0 8996 0.558854 0.386574 0.047917 0.045370
0 8997 0.283073 0.393519 0.106771 0.074074
0 8998 0.538021 0.345833 0.084375 0.056481
0 8999 0.406250 0.366204 0.044792 0.041667
0 9000 0.425521 0.252315 0.039583 0.034259
0 9001 0.423177 0.225463 0.041146 0.032407
0 9002 0.576302 0.010185 0.016146 0.020370
