0 9948 0.353385 0.395833 0.094271 0.060185
0 9949 0.580990 0.333796 0.057813 0.043519
0 9950 0.379688 0.376389 0.063542 0.052778
0 9951 0.363542 0.041204 0.025000 0.025000
0 9952 0.577604 0.188426 0.029167 0.032407
0 9953 0.514323 0.464352 0.111979 0.089815
0 9954 0.578125 0.123611 0.028125 0.034259
0 9955 0.432552 0.393519 0.043229 0.042593
0 9956 0.362500 0.384722 0.073958 0.052778
0 9957 0.378385 0.123611 0.028646 0.028704
0 9958 0.495573 0.487963 0.127604 0.087037
0 9959 0.389583 0.223148 0.030208 0.037037
0 9960 0.564583 0.028704 0.022917 0.029630
0 9961 0.553646 0.326852 0.035417 0.038889
0 9962 0.560156 0.415741 0.051562 0.051852
0 9963 0.289062 0.469444 0.113542 0.079630
0 9964 0.530729 0.395370 0.083333 0.062963
0 9965 0.407813 0.377778 0.047917 0.038889
0 9966 0.428385 0.284259 0.041146 0.035185
0 9967 0.428646 0.257870 0.042708 0.032407
0 9968 0.580469 0.022685 0.018229 0.023148
