0 9318 0.361458 0.342593 0.086458 0.055556
0 9319 0.580208 0.314352 0.057292 0.043519
0 9320 0.386458 0.343981 0.054167 0.049074
0 9321 0.363021 0.036574 0.025000 0.023148
0 9322 0.586458 0.174537 0.031250 0.028704
0 9323 0.523438 0.412963 0.111458 0.077778
0 9324 0.585938 0.098148 0.025000 0.033333
0 9325 0.436979 0.358796 0.044792 0.037963
0 9326 0.372917 0.378241 0.073958 0.052778
0 9327 0.361979 0.107870 0.029167 0.028704
0 9328 0.504167 0.436574 0.119792 0.082407
0 9329 0.389323 0.203241 0.029687 0.034259
0 9330 0.572396 0.022685 0.026042 0.026852
0 9331 0.559115 0.314815 0.029687 0.037037
0 9332 0.559375 0.394444 0.050000 0.051852
0 9333 0.285677 0.420833 0.110937 0.073148
0 9334 0.535677 0.361111 0.076563 0.057407
0 9335 0.402083 0.369444 0.044792 0.040741
0 9336 0.426823 0.261111 0.040104 0.035185
0 9337 0.425260 0.236574 0.042188 0.030556
0 9338 0.576562 0.012037 0.016667 0.020370
