0 9444 0.359635 0.353241 0.086979 0.056481
0 9445 0.579688 0.318056 0.057292 0.043519
0 9446 0.386719 0.350000 0.054688 0.048148
0 9447 0.362760 0.037500 0.024479 0.023148
0 9448 0.584896 0.178241 0.031250 0.028704
0 9449 0.521875 0.423611 0.111458 0.078704
0 9450 0.585156 0.104167 0.025521 0.034259
0 9451 0.435417 0.366204 0.044792 0.037963
0 9452 0.371875 0.381019 0.073958 0.054630
0 9453 0.366146 0.110648 0.029167 0.028704
0 9454 0.501563 0.447222 0.119792 0.083333
0 9455 0.389062 0.205556 0.029167 0.033333
0 9456 0.571354 0.022222 0.026042 0.027778
0 9457 0.558073 0.317130 0.029687 0.039815
0 9458 0.559635 0.398148 0.050521 0.051852
0 9459 0.286198 0.432407 0.114062 0.074074
0 9460 0.534635 0.367130 0.076563 0.058333
0 9461 0.402344 0.371759 0.044271 0.041667
0 9462 0.427083 0.264352 0.040625 0.036111
0 9463 0.426823 0.242593 0.042188 0.029630
0 9464 0.577083 0.014815 0.016667 0.020370
