0 9003 0.362240 0.321759 0.088021 0.052778
0 9004 0.584375 0.306019 0.056250 0.041667
0 9005 0.385417 0.335648 0.052083 0.049074
0 9006 0.365104 0.032870 0.025000 0.021296
0 9007 0.589063 0.162500 0.031250 0.028704
0 9008 0.529167 0.390278 0.101042 0.071296
0 9009 0.585677 0.082407 0.023438 0.033333
0 9010 0.441406 0.339815 0.046354 0.037037
0 9011 0.375000 0.374537 0.073958 0.049074
0 9012 0.354167 0.105556 0.030208 0.027778
0 9013 0.508073 0.408333 0.121354 0.077778
0 9014 0.388802 0.194444 0.029687 0.031481
0 9015 0.574740 0.023611 0.026562 0.026852
0 9016 0.558073 0.308796 0.029687 0.034259
0 9017 0.558854 0.387037 0.047917 0.046296
0 9018 0.283594 0.395370 0.106771 0.074074
0 9019 0.537760 0.346759 0.083854 0.056481
0 9020 0.405729 0.366204 0.044792 0.041667
0 9021 0.425521 0.252315 0.039583 0.034259
0 9022 0.423438 0.225463 0.041667 0.032407
0 9023 0.576302 0.010185 0.016146 0.020370
