0 9570 0.357812 0.364352 0.089583 0.056481
0 9571 0.579688 0.319907 0.057292 0.043519
0 9572 0.386719 0.358333 0.054688 0.048148
0 9573 0.362760 0.037500 0.024479 0.023148
0 9574 0.583333 0.181481 0.031250 0.029630
0 9575 0.521875 0.436574 0.111458 0.078704
0 9576 0.583073 0.107870 0.026562 0.034259
0 9577 0.434896 0.371759 0.044792 0.037963
0 9578 0.371354 0.381944 0.073958 0.052778
0 9579 0.370312 0.114352 0.029167 0.028704
0 9580 0.498958 0.458333 0.119792 0.085185
0 9581 0.389062 0.208333 0.029167 0.033333
0 9582 0.569792 0.022222 0.026042 0.029630
0 9583 0.557031 0.320833 0.030729 0.041667
0 9584 0.559635 0.403704 0.050521 0.051852
0 9585 0.287760 0.443519 0.116146 0.077778
0 9586 0.534635 0.373148 0.079687 0.059259
0 9587 0.403385 0.372685 0.044271 0.043519
0 9588 0.427083 0.268981 0.040625 0.036111
0 9589 0.429427 0.248148 0.042188 0.029630
0 9590 0.579167 0.018519 0.016667 0.022222
