0 9780 0.358333 0.378704 0.093750 0.061111
0 9781 0.580729 0.326389 0.057292 0.043519
0 9782 0.382292 0.371296 0.058333 0.051852
0 9783 0.362760 0.039352 0.024479 0.023148
0 9784 0.580208 0.185185 0.029167 0.031481
0 9785 0.515885 0.450463 0.111979 0.084259
0 9786 0.579688 0.116204 0.027083 0.034259
0 9787 0.434115 0.383796 0.044271 0.039815
0 9788 0.367188 0.386574 0.073958 0.052778
0 9789 0.374479 0.119907 0.029167 0.028704
0 9790 0.499219 0.476389 0.120313 0.086111
0 9791 0.388802 0.217130 0.028646 0.034259
0 9792 0.566667 0.024074 0.021875 0.029630
0 9793 0.554688 0.322222 0.032292 0.038889
0 9794 0.559635 0.411111 0.050521 0.051852
0 9795 0.287500 0.459259 0.116667 0.077778
0 9796 0.532552 0.383333 0.083854 0.062963
0 9797 0.405208 0.373611 0.043750 0.039815
0 9798 0.427604 0.275926 0.040625 0.035185
0 9799 0.429688 0.252778 0.042708 0.029630
0 9800 0.579948 0.021759 0.017188 0.023148
