0 10565 0.603385 0.381019 0.034896 0.039815
0 10566 0.367448 0.014352 0.018229 0.023148
0 10567 0.560937 0.438889 0.053125 0.053704
0 10568 0.427344 0.415278 0.042188 0.043519
0 10569 0.392708 0.238426 0.030208 0.037963
0 10570 0.561198 0.054167 0.025521 0.030556
0 10571 0.348438 0.432870 0.094792 0.062037
0 10572 0.529427 0.430093 0.084896 0.062037
0 10573 0.408333 0.391204 0.051042 0.043519
0 10574 0.428125 0.318981 0.041667 0.036111
0 10575 0.419792 0.285185 0.042708 0.040741
0 10576 0.491927 0.523148 0.133854 0.094444
0 10577 0.373437 0.051389 0.023958 0.023148
0 10578 0.586198 0.027778 0.017188 0.024074
0 10579 0.377083 0.393981 0.068750 0.054630
0 10580 0.357292 0.405556 0.075000 0.051852
0 10581 0.573177 0.141204 0.030729 0.034259
0 10582 0.290885 0.507407 0.120313 0.083333
0 10583 0.389323 0.137963 0.028646 0.031481
0 10584 0.552604 0.350463 0.037500 0.041667
0 10585 0.574479 0.199537 0.031250 0.032407
0 10586 0.516667 0.499537 0.115625 0.089815
0 10587 0.581250 0.352315 0.062500 0.049074
