0 9108 0.362240 0.328241 0.088021 0.052778
0 9109 0.582552 0.307870 0.056771 0.043519
0 9110 0.385937 0.337500 0.053125 0.049074
0 9111 0.363542 0.033796 0.025000 0.021296
0 9112 0.588021 0.167130 0.031250 0.028704
0 9113 0.527865 0.398148 0.106771 0.074074
0 9114 0.585677 0.087037 0.024479 0.033333
0 9115 0.440885 0.345833 0.046354 0.037963
0 9116 0.375000 0.374537 0.073958 0.049074
0 9117 0.355729 0.105093 0.030208 0.028704
0 9118 0.507552 0.417130 0.120313 0.080556
0 9119 0.388802 0.197222 0.029687 0.033333
0 9120 0.574219 0.023611 0.026562 0.026852
0 9121 0.559115 0.312037 0.029687 0.033333
0 9122 0.558854 0.388426 0.048958 0.049074
0 9123 0.284115 0.402778 0.105729 0.074074
0 9124 0.537240 0.351852 0.080729 0.055556
0 9125 0.403646 0.367130 0.044792 0.041667
0 9126 0.426042 0.255093 0.039583 0.034259
0 9127 0.424479 0.227315 0.041667 0.032407
0 9128 0.576302 0.010185 0.016146 0.020370
