0 10680 0.606510 0.391204 0.038021 0.039815
0 10681 0.368229 0.018519 0.019792 0.024074
0 10682 0.560417 0.443519 0.052083 0.053704
0 10683 0.425781 0.418056 0.042188 0.043519
0 10684 0.392708 0.241667 0.030208 0.038889
0 10685 0.560937 0.059259 0.026042 0.031481
0 10686 0.349479 0.436574 0.094792 0.060185
0 10687 0.529427 0.437500 0.084896 0.062037
0 10688 0.408594 0.392130 0.051562 0.041667
0 10689 0.426563 0.323611 0.041667 0.036111
0 10690 0.416406 0.290278 0.043229 0.041667
0 10691 0.490885 0.528241 0.134896 0.095370
0 10692 0.375781 0.053241 0.023438 0.023148
0 10693 0.586979 0.029630 0.017708 0.024074
0 10694 0.377083 0.402778 0.068750 0.055556
0 10695 0.357292 0.411574 0.075000 0.049074
0 10696 0.572656 0.144444 0.030729 0.035185
0 10697 0.290365 0.516204 0.124479 0.086111
0 10698 0.388802 0.141204 0.028646 0.032407
0 10699 0.552344 0.353704 0.038021 0.042593
0 10700 0.574219 0.202778 0.031771 0.033333
0 10701 0.516927 0.507407 0.115104 0.087037
0 10702 0.580729 0.354167 0.063542 0.049074
