0 9969 0.352344 0.398611 0.094271 0.060185
0 9970 0.580990 0.334722 0.057813 0.043519
0 9971 0.379427 0.377315 0.064062 0.052778
0 9972 0.363542 0.041204 0.025000 0.025000
0 9973 0.577083 0.188426 0.029167 0.032407
0 9974 0.514323 0.466667 0.111979 0.090741
0 9975 0.578125 0.124537 0.028125 0.034259
0 9976 0.432552 0.394444 0.043229 0.042593
0 9977 0.361979 0.384722 0.073958 0.052778
0 9978 0.378906 0.124537 0.028646 0.028704
0 9979 0.495052 0.489815 0.128646 0.087037
0 9980 0.389844 0.223148 0.030729 0.037037
0 9981 0.564063 0.028704 0.022917 0.029630
0 9982 0.553906 0.327778 0.035937 0.038889
0 9983 0.560156 0.415741 0.051562 0.051852
0 9984 0.289323 0.470370 0.113021 0.079630
0 9985 0.529948 0.397222 0.082812 0.062963
0 9986 0.408073 0.377778 0.048438 0.038889
0 9987 0.428385 0.285185 0.041146 0.035185
0 9988 0.428646 0.259259 0.042708 0.033333
0 9989 0.580469 0.022685 0.018229 0.023148
