0 10519 0.602865 0.376389 0.034896 0.039815
0 10520 0.367188 0.012500 0.017708 0.023148
0 10521 0.560937 0.437037 0.053125 0.053704
0 10522 0.427865 0.413426 0.042188 0.043519
0 10523 0.392708 0.236574 0.030208 0.037963
0 10524 0.560937 0.052315 0.025000 0.030556
0 10525 0.347917 0.431481 0.094792 0.062963
0 10526 0.529427 0.426389 0.084896 0.062037
0 10527 0.408333 0.390278 0.051042 0.043519
0 10528 0.429167 0.317130 0.041667 0.036111
0 10529 0.420573 0.282870 0.042188 0.039815
0 10530 0.492188 0.520833 0.133333 0.093519
0 10531 0.372396 0.050463 0.023958 0.023148
0 10532 0.585938 0.027778 0.016667 0.024074
0 10533 0.377083 0.391204 0.068750 0.054630
0 10534 0.357292 0.403241 0.075000 0.052778
0 10535 0.573177 0.139815 0.030729 0.033333
0 10536 0.290625 0.502778 0.118750 0.081481
0 10537 0.389323 0.135648 0.028646 0.030556
0 10538 0.552344 0.348148 0.036979 0.040741
0 10539 0.574740 0.197222 0.030729 0.031481
0 10540 0.516146 0.497685 0.115625 0.091667
0 10541 0.581510 0.351389 0.061979 0.049074
