0 9759 0.358073 0.377315 0.093229 0.060185
0 9760 0.580729 0.325463 0.057292 0.043519
0 9761 0.382552 0.370370 0.057813 0.051852
0 9762 0.362760 0.039352 0.024479 0.023148
0 9763 0.580208 0.185185 0.029167 0.031481
0 9764 0.516406 0.449074 0.111979 0.083333
0 9765 0.580208 0.115278 0.027083 0.034259
0 9766 0.434115 0.382407 0.044271 0.038889
0 9767 0.367708 0.386574 0.073958 0.052778
0 9768 0.373958 0.118981 0.029167 0.028704
0 9769 0.499219 0.474537 0.120313 0.086111
0 9770 0.388802 0.216204 0.028646 0.034259
0 9771 0.566927 0.024074 0.022396 0.029630
0 9772 0.555208 0.321296 0.032292 0.038889
0 9773 0.559635 0.410185 0.050521 0.051852
0 9774 0.287500 0.457407 0.116667 0.077778
0 9775 0.532813 0.382407 0.083333 0.062963
0 9776 0.405208 0.373611 0.043750 0.039815
0 9777 0.427604 0.275000 0.040625 0.035185
0 9778 0.429688 0.252778 0.042708 0.029630
0 9779 0.579948 0.021759 0.017188 0.023148
