0 8801 0.364323 0.311574 0.081771 0.052778
0 8802 0.588021 0.304167 0.056250 0.041667
0 8803 0.390885 0.331019 0.059896 0.041667
0 8804 0.365625 0.031481 0.025000 0.024074
0 8805 0.590104 0.152315 0.031250 0.028704
0 8806 0.533333 0.376389 0.102083 0.069444
0 8807 0.585938 0.074074 0.022917 0.033333
0 8808 0.443490 0.331481 0.042188 0.037037
0 8809 0.375000 0.374074 0.066667 0.050000
0 8810 0.345833 0.108333 0.030208 0.027778
0 8811 0.285677 0.381019 0.095312 0.067593
0 8812 0.384635 0.190741 0.029687 0.031481
0 8813 0.575000 0.023611 0.026042 0.026852
0 8814 0.558073 0.303704 0.029687 0.033333
0 8815 0.560417 0.386574 0.047917 0.045370
0 8816 0.535937 0.336111 0.075000 0.053704
0 8817 0.408854 0.358796 0.044792 0.041667
0 8818 0.423177 0.245833 0.039062 0.032407
0 8819 0.422656 0.225000 0.040104 0.031481
0 8820 0.513021 0.391204 0.121875 0.076852
