0 9885 0.355469 0.389815 0.094271 0.061111
0 9886 0.580729 0.331019 0.057292 0.043519
0 9887 0.380729 0.375463 0.061458 0.052778
0 9888 0.363542 0.040741 0.025000 0.024074
0 9889 0.578646 0.187500 0.029167 0.032407
0 9890 0.514844 0.458796 0.111979 0.087963
0 9891 0.578906 0.120833 0.027604 0.034259
0 9892 0.433333 0.389815 0.043750 0.040741
0 9893 0.364583 0.385648 0.073958 0.052778
0 9894 0.376823 0.122685 0.028646 0.028704
0 9895 0.497135 0.483796 0.124479 0.086111
0 9896 0.389323 0.220833 0.029687 0.036111
0 9897 0.565365 0.026852 0.022396 0.029630
0 9898 0.554167 0.325000 0.034375 0.038889
0 9899 0.559896 0.413889 0.051042 0.051852
0 9900 0.288802 0.465278 0.115104 0.078704
0 9901 0.531250 0.390741 0.083333 0.062963
0 9902 0.406771 0.375926 0.045833 0.038889
0 9903 0.428125 0.280556 0.040625 0.035185
0 9904 0.429167 0.256481 0.042708 0.031481
0 9905 0.580208 0.022685 0.017708 0.023148
