0 9381 0.361198 0.348148 0.085938 0.057407
0 9382 0.579688 0.316204 0.057292 0.043519
0 9383 0.386719 0.346759 0.054688 0.049074
0 9384 0.362760 0.037500 0.024479 0.023148
0 9385 0.585938 0.177315 0.031250 0.028704
0 9386 0.521875 0.418056 0.111458 0.078704
0 9387 0.585938 0.102315 0.025000 0.034259
0 9388 0.435417 0.363426 0.044792 0.037963
0 9389 0.372396 0.381019 0.073958 0.054630
0 9390 0.364583 0.109722 0.029167 0.028704
0 9391 0.503125 0.442130 0.119792 0.082407
0 9392 0.389323 0.205093 0.029687 0.034259
0 9393 0.572396 0.022685 0.026042 0.026852
0 9394 0.559115 0.315741 0.029687 0.038889
0 9395 0.560156 0.396296 0.050521 0.051852
0 9396 0.285938 0.427315 0.113542 0.073148
0 9397 0.535156 0.364352 0.075521 0.058333
0 9398 0.401562 0.369907 0.044792 0.039815
0 9399 0.427083 0.262500 0.040625 0.036111
0 9400 0.425781 0.240278 0.042188 0.030556
0 9401 0.576823 0.012963 0.017188 0.020370
