0 9612 0.357031 0.367130 0.090104 0.056481
0 9613 0.579688 0.320833 0.057292 0.043519
0 9614 0.385677 0.361111 0.054688 0.048148
0 9615 0.362760 0.037500 0.024479 0.023148
0 9616 0.582552 0.182870 0.030729 0.030556
0 9617 0.521094 0.439815 0.111979 0.079630
0 9618 0.582812 0.109722 0.027083 0.034259
0 9619 0.434635 0.373611 0.044271 0.037963
0 9620 0.370833 0.382870 0.073958 0.052778
0 9621 0.371354 0.115278 0.029167 0.028704
0 9622 0.499219 0.461574 0.120313 0.086111
0 9623 0.388802 0.209259 0.028646 0.033333
0 9624 0.569010 0.022222 0.025521 0.029630
0 9625 0.556771 0.320833 0.031250 0.041667
0 9626 0.559635 0.404630 0.050521 0.051852
0 9627 0.288021 0.446296 0.116667 0.077778
0 9628 0.534375 0.374537 0.080208 0.060185
0 9629 0.403906 0.373611 0.044271 0.043519
0 9630 0.427083 0.270370 0.040625 0.035185
0 9631 0.429948 0.249074 0.042188 0.029630
0 9632 0.579688 0.019907 0.016667 0.023148
