0 9927 0.353906 0.393981 0.094271 0.060185
0 9928 0.580990 0.332870 0.057813 0.043519
0 9929 0.379688 0.376389 0.062500 0.052778
0 9930 0.363542 0.040741 0.025000 0.024074
0 9931 0.577604 0.187500 0.029167 0.032407
0 9932 0.514323 0.462037 0.111979 0.088889
0 9933 0.578385 0.122685 0.027604 0.034259
0 9934 0.432552 0.392130 0.043229 0.041667
0 9935 0.363021 0.385648 0.073958 0.052778
0 9936 0.377865 0.123611 0.028646 0.028704
0 9937 0.496094 0.487037 0.126562 0.087037
0 9938 0.389583 0.221759 0.030208 0.036111
0 9939 0.564323 0.027778 0.022396 0.029630
0 9940 0.553906 0.325926 0.034896 0.038889
0 9941 0.559896 0.414815 0.051042 0.051852
0 9942 0.288802 0.468056 0.114062 0.078704
0 9943 0.530729 0.393519 0.083333 0.062963
0 9944 0.407552 0.376852 0.047396 0.038889
0 9945 0.428385 0.283333 0.041146 0.035185
0 9946 0.428646 0.257870 0.042708 0.032407
0 9947 0.580469 0.022685 0.018229 0.023148
