0 9738 0.357812 0.376389 0.092708 0.060185
0 9739 0.580729 0.324537 0.057292 0.043519
0 9740 0.382812 0.368981 0.057292 0.050926
0 9741 0.362760 0.039352 0.024479 0.023148
0 9742 0.580990 0.185185 0.029687 0.031481
0 9743 0.516927 0.448148 0.111979 0.083333
0 9744 0.580729 0.114352 0.027083 0.034259
0 9745 0.434115 0.381481 0.044271 0.038889
0 9746 0.368229 0.385648 0.073958 0.052778
0 9747 0.373437 0.118981 0.029167 0.028704
0 9748 0.499219 0.472685 0.120313 0.086111
0 9749 0.388802 0.215278 0.028646 0.034259
0 9750 0.567187 0.024074 0.022917 0.029630
0 9751 0.555208 0.321759 0.032292 0.039815
0 9752 0.559635 0.409259 0.050521 0.051852
0 9753 0.287500 0.455556 0.116667 0.077778
0 9754 0.533073 0.381019 0.082812 0.062037
0 9755 0.404687 0.374074 0.043750 0.040741
0 9756 0.427604 0.275000 0.040625 0.035185
0 9757 0.429688 0.251852 0.042708 0.029630
0 9758 0.579948 0.020833 0.017188 0.023148
