0 8921 0.362500 0.317130 0.086458 0.052778
0 8922 0.585938 0.305093 0.056250 0.041667
0 8923 0.386198 0.333796 0.053646 0.047222
0 8924 0.365625 0.032407 0.025000 0.022222
0 8925 0.589583 0.158796 0.031250 0.028704
0 8926 0.530469 0.383796 0.099479 0.069444
0 8927 0.585938 0.078704 0.022917 0.033333
0 8928 0.441927 0.336111 0.045312 0.037037
0 8929 0.374479 0.374074 0.071875 0.050000
0 8930 0.351562 0.106481 0.030208 0.027778
0 8931 0.283854 0.389352 0.104167 0.073148
0 8932 0.387760 0.193519 0.029687 0.031481
0 8933 0.575000 0.023611 0.026042 0.026852
0 8934 0.558073 0.306944 0.029687 0.034259
0 8935 0.559375 0.386574 0.047917 0.045370
0 8936 0.537760 0.343056 0.082812 0.056481
0 8937 0.406771 0.364352 0.044792 0.041667
0 8938 0.424219 0.250000 0.039062 0.033333
0 8939 0.423177 0.225463 0.041146 0.032407
0 8940 0.509896 0.401389 0.121875 0.076852
