0 9843 0.357031 0.385185 0.094271 0.061111
0 9844 0.580729 0.329167 0.057292 0.043519
0 9845 0.380990 0.374537 0.059896 0.052778
0 9846 0.363542 0.040741 0.025000 0.024074
0 9847 0.579167 0.186574 0.029167 0.032407
0 9848 0.514844 0.455093 0.111979 0.086111
0 9849 0.579167 0.118981 0.027083 0.034259
0 9850 0.433854 0.387963 0.043750 0.040741
0 9851 0.365625 0.386574 0.073958 0.052778
0 9852 0.375781 0.121759 0.028646 0.028704
0 9853 0.498177 0.481019 0.122396 0.086111
0 9854 0.389062 0.219444 0.029167 0.035185
0 9855 0.565625 0.025926 0.021875 0.029630
0 9856 0.554167 0.323148 0.033333 0.038889
0 9857 0.559635 0.412963 0.050521 0.051852
0 9858 0.288281 0.462963 0.116146 0.077778
0 9859 0.532031 0.387037 0.083854 0.062963
0 9860 0.406250 0.375000 0.044792 0.038889
0 9861 0.428125 0.278704 0.040625 0.035185
0 9862 0.429167 0.255093 0.042708 0.030556
0 9863 0.580208 0.022685 0.017708 0.023148
