0 10887 0.608073 0.404167 0.042188 0.039815
0 10888 0.370312 0.025000 0.020833 0.024074
0 10889 0.560156 0.454630 0.052604 0.053704
0 10890 0.422135 0.421759 0.042188 0.043519
0 10891 0.392708 0.249074 0.030208 0.037037
0 10892 0.559375 0.064815 0.026042 0.031481
0 10893 0.346875 0.453241 0.095833 0.062037
0 10894 0.529427 0.443519 0.084896 0.064815
0 10895 0.407292 0.402778 0.052083 0.042593
0 10896 0.430208 0.331944 0.041667 0.036111
0 10897 0.409896 0.297222 0.043750 0.038889
0 10898 0.492188 0.536574 0.137500 0.095370
0 10899 0.380469 0.056944 0.023438 0.023148
0 10900 0.590885 0.037037 0.017188 0.024074
0 10901 0.378125 0.412963 0.070833 0.055556
0 10902 0.356771 0.422222 0.073958 0.048148
0 10903 0.570052 0.148611 0.030729 0.036111
0 10904 0.289844 0.535185 0.115104 0.087037
0 10905 0.391146 0.145833 0.028125 0.032407
0 10906 0.554427 0.360185 0.038021 0.042593
0 10907 0.572656 0.211111 0.031771 0.033333
0 10908 0.518229 0.515741 0.119792 0.087037
0 10909 0.580729 0.362037 0.063542 0.050000
