0 10910 0.609115 0.407870 0.038021 0.039815
0 10911 0.371094 0.025926 0.021354 0.024074
0 10912 0.560417 0.456481 0.053125 0.053704
0 10913 0.421615 0.422685 0.042188 0.043519
0 10914 0.392708 0.250926 0.030208 0.037037
0 10915 0.559375 0.065741 0.026042 0.031481
0 10916 0.347135 0.455556 0.096354 0.062963
0 10917 0.529427 0.444907 0.084896 0.065741
0 10918 0.406771 0.403704 0.052083 0.042593
0 10919 0.430208 0.332870 0.041667 0.036111
0 10920 0.409375 0.298148 0.043750 0.038889
0 10921 0.492448 0.537500 0.138021 0.095370
0 10922 0.380990 0.057870 0.023438 0.023148
0 10923 0.591406 0.037963 0.017188 0.024074
0 10924 0.378906 0.414815 0.071354 0.055556
0 10925 0.357292 0.424074 0.073958 0.048148
0 10926 0.570052 0.150000 0.030729 0.037037
0 10927 0.289844 0.538426 0.114062 0.087963
0 10928 0.391667 0.146759 0.028125 0.032407
0 10929 0.554948 0.361111 0.038021 0.042593
0 10930 0.572656 0.212963 0.031771 0.033333
0 10931 0.518490 0.516667 0.120313 0.087037
0 10932 0.580990 0.362500 0.064062 0.050926
