0 10657 0.604427 0.389352 0.035937 0.039815
0 10658 0.367969 0.017130 0.019271 0.023148
0 10659 0.560417 0.442593 0.052083 0.053704
0 10660 0.426302 0.417130 0.042188 0.043519
0 10661 0.392708 0.240278 0.030208 0.037963
0 10662 0.560677 0.057870 0.025521 0.030556
0 10663 0.348958 0.435648 0.094792 0.060185
0 10664 0.529427 0.435648 0.084896 0.062037
0 10665 0.408594 0.392593 0.051562 0.042593
0 10666 0.427083 0.322685 0.041667 0.036111
0 10667 0.416927 0.288889 0.043229 0.040741
0 10668 0.490625 0.526852 0.134375 0.094444
0 10669 0.375260 0.052315 0.023438 0.023148
0 10670 0.586198 0.029630 0.017188 0.024074
0 10671 0.377083 0.400463 0.068750 0.054630
0 10672 0.357292 0.410185 0.075000 0.050000
0 10673 0.572656 0.143056 0.030729 0.034259
0 10674 0.290365 0.513889 0.123438 0.085185
0 10675 0.388802 0.140278 0.028646 0.032407
0 10676 0.552083 0.352778 0.037500 0.042593
0 10677 0.573958 0.201389 0.031250 0.032407
0 10678 0.516667 0.506019 0.115625 0.087963
0 10679 0.580469 0.354167 0.063021 0.049074
