0 8881 0.363281 0.315278 0.084896 0.052778
0 8882 0.586458 0.305093 0.056250 0.041667
0 8883 0.387760 0.332870 0.055729 0.045370
0 8884 0.365625 0.031944 0.025000 0.023148
0 8885 0.589583 0.156944 0.031250 0.028704
0 8886 0.531510 0.381019 0.100521 0.069444
0 8887 0.585938 0.076852 0.022917 0.033333
0 8888 0.442448 0.334259 0.044271 0.037037
0 8889 0.374740 0.374074 0.070312 0.050000
0 8890 0.349479 0.107407 0.030208 0.027778
0 8891 0.284375 0.386574 0.101042 0.071296
0 8892 0.386719 0.192593 0.029687 0.031481
0 8893 0.575000 0.023611 0.026042 0.026852
0 8894 0.558073 0.305556 0.029687 0.033333
0 8895 0.559896 0.386574 0.047917 0.045370
0 8896 0.536979 0.340741 0.080208 0.055556
0 8897 0.407813 0.362500 0.044792 0.041667
0 8898 0.424219 0.249074 0.039062 0.033333
0 8899 0.422917 0.225463 0.040625 0.032407
0 8900 0.510938 0.397685 0.121875 0.076852
