0 9213 0.361979 0.335185 0.087500 0.053704
0 9214 0.581250 0.311111 0.057292 0.044444
0 9215 0.386458 0.340278 0.054167 0.049074
0 9216 0.363021 0.035185 0.025000 0.022222
0 9217 0.587500 0.170833 0.031250 0.028704
0 9218 0.526042 0.405556 0.110417 0.075926
0 9219 0.585938 0.092593 0.025000 0.033333
0 9220 0.439583 0.352315 0.045833 0.037963
0 9221 0.374479 0.375000 0.073958 0.050000
0 9222 0.358594 0.106481 0.029687 0.029630
0 9223 0.506250 0.427315 0.119792 0.082407
0 9224 0.389323 0.200463 0.029687 0.034259
0 9225 0.573438 0.023611 0.026042 0.026852
0 9226 0.559635 0.314352 0.029687 0.034259
0 9227 0.559115 0.391667 0.049479 0.051852
0 9228 0.284896 0.410648 0.107292 0.073148
0 9229 0.536458 0.356481 0.078125 0.055556
0 9230 0.402083 0.368056 0.044792 0.041667
0 9231 0.426563 0.257870 0.039583 0.034259
0 9232 0.425260 0.230556 0.042188 0.031481
0 9233 0.576302 0.010185 0.016146 0.020370
