0 8961 0.362240 0.318981 0.088021 0.052778
0 8962 0.585417 0.305093 0.056250 0.041667
0 8963 0.385417 0.334722 0.052083 0.049074
0 8964 0.365625 0.032870 0.025000 0.021296
0 8965 0.589583 0.161574 0.031250 0.028704
0 8966 0.529948 0.386574 0.098437 0.069444
0 8967 0.585938 0.080556 0.022917 0.033333
0 8968 0.441406 0.337963 0.046354 0.037037
0 8969 0.375000 0.374537 0.073958 0.049074
0 8970 0.353646 0.106481 0.030208 0.027778
0 8971 0.508854 0.405093 0.121875 0.076852
0 8972 0.388802 0.194444 0.029687 0.031481
0 8973 0.575260 0.023611 0.026562 0.026852
0 8974 0.558073 0.307870 0.029687 0.034259
0 8975 0.559375 0.386574 0.047917 0.045370
0 8976 0.283333 0.393056 0.107292 0.075000
0 8977 0.538542 0.345370 0.085417 0.057407
0 8978 0.406250 0.365278 0.044792 0.041667
0 8979 0.425000 0.251389 0.039583 0.034259
0 8980 0.423177 0.225926 0.041146 0.033333
0 8981 0.576302 0.010185 0.016146 0.020370
