0 10335 0.600781 0.356019 0.034896 0.037963
0 10336 0.366927 0.011574 0.017188 0.023148
0 10337 0.560937 0.430093 0.053125 0.052778
0 10338 0.430208 0.409722 0.042708 0.043519
0 10339 0.391406 0.233796 0.030729 0.037963
0 10340 0.561198 0.045833 0.024479 0.030556
0 10341 0.350260 0.425926 0.091146 0.062963
0 10342 0.529687 0.418519 0.084375 0.062963
0 10343 0.408073 0.387037 0.050521 0.044444
0 10344 0.429167 0.307870 0.041667 0.036111
0 10345 0.424479 0.274074 0.041667 0.037037
0 10346 0.494010 0.514352 0.131771 0.093519
0 10347 0.370052 0.047685 0.024479 0.023148
0 10348 0.584635 0.024537 0.016146 0.023148
0 10349 0.377604 0.382407 0.066667 0.053704
0 10350 0.358854 0.392593 0.075000 0.053704
0 10351 0.573958 0.135648 0.030208 0.032407
0 10352 0.291146 0.493056 0.116667 0.080556
0 10353 0.387760 0.131481 0.028646 0.029630
0 10354 0.552344 0.341204 0.036979 0.039815
0 10355 0.575000 0.193519 0.030208 0.031481
0 10356 0.515365 0.487037 0.114062 0.092593
0 10357 0.581510 0.346759 0.059896 0.049074
