0 10703 0.607031 0.392130 0.039062 0.039815
0 10704 0.368229 0.018519 0.019792 0.024074
0 10705 0.559896 0.444444 0.052083 0.053704
0 10706 0.425260 0.418056 0.042188 0.043519
0 10707 0.392708 0.242130 0.030208 0.037963
0 10708 0.560417 0.059259 0.026042 0.031481
0 10709 0.348958 0.437500 0.094792 0.060185
0 10710 0.529427 0.437500 0.084896 0.062037
0 10711 0.408594 0.393981 0.051562 0.041667
0 10712 0.427083 0.324537 0.041667 0.036111
0 10713 0.415365 0.290741 0.043229 0.040741
0 10714 0.490885 0.529167 0.134896 0.095370
0 10715 0.376302 0.053241 0.023438 0.023148
0 10716 0.586719 0.030556 0.017188 0.024074
0 10717 0.377083 0.403704 0.068750 0.055556
0 10718 0.357031 0.412500 0.074479 0.049074
0 10719 0.572135 0.144444 0.030729 0.035185
0 10720 0.290365 0.518056 0.123438 0.086111
0 10721 0.388542 0.141204 0.028125 0.032407
0 10722 0.552344 0.354630 0.038021 0.042593
0 10723 0.573698 0.203704 0.031771 0.033333
0 10724 0.516667 0.508333 0.115625 0.087037
0 10725 0.580729 0.355093 0.063542 0.049074
