0 9087 0.362240 0.327315 0.088021 0.052778
0 9088 0.583073 0.307870 0.056771 0.043519
0 9089 0.385937 0.337500 0.053125 0.049074
0 9090 0.364063 0.033796 0.025000 0.021296
0 9091 0.588542 0.166204 0.031250 0.028704
0 9092 0.528385 0.395833 0.105729 0.073148
0 9093 0.585677 0.086111 0.024479 0.033333
0 9094 0.440885 0.344444 0.046354 0.037037
0 9095 0.375000 0.374537 0.073958 0.049074
0 9096 0.355729 0.105093 0.030208 0.028704
0 9097 0.507552 0.415741 0.120313 0.079630
0 9098 0.388802 0.196759 0.029687 0.032407
0 9099 0.574219 0.023611 0.026562 0.026852
0 9100 0.559115 0.311111 0.029687 0.033333
0 9101 0.558594 0.388426 0.048438 0.049074
0 9102 0.283854 0.400926 0.106250 0.074074
0 9103 0.537500 0.350926 0.081250 0.055556
0 9104 0.404167 0.367130 0.044792 0.041667
0 9105 0.426042 0.255093 0.039583 0.034259
0 9106 0.423958 0.227315 0.041667 0.032407
0 9107 0.576302 0.010185 0.016146 0.020370
