0 10243 0.599219 0.347685 0.034896 0.037963
0 10244 0.366927 0.011574 0.017188 0.023148
0 10245 0.560417 0.425926 0.052083 0.051852
0 10246 0.430729 0.407870 0.042708 0.043519
0 10247 0.390365 0.232870 0.030729 0.037963
0 10248 0.561198 0.042130 0.024479 0.030556
0 10249 0.352344 0.422685 0.088021 0.062037
0 10250 0.529427 0.414815 0.083854 0.062963
0 10251 0.408073 0.385185 0.050521 0.044444
0 10252 0.429167 0.302315 0.041667 0.036111
0 10253 0.426042 0.269907 0.041667 0.034259
0 10254 0.494531 0.510648 0.130729 0.093519
0 10255 0.368750 0.046759 0.025000 0.023148
0 10256 0.583594 0.024537 0.016146 0.023148
0 10257 0.377604 0.378241 0.064583 0.052778
0 10258 0.359375 0.385648 0.075000 0.052778
0 10259 0.574219 0.133333 0.029687 0.031481
0 10260 0.291146 0.489352 0.116667 0.080556
0 10261 0.385677 0.129630 0.028646 0.029630
0 10262 0.552344 0.337037 0.036979 0.038889
0 10263 0.574740 0.191204 0.029687 0.032407
0 10264 0.514583 0.482407 0.112500 0.092593
0 10265 0.580990 0.344907 0.058854 0.049074
