0 9192 0.361979 0.333796 0.087500 0.052778
0 9193 0.581250 0.310185 0.057292 0.044444
0 9194 0.386458 0.339352 0.054167 0.049074
0 9195 0.363021 0.034722 0.025000 0.021296
0 9196 0.587500 0.169907 0.031250 0.028704
0 9197 0.526563 0.403704 0.110417 0.075926
0 9198 0.585938 0.091667 0.025000 0.033333
0 9199 0.439583 0.350463 0.045833 0.037963
0 9200 0.374479 0.375000 0.073958 0.050000
0 9201 0.357552 0.105556 0.029687 0.029630
0 9202 0.506771 0.425463 0.119792 0.082407
0 9203 0.388802 0.199537 0.029687 0.034259
0 9204 0.573438 0.023611 0.026042 0.026852
0 9205 0.559635 0.313889 0.029687 0.033333
0 9206 0.559115 0.390741 0.049479 0.051852
0 9207 0.284896 0.408796 0.106250 0.073148
0 9208 0.536719 0.355556 0.078646 0.055556
0 9209 0.402083 0.368056 0.044792 0.041667
0 9210 0.426042 0.257870 0.039583 0.034259
0 9211 0.425000 0.229630 0.041667 0.031481
0 9212 0.576302 0.010185 0.016146 0.020370
