0 9297 0.361458 0.341667 0.086458 0.055556
0 9298 0.580208 0.313426 0.057292 0.043519
0 9299 0.386458 0.343056 0.054167 0.049074
0 9300 0.363021 0.036111 0.025000 0.022222
0 9301 0.586458 0.173611 0.031250 0.028704
0 9302 0.523698 0.412037 0.110937 0.077778
0 9303 0.585938 0.097222 0.025000 0.033333
0 9304 0.437240 0.357870 0.045312 0.037963
0 9305 0.373437 0.378241 0.073958 0.052778
0 9306 0.361458 0.107870 0.029167 0.028704
0 9307 0.504687 0.434722 0.119792 0.082407
0 9308 0.389323 0.202315 0.029687 0.034259
0 9309 0.572917 0.022685 0.026042 0.026852
0 9310 0.559115 0.314352 0.029687 0.036111
0 9311 0.559375 0.393519 0.050000 0.051852
0 9312 0.285417 0.418981 0.110417 0.073148
0 9313 0.535677 0.359722 0.076563 0.056481
0 9314 0.402083 0.369444 0.044792 0.040741
0 9315 0.426823 0.260185 0.040104 0.035185
0 9316 0.425260 0.234722 0.042188 0.030556
0 9317 0.576562 0.012037 0.016667 0.020370
