0 10381 0.601823 0.361111 0.034896 0.038889
0 10382 0.366927 0.011574 0.017188 0.023148
0 10383 0.560937 0.431019 0.053125 0.052778
0 10384 0.429427 0.410648 0.042188 0.043519
0 10385 0.392188 0.234722 0.030208 0.037963
0 10386 0.561198 0.047685 0.024479 0.030556
0 10387 0.349219 0.427315 0.092188 0.063889
0 10388 0.529687 0.420370 0.084375 0.062963
0 10389 0.408073 0.387963 0.050521 0.044444
0 10390 0.429688 0.310648 0.041667 0.036111
0 10391 0.423958 0.276389 0.041667 0.037963
0 10392 0.492969 0.516204 0.131771 0.093519
0 10393 0.370573 0.048611 0.024479 0.023148
0 10394 0.584635 0.025463 0.016146 0.023148
0 10395 0.376823 0.383333 0.067187 0.053704
0 10396 0.358333 0.395370 0.075000 0.053704
0 10397 0.573958 0.136574 0.030208 0.032407
0 10398 0.291146 0.494907 0.116667 0.080556
0 10399 0.388281 0.132407 0.028646 0.029630
0 10400 0.552344 0.343056 0.036979 0.039815
0 10401 0.575000 0.194444 0.030208 0.031481
0 10402 0.515625 0.488889 0.114583 0.092593
0 10403 0.581771 0.348611 0.060417 0.049074
