0 10841 0.608854 0.401389 0.042708 0.039815
0 10842 0.369792 0.023148 0.020833 0.024074
0 10843 0.560156 0.451852 0.052604 0.053704
0 10844 0.423177 0.420833 0.042188 0.043519
0 10845 0.392708 0.247222 0.030208 0.037037
0 10846 0.559375 0.062963 0.026042 0.031481
0 10847 0.347396 0.449537 0.095833 0.062037
0 10848 0.529427 0.442130 0.084896 0.063889
0 10849 0.407552 0.400926 0.051562 0.042593
0 10850 0.429167 0.330093 0.041667 0.036111
0 10851 0.411458 0.295370 0.043750 0.038889
0 10852 0.491927 0.534722 0.136979 0.095370
0 10853 0.379427 0.056019 0.023438 0.023148
0 10854 0.589844 0.036111 0.017188 0.024074
0 10855 0.377865 0.411111 0.070312 0.055556
0 10856 0.356771 0.419907 0.073958 0.049074
0 10857 0.570573 0.147685 0.030729 0.036111
0 10858 0.289844 0.531481 0.117188 0.087037
0 10859 0.390625 0.144907 0.028125 0.032407
0 10860 0.553906 0.359259 0.038021 0.042593
0 10861 0.572656 0.209259 0.031771 0.033333
0 10862 0.517708 0.513889 0.118750 0.087037
0 10863 0.580729 0.360185 0.063542 0.050000
