0 9402 0.360156 0.349537 0.085938 0.056481
0 9403 0.579688 0.317130 0.057292 0.043519
0 9404 0.386719 0.347222 0.054688 0.048148
0 9405 0.362760 0.037500 0.024479 0.023148
0 9406 0.585417 0.177315 0.031250 0.028704
0 9407 0.521875 0.419907 0.111458 0.078704
0 9408 0.585417 0.102315 0.025000 0.034259
0 9409 0.435417 0.364352 0.044792 0.037963
0 9410 0.371875 0.381019 0.073958 0.054630
0 9411 0.365104 0.109722 0.029167 0.028704
0 9412 0.502604 0.443056 0.119792 0.082407
0 9413 0.389062 0.204630 0.029167 0.033333
0 9414 0.571875 0.021759 0.026042 0.026852
0 9415 0.558594 0.315741 0.029687 0.038889
0 9416 0.559635 0.396296 0.050521 0.051852
0 9417 0.285938 0.428241 0.113542 0.073148
0 9418 0.534896 0.365278 0.076042 0.058333
0 9419 0.402083 0.371296 0.044792 0.040741
0 9420 0.427083 0.263426 0.040625 0.036111
0 9421 0.425781 0.240741 0.042188 0.029630
0 9422 0.576562 0.013889 0.016667 0.020370
