0 10289 0.599740 0.351389 0.034896 0.037963
0 10290 0.366927 0.011574 0.017188 0.023148
0 10291 0.560677 0.427778 0.052604 0.051852
0 10292 0.430208 0.408796 0.042708 0.043519
0 10293 0.390885 0.232870 0.030729 0.037963
0 10294 0.561198 0.043981 0.024479 0.030556
0 10295 0.351042 0.424537 0.089583 0.062037
0 10296 0.529427 0.416667 0.083854 0.062963
0 10297 0.408073 0.386111 0.050521 0.044444
0 10298 0.429167 0.305093 0.041667 0.036111
0 10299 0.425521 0.271296 0.041667 0.035185
0 10300 0.494271 0.512500 0.131250 0.093519
0 10301 0.369271 0.046759 0.025000 0.023148
0 10302 0.584115 0.024537 0.016146 0.023148
0 10303 0.377604 0.380093 0.065625 0.052778
0 10304 0.358854 0.388889 0.075000 0.053704
0 10305 0.574219 0.134259 0.029687 0.031481
0 10306 0.291146 0.491204 0.116667 0.080556
0 10307 0.386719 0.130556 0.028646 0.029630
0 10308 0.552344 0.338889 0.036979 0.038889
0 10309 0.574740 0.191667 0.029687 0.031481
0 10310 0.515104 0.484259 0.113542 0.092593
0 10311 0.581250 0.345833 0.059375 0.049074
