0 9633 0.357292 0.368519 0.090625 0.057407
0 9634 0.579688 0.321759 0.057292 0.043519
0 9635 0.385417 0.362500 0.055208 0.049074
0 9636 0.362760 0.037500 0.024479 0.023148
0 9637 0.582552 0.182870 0.030729 0.030556
0 9638 0.520573 0.441204 0.111979 0.080556
0 9639 0.582292 0.109722 0.027083 0.034259
0 9640 0.434635 0.374537 0.044271 0.037963
0 9641 0.370312 0.383796 0.073958 0.052778
0 9642 0.371875 0.116204 0.029167 0.028704
0 9643 0.499219 0.463426 0.120313 0.086111
0 9644 0.388802 0.210185 0.028646 0.033333
0 9645 0.568750 0.022222 0.025000 0.029630
0 9646 0.556250 0.321296 0.031250 0.040741
0 9647 0.559635 0.405556 0.050521 0.051852
0 9648 0.288021 0.448148 0.116667 0.077778
0 9649 0.534115 0.375463 0.080729 0.060185
0 9650 0.403646 0.373148 0.043750 0.042593
0 9651 0.427604 0.271296 0.040625 0.035185
0 9652 0.429688 0.250000 0.042708 0.029630
0 9653 0.579688 0.019907 0.016667 0.023148
