0 10496 0.602865 0.373611 0.034896 0.039815
0 10497 0.366927 0.011574 0.017188 0.023148
0 10498 0.561198 0.436111 0.053646 0.053704
0 10499 0.428385 0.413426 0.042188 0.043519
0 10500 0.392708 0.236574 0.030208 0.037963
0 10501 0.560937 0.051389 0.025000 0.030556
0 10502 0.347917 0.431019 0.094792 0.063889
0 10503 0.529427 0.425463 0.084896 0.062037
0 10504 0.408333 0.389815 0.051042 0.044444
0 10505 0.429167 0.316204 0.041667 0.036111
0 10506 0.421615 0.281944 0.042188 0.039815
0 10507 0.491927 0.519907 0.132812 0.093519
0 10508 0.371875 0.049537 0.023958 0.023148
0 10509 0.585938 0.026852 0.016667 0.024074
0 10510 0.377083 0.389352 0.068750 0.054630
0 10511 0.357292 0.402315 0.075000 0.052778
0 10512 0.573177 0.139815 0.030729 0.033333
0 10513 0.290885 0.501852 0.118229 0.081481
0 10514 0.389323 0.135648 0.028646 0.030556
0 10515 0.552344 0.347222 0.036979 0.040741
0 10516 0.574740 0.197222 0.030729 0.031481
0 10517 0.516146 0.495833 0.115625 0.091667
0 10518 0.581771 0.350463 0.061458 0.049074
