0 9906 0.354948 0.391667 0.094271 0.061111
0 9907 0.580990 0.331944 0.057813 0.043519
0 9908 0.380469 0.375463 0.061979 0.052778
0 9909 0.363542 0.040741 0.025000 0.024074
0 9910 0.578125 0.187500 0.029167 0.032407
0 9911 0.514844 0.460648 0.111979 0.087963
0 9912 0.578385 0.121759 0.027604 0.034259
0 9913 0.433333 0.391204 0.043750 0.041667
0 9914 0.364063 0.385648 0.073958 0.052778
0 9915 0.377344 0.122685 0.028646 0.028704
0 9916 0.496615 0.485185 0.125521 0.087037
0 9917 0.389323 0.221759 0.029687 0.036111
0 9918 0.564844 0.027778 0.022396 0.029630
0 9919 0.554427 0.325926 0.034896 0.038889
0 9920 0.559896 0.414815 0.051042 0.051852
0 9921 0.289062 0.467130 0.114583 0.078704
0 9922 0.531250 0.392593 0.083333 0.062963
0 9923 0.407292 0.375926 0.046875 0.038889
0 9924 0.428385 0.282407 0.041146 0.035185
0 9925 0.429167 0.256481 0.042708 0.031481
0 9926 0.580469 0.022685 0.018229 0.023148
