0 9129 0.362240 0.330093 0.088021 0.052778
0 9130 0.582031 0.309259 0.056771 0.044444
0 9131 0.386198 0.338426 0.053646 0.049074
0 9132 0.363542 0.033796 0.025000 0.021296
0 9133 0.588021 0.168056 0.031250 0.028704
0 9134 0.527865 0.399074 0.107813 0.074074
0 9135 0.585938 0.087963 0.025000 0.033333
0 9136 0.440885 0.346759 0.046354 0.037963
0 9137 0.375000 0.374537 0.073958 0.049074
0 9138 0.356250 0.105556 0.030208 0.029630
0 9139 0.507292 0.418981 0.119792 0.080556
0 9140 0.388802 0.198148 0.029687 0.033333
0 9141 0.574219 0.023611 0.026562 0.026852
0 9142 0.559635 0.312963 0.029687 0.033333
0 9143 0.558854 0.388889 0.048958 0.050000
0 9144 0.284115 0.403704 0.105729 0.074074
0 9145 0.537500 0.352778 0.080208 0.055556
0 9146 0.403125 0.367130 0.044792 0.041667
0 9147 0.426042 0.256019 0.039583 0.034259
0 9148 0.424479 0.228241 0.041667 0.032407
0 9149 0.576302 0.010185 0.016146 0.020370
