0 8941 0.362240 0.318056 0.086979 0.052778
0 8942 0.585417 0.305093 0.056250 0.041667
0 8943 0.385677 0.334259 0.052604 0.048148
0 8944 0.365625 0.032407 0.025000 0.022222
0 8945 0.589583 0.159722 0.031250 0.028704
0 8946 0.530208 0.384722 0.098958 0.069444
0 8947 0.585938 0.079630 0.022917 0.033333
0 8948 0.441667 0.337037 0.045833 0.037037
0 8949 0.374479 0.373611 0.072917 0.049074
0 8950 0.352604 0.106481 0.030208 0.027778
0 8951 0.283594 0.390741 0.105729 0.074074
0 8952 0.388281 0.193519 0.029687 0.031481
0 8953 0.575000 0.023611 0.026042 0.026852
0 8954 0.558073 0.307870 0.029687 0.034259
0 8955 0.559375 0.386574 0.047917 0.045370
0 8956 0.537760 0.343981 0.083854 0.056481
0 8957 0.406771 0.365278 0.044792 0.041667
0 8958 0.424740 0.250000 0.039062 0.033333
0 8959 0.423177 0.225463 0.041146 0.032407
0 8960 0.509375 0.403241 0.121875 0.076852
