0 10726 0.607552 0.393981 0.040104 0.039815
0 10727 0.368229 0.019444 0.019792 0.024074
0 10728 0.559896 0.445370 0.052083 0.053704
0 10729 0.425260 0.418981 0.042188 0.043519
0 10730 0.392708 0.243056 0.030208 0.037963
0 10731 0.560417 0.060185 0.026042 0.031481
0 10732 0.348438 0.439352 0.094792 0.060185
0 10733 0.529427 0.438426 0.084896 0.062037
0 10734 0.408594 0.395370 0.051562 0.042593
0 10735 0.427604 0.325463 0.041667 0.036111
0 10736 0.415104 0.291667 0.043750 0.040741
0 10737 0.491146 0.530093 0.135417 0.095370
0 10738 0.376823 0.054167 0.023438 0.023148
0 10739 0.587240 0.031481 0.017188 0.024074
0 10740 0.377344 0.404630 0.069271 0.055556
0 10741 0.357031 0.413426 0.074479 0.049074
0 10742 0.572135 0.145370 0.030729 0.035185
0 10743 0.290365 0.519907 0.122396 0.086111
0 10744 0.389062 0.142130 0.028125 0.032407
0 10745 0.552865 0.355556 0.038021 0.042593
0 10746 0.573698 0.204630 0.031771 0.033333
0 10747 0.516927 0.509259 0.116146 0.087037
0 10748 0.580729 0.356019 0.063542 0.049074
