0 10032 0.351302 0.405093 0.093229 0.060185
0 10033 0.581250 0.337500 0.058333 0.043519
0 10034 0.378385 0.378241 0.065104 0.052778
0 10035 0.364063 0.042130 0.025000 0.025000
0 10036 0.576302 0.189352 0.029687 0.032407
0 10037 0.514323 0.470833 0.111979 0.091667
0 10038 0.577344 0.126852 0.028646 0.033333
0 10039 0.432031 0.398611 0.043229 0.043519
0 10040 0.360417 0.384722 0.073958 0.052778
0 10041 0.380469 0.125463 0.028646 0.028704
0 10042 0.494010 0.493981 0.130729 0.087963
0 10043 0.389583 0.225463 0.031250 0.037963
0 10044 0.563281 0.031944 0.023438 0.030556
0 10045 0.553385 0.329630 0.036979 0.038889
0 10046 0.560417 0.417593 0.052083 0.051852
0 10047 0.290104 0.474537 0.112500 0.080556
0 10048 0.529427 0.401852 0.082812 0.062963
0 10049 0.408854 0.380093 0.050000 0.039815
0 10050 0.428646 0.288889 0.041667 0.035185
0 10051 0.428125 0.261574 0.042708 0.034259
0 10052 0.580990 0.022685 0.018229 0.023148
