0 10179 0.352604 0.418519 0.088542 0.061111
0 10180 0.581250 0.342130 0.058333 0.047222
0 10181 0.378125 0.378241 0.064583 0.052778
0 10182 0.367708 0.045370 0.025000 0.024074
0 10183 0.575260 0.190278 0.029687 0.032407
0 10184 0.514323 0.478704 0.111979 0.092593
0 10185 0.575000 0.131481 0.029167 0.031481
0 10186 0.431510 0.405093 0.043229 0.043519
0 10187 0.359635 0.384722 0.074479 0.052778
0 10188 0.384115 0.128704 0.028646 0.029630
0 10189 0.494531 0.506019 0.130729 0.091667
0 10190 0.390104 0.231019 0.031250 0.037963
0 10191 0.561979 0.039352 0.023958 0.030556
0 10192 0.552344 0.334259 0.036979 0.038889
0 10193 0.560417 0.424074 0.052083 0.051852
0 10194 0.290885 0.484722 0.116146 0.080556
0 10195 0.529687 0.411111 0.083333 0.062963
0 10196 0.408333 0.383796 0.050000 0.043519
0 10197 0.428646 0.298148 0.041667 0.035185
0 10198 0.426823 0.267130 0.042188 0.034259
0 10199 0.582812 0.023611 0.016667 0.023148
