0 9990 0.351823 0.400463 0.094271 0.060185
0 9991 0.580990 0.335648 0.057813 0.043519
0 9992 0.379167 0.377315 0.064583 0.052778
0 9993 0.363542 0.041204 0.025000 0.025000
0 9994 0.576562 0.188426 0.029167 0.032407
0 9995 0.514323 0.468056 0.111979 0.091667
0 9996 0.577604 0.126389 0.028125 0.034259
0 9997 0.432031 0.395370 0.043229 0.042593
0 9998 0.361458 0.384722 0.073958 0.052778
0 9999 0.379427 0.124537 0.028646 0.028704
0 10000 0.494531 0.490741 0.129688 0.087037
0 10001 0.389323 0.224074 0.030729 0.037037
0 10002 0.563542 0.029630 0.022917 0.029630
0 10003 0.553646 0.327778 0.036458 0.038889
0 10004 0.560156 0.416667 0.051562 0.051852
0 10005 0.289583 0.471296 0.112500 0.079630
0 10006 0.529948 0.399074 0.082812 0.062963
0 10007 0.408333 0.378704 0.048958 0.038889
0 10008 0.428385 0.286111 0.041146 0.035185
0 10009 0.428646 0.259259 0.042708 0.033333
0 10010 0.580469 0.022685 0.018229 0.023148
