0 9066 0.362240 0.325463 0.088021 0.052778
0 9067 0.583594 0.307870 0.056771 0.043519
0 9068 0.385937 0.336574 0.053125 0.049074
0 9069 0.364063 0.033796 0.025000 0.021296
0 9070 0.588542 0.165278 0.031250 0.028704
0 9071 0.528646 0.394444 0.104167 0.072222
0 9072 0.585938 0.085185 0.023958 0.033333
0 9073 0.440885 0.343519 0.046354 0.037037
0 9074 0.375000 0.374537 0.073958 0.049074
0 9075 0.355208 0.106019 0.030208 0.028704
0 9076 0.507812 0.413889 0.120833 0.079630
0 9077 0.388802 0.196759 0.029687 0.032407
0 9078 0.574740 0.023611 0.026562 0.026852
0 9079 0.559115 0.311111 0.029687 0.033333
0 9080 0.559115 0.387963 0.048438 0.048148
0 9081 0.283854 0.400000 0.106250 0.074074
0 9082 0.538021 0.350463 0.082292 0.056481
0 9083 0.404167 0.366204 0.044792 0.041667
0 9084 0.425521 0.254167 0.039583 0.034259
0 9085 0.423958 0.227315 0.041667 0.032407
0 9086 0.576302 0.010185 0.016146 0.020370
