0 9822 0.357552 0.382407 0.094271 0.061111
0 9823 0.580729 0.327315 0.057292 0.043519
0 9824 0.381250 0.373611 0.059375 0.052778
0 9825 0.363281 0.040278 0.024479 0.023148
0 9826 0.579688 0.186574 0.029167 0.032407
0 9827 0.514844 0.452778 0.111979 0.085185
0 9828 0.579167 0.118056 0.027083 0.034259
0 9829 0.433854 0.386574 0.043750 0.039815
0 9830 0.366146 0.386574 0.073958 0.052778
0 9831 0.375260 0.120833 0.028646 0.028704
0 9832 0.498698 0.479167 0.121354 0.086111
0 9833 0.388802 0.218519 0.028646 0.035185
0 9834 0.566146 0.025000 0.021875 0.029630
0 9835 0.554427 0.323148 0.032813 0.038889
0 9836 0.559635 0.412037 0.050521 0.051852
0 9837 0.288021 0.462037 0.116667 0.077778
0 9838 0.532031 0.385185 0.083854 0.062963
0 9839 0.405469 0.374074 0.044271 0.038889
0 9840 0.427604 0.277778 0.040625 0.035185
0 9841 0.429167 0.253704 0.042708 0.029630
0 9842 0.580208 0.021759 0.017708 0.023148
