0 8841 0.364063 0.313426 0.083333 0.052778
0 8842 0.587500 0.304167 0.056250 0.041667
0 8843 0.389323 0.331944 0.057813 0.043519
0 8844 0.365625 0.031944 0.025000 0.023148
0 8845 0.590104 0.154167 0.031250 0.028704
0 8846 0.532292 0.379167 0.101042 0.069444
0 8847 0.585938 0.075926 0.022917 0.033333
0 8848 0.442969 0.333333 0.043229 0.037037
0 8849 0.375000 0.374074 0.068750 0.050000
0 8850 0.347917 0.108333 0.030208 0.027778
0 8851 0.285156 0.383796 0.098437 0.069444
0 8852 0.385677 0.191667 0.029687 0.031481
0 8853 0.575000 0.023611 0.026042 0.026852
0 8854 0.558073 0.304630 0.029687 0.033333
0 8855 0.560417 0.386574 0.047917 0.045370
0 8856 0.536719 0.338426 0.077604 0.054630
0 8857 0.408333 0.360648 0.044792 0.041667
0 8858 0.423698 0.246759 0.039062 0.032407
0 8859 0.422656 0.225000 0.040104 0.031481
0 8860 0.511979 0.394907 0.121875 0.076852
