0 9024 0.362240 0.322685 0.088021 0.052778
0 9025 0.583854 0.306481 0.056250 0.042593
0 9026 0.385677 0.335648 0.052604 0.049074
0 9027 0.364583 0.032870 0.025000 0.021296
0 9028 0.589063 0.163426 0.031250 0.028704
0 9029 0.529167 0.391204 0.102083 0.071296
0 9030 0.585677 0.083333 0.023438 0.033333
0 9031 0.441406 0.340741 0.046354 0.037037
0 9032 0.375000 0.374537 0.073958 0.049074
0 9033 0.354687 0.106019 0.030208 0.028704
0 9034 0.507812 0.410185 0.120833 0.077778
0 9035 0.388802 0.195370 0.029687 0.031481
0 9036 0.574740 0.023611 0.026562 0.026852
0 9037 0.558594 0.309722 0.029687 0.034259
0 9038 0.558854 0.387500 0.047917 0.047222
0 9039 0.283594 0.396296 0.106771 0.074074
0 9040 0.538021 0.347685 0.083333 0.056481
0 9041 0.405208 0.366204 0.044792 0.041667
0 9042 0.425521 0.253241 0.039583 0.034259
0 9043 0.423958 0.226389 0.041667 0.032407
0 9044 0.576302 0.010185 0.016146 0.020370
