0 12106 0.604688 0.461574 0.041667 0.041667
0 12107 0.403906 0.045833 0.019271 0.023148
0 12108 0.552604 0.505556 0.055208 0.057407
0 12109 0.427344 0.448148 0.049479 0.040741
0 12110 0.384896 0.300000 0.032292 0.033333
0 12111 0.556510 0.109259 0.024479 0.031481
0 12112 0.327865 0.543519 0.102604 0.074074
0 12113 0.525521 0.500463 0.094792 0.075000
0 12114 0.397917 0.461111 0.042708 0.048148
0 12115 0.438802 0.377315 0.040104 0.037963
0 12116 0.382292 0.337963 0.040625 0.046296
0 12117 0.483854 0.611574 0.137500 0.100926
0 12118 0.398958 0.095833 0.022917 0.025000
0 12119 0.593490 0.074537 0.018229 0.021296
0 12120 0.363542 0.448611 0.076042 0.056481
0 12121 0.352083 0.487963 0.073958 0.062963
0 12122 0.569010 0.193056 0.030729 0.037963
0 12123 0.269531 0.601389 0.104688 0.099074
0 12124 0.393229 0.196759 0.027083 0.028704
0 12125 0.559375 0.387963 0.034375 0.040741
0 12126 0.546094 0.244444 0.032813 0.033333
0 12127 0.525260 0.589815 0.123438 0.100000
0 12128 0.569792 0.409722 0.065625 0.052778
