0 13141 0.590885 0.491204 0.040104 0.037963
0 13142 0.425000 0.078241 0.019792 0.025000
0 13143 0.544271 0.527315 0.064583 0.058333
0 13144 0.422917 0.475000 0.057292 0.042593
0 13145 0.377344 0.342130 0.034896 0.036111
0 13146 0.557813 0.156481 0.025000 0.033333
0 13147 0.304427 0.630093 0.103646 0.091667
0 13148 0.525781 0.561574 0.099479 0.080556
0 13149 0.397135 0.494444 0.041146 0.050000
0 13150 0.452865 0.432870 0.040104 0.039815
0 13151 0.415625 0.365741 0.040625 0.038889
0 13152 0.468750 0.690741 0.147917 0.114815
0 13153 0.414844 0.137963 0.022396 0.025926
0 13154 0.599219 0.112500 0.016146 0.023148
0 13155 0.362760 0.495370 0.074479 0.061111
0 13156 0.344792 0.550926 0.077083 0.062963
0 13157 0.555469 0.225926 0.033854 0.038889
0 13158 0.275521 0.687500 0.136458 0.099074
0 13159 0.395052 0.242593 0.031771 0.031481
0 13160 0.555469 0.376389 0.036979 0.036111
0 13161 0.542708 0.276852 0.035417 0.033333
0 13162 0.522917 0.657870 0.132292 0.100926
0 13163 0.555990 0.452315 0.069271 0.054630
