0 12313 0.602083 0.473611 0.040625 0.041667
0 12314 0.410156 0.052315 0.019271 0.025000
0 12315 0.553125 0.514352 0.055208 0.058333
0 12316 0.427865 0.454167 0.051562 0.041667
0 12317 0.381250 0.308333 0.032292 0.035185
0 12318 0.556510 0.115741 0.024479 0.031481
0 12319 0.323437 0.565278 0.106250 0.076852
0 12320 0.526563 0.511111 0.097917 0.074074
0 12321 0.398438 0.469444 0.042708 0.048148
0 12322 0.439844 0.387500 0.041146 0.037963
0 12323 0.387240 0.340278 0.041146 0.043519
0 12324 0.479948 0.625926 0.144271 0.103704
0 12325 0.403125 0.104630 0.022917 0.025926
0 12326 0.593490 0.082870 0.018229 0.021296
0 12327 0.359896 0.461111 0.078125 0.061111
0 12328 0.350781 0.503704 0.073438 0.062963
0 12329 0.566406 0.201852 0.031771 0.037037
0 12330 0.269010 0.613889 0.109896 0.096296
0 12331 0.394271 0.208796 0.029167 0.030556
0 12332 0.560677 0.386574 0.036979 0.039815
0 12333 0.541667 0.251852 0.033333 0.035185
0 12334 0.522917 0.597685 0.123958 0.100926
0 12335 0.564583 0.418981 0.067708 0.056481
