0 11554 0.609896 0.438426 0.044792 0.041667
0 11555 0.385677 0.034259 0.019271 0.024074
0 11556 0.553385 0.481481 0.051562 0.055556
0 11557 0.428125 0.438889 0.045833 0.040741
0 11558 0.390885 0.280093 0.031771 0.036111
0 11559 0.555990 0.092593 0.023438 0.029630
0 11560 0.336198 0.517593 0.099479 0.070370
0 11561 0.529167 0.470833 0.093750 0.071296
0 11562 0.401042 0.433333 0.044792 0.042593
0 11563 0.431771 0.356019 0.041667 0.036111
0 11564 0.383854 0.322685 0.038542 0.043519
0 11565 0.490885 0.565278 0.138021 0.099074
0 11566 0.391146 0.075463 0.022917 0.025000
0 11567 0.592969 0.053241 0.017188 0.021296
0 11568 0.373177 0.434259 0.070312 0.055556
0 11569 0.352604 0.457407 0.073958 0.059259
0 11570 0.571875 0.170370 0.030208 0.037037
0 11571 0.275000 0.577778 0.109375 0.094444
0 11572 0.392708 0.169907 0.028125 0.030556
0 11573 0.555729 0.382407 0.034375 0.042593
0 11574 0.561198 0.228704 0.032813 0.033333
0 11575 0.525260 0.564815 0.121354 0.092593
0 11576 0.577865 0.387037 0.061979 0.051852
