0 11163 0.611198 0.421296 0.039062 0.040741
0 11164 0.375000 0.029167 0.019792 0.023148
0 11165 0.559115 0.465278 0.052604 0.054630
0 11166 0.423438 0.430093 0.044792 0.043519
0 11167 0.392448 0.259259 0.031771 0.037037
0 11168 0.556250 0.074537 0.022917 0.028704
0 11169 0.341927 0.482870 0.089063 0.069444
0 11170 0.528646 0.452315 0.089583 0.065741
0 11171 0.403646 0.416667 0.051042 0.042593
0 11172 0.430729 0.342130 0.041667 0.036111
0 11173 0.399740 0.307870 0.043229 0.039815
0 11174 0.492448 0.546759 0.136979 0.097222
0 11175 0.384896 0.062963 0.022917 0.024074
0 11176 0.592969 0.045370 0.017188 0.024074
0 11177 0.378385 0.422222 0.071354 0.055556
0 11178 0.355729 0.437963 0.073958 0.059259
0 11179 0.569792 0.156481 0.030208 0.037037
0 11180 0.287240 0.554630 0.128646 0.096296
0 11181 0.392188 0.154167 0.028125 0.032407
0 11182 0.553906 0.367593 0.036979 0.042593
0 11183 0.569271 0.220370 0.031250 0.033333
0 11184 0.519531 0.537500 0.120313 0.087963
0 11185 0.580469 0.370370 0.064062 0.051852
