0 10979 0.609896 0.410648 0.041667 0.039815
0 10980 0.371875 0.026852 0.020833 0.024074
0 10981 0.559635 0.458333 0.052604 0.053704
0 10982 0.421875 0.424537 0.042708 0.043519
0 10983 0.392708 0.252778 0.030208 0.037037
0 10984 0.558333 0.068056 0.025000 0.030556
0 10985 0.345313 0.462963 0.093750 0.064815
0 10986 0.528906 0.446759 0.085938 0.065741
0 10987 0.405990 0.407407 0.051562 0.042593
0 10988 0.430729 0.335648 0.041667 0.036111
0 10989 0.406771 0.300000 0.043750 0.038889
0 10990 0.492448 0.539352 0.138021 0.095370
0 10991 0.382031 0.058796 0.023438 0.023148
0 10992 0.591406 0.039815 0.017188 0.024074
0 10993 0.378906 0.416667 0.071354 0.055556
0 10994 0.356771 0.427778 0.073958 0.051852
0 10995 0.570052 0.151852 0.030729 0.037037
0 10996 0.289062 0.542593 0.118750 0.090741
0 10997 0.391667 0.148611 0.028125 0.032407
0 10998 0.554167 0.362963 0.037500 0.042593
0 10999 0.571354 0.214815 0.031250 0.033333
0 11000 0.518490 0.522222 0.120313 0.087037
0 11001 0.580469 0.364352 0.064062 0.050926
