0 12083 0.604688 0.460648 0.040625 0.041667
0 12084 0.403385 0.044907 0.019271 0.023148
0 12085 0.552604 0.504630 0.055208 0.057407
0 12086 0.427344 0.447222 0.049479 0.040741
0 12087 0.385417 0.299074 0.032292 0.033333
0 12088 0.556510 0.108333 0.024479 0.031481
0 12089 0.328125 0.541667 0.102083 0.074074
0 12090 0.525260 0.499537 0.094271 0.075000
0 12091 0.397396 0.460185 0.042708 0.048148
0 12092 0.438802 0.375463 0.040104 0.037963
0 12093 0.381771 0.337037 0.040625 0.046296
0 12094 0.484375 0.609722 0.136458 0.100926
0 12095 0.398438 0.094444 0.022917 0.024074
0 12096 0.593490 0.072685 0.018229 0.021296
0 12097 0.364063 0.447222 0.076042 0.055556
0 12098 0.352083 0.486111 0.073958 0.062963
0 12099 0.569531 0.192130 0.030729 0.037963
0 12100 0.269271 0.599537 0.104167 0.099074
0 12101 0.392969 0.195833 0.026562 0.028704
0 12102 0.559115 0.387963 0.033854 0.040741
0 12103 0.546615 0.243519 0.032813 0.033333
0 12104 0.525260 0.588889 0.123438 0.100000
0 12105 0.570312 0.408333 0.065625 0.051852
