0 11945 0.604948 0.455093 0.045312 0.041667
0 11946 0.398698 0.041667 0.019271 0.024074
0 11947 0.553125 0.498611 0.054167 0.056481
0 11948 0.428125 0.445370 0.048958 0.040741
0 11949 0.387500 0.294907 0.032292 0.034259
0 11950 0.556771 0.105093 0.023958 0.030556
0 11951 0.329688 0.532870 0.098958 0.073148
0 11952 0.527344 0.493519 0.095312 0.074074
0 11953 0.398438 0.452778 0.042708 0.044444
0 11954 0.437240 0.369907 0.040104 0.037963
0 11955 0.381510 0.334722 0.040104 0.047222
0 11956 0.488021 0.598611 0.137500 0.100926
0 11957 0.397396 0.088889 0.022917 0.024074
0 11958 0.593229 0.067130 0.017708 0.023148
0 11959 0.366667 0.441667 0.076042 0.055556
0 11960 0.352604 0.475926 0.073958 0.061111
0 11961 0.569792 0.186111 0.030208 0.038889
0 11962 0.271875 0.594907 0.101042 0.097222
0 11963 0.392969 0.187963 0.027604 0.029630
0 11964 0.558594 0.388426 0.032813 0.041667
0 11965 0.550781 0.239815 0.032813 0.033333
0 11966 0.525521 0.581481 0.122917 0.096296
0 11967 0.573177 0.402778 0.065104 0.051852
