0 11853 0.606510 0.450463 0.041146 0.041667
0 11854 0.395052 0.038889 0.019271 0.024074
0 11855 0.553906 0.494907 0.053646 0.056481
0 11856 0.428906 0.444444 0.048438 0.040741
0 11857 0.389062 0.291204 0.032292 0.034259
0 11858 0.556771 0.102315 0.023958 0.030556
0 11859 0.330208 0.526852 0.096875 0.072222
0 11860 0.528646 0.488889 0.095833 0.072222
0 11861 0.399219 0.447685 0.043229 0.041667
0 11862 0.435677 0.366204 0.040104 0.037963
0 11863 0.381250 0.331944 0.039583 0.047222
0 11864 0.490885 0.590278 0.139063 0.100926
0 11865 0.396354 0.084259 0.022917 0.024074
0 11866 0.593229 0.063889 0.017708 0.024074
0 11867 0.368229 0.437963 0.076042 0.055556
0 11868 0.352604 0.468981 0.073958 0.060185
0 11869 0.570312 0.182407 0.030208 0.038889
0 11870 0.273177 0.590741 0.098437 0.094444
0 11871 0.392708 0.182407 0.028125 0.029630
0 11872 0.558333 0.388889 0.032292 0.042593
0 11873 0.553385 0.236111 0.032813 0.033333
0 11874 0.525260 0.577315 0.122396 0.093519
0 11875 0.574740 0.398148 0.065104 0.051852
