0 12980 0.594010 0.490278 0.040104 0.037963
0 12981 0.423438 0.071759 0.019792 0.025000
0 12982 0.546875 0.525463 0.064583 0.058333
0 12983 0.425521 0.473148 0.057292 0.042593
0 12984 0.376563 0.336111 0.033333 0.037037
0 12985 0.556771 0.149074 0.025000 0.033333
0 12986 0.306510 0.620833 0.097396 0.089815
0 12987 0.525781 0.548148 0.099479 0.079630
0 12988 0.397656 0.487963 0.042188 0.050000
0 12989 0.451823 0.425463 0.040104 0.039815
0 12990 0.410417 0.359259 0.040625 0.038889
0 12991 0.468490 0.683796 0.149479 0.113889
0 12992 0.412760 0.133333 0.022396 0.024074
0 12993 0.598437 0.106019 0.016667 0.023148
0 12994 0.359635 0.491667 0.073438 0.061111
0 12995 0.344531 0.540741 0.073438 0.062963
0 12996 0.556510 0.224074 0.033854 0.038889
0 12997 0.273958 0.676389 0.132292 0.097222
0 12998 0.395313 0.235185 0.031250 0.031481
0 12999 0.556510 0.377315 0.036979 0.036111
0 13000 0.541146 0.273148 0.035417 0.033333
0 13001 0.522656 0.641204 0.130729 0.100926
0 13002 0.557292 0.447685 0.069792 0.054630
