0 11301 0.609635 0.425926 0.046354 0.040741
0 11302 0.378646 0.031481 0.019792 0.022222
0 11303 0.558073 0.470833 0.052604 0.054630
0 11304 0.424740 0.434722 0.045312 0.041667
0 11305 0.392448 0.267593 0.031771 0.037037
0 11306 0.556250 0.081944 0.022917 0.028704
0 11307 0.340104 0.496759 0.095833 0.069444
0 11308 0.530729 0.459259 0.089583 0.068519
0 11309 0.402344 0.423148 0.050521 0.042593
0 11310 0.431250 0.346759 0.041667 0.036111
0 11311 0.391927 0.312500 0.039062 0.039815
0 11312 0.490885 0.552315 0.133854 0.097222
0 11313 0.386979 0.067130 0.022917 0.025000
0 11314 0.592969 0.047685 0.017188 0.023148
0 11315 0.376302 0.427778 0.071354 0.055556
0 11316 0.353646 0.445370 0.073958 0.059259
0 11317 0.571875 0.161111 0.030208 0.037037
0 11318 0.285677 0.563889 0.119271 0.094444
0 11319 0.392188 0.159259 0.028125 0.031481
0 11320 0.555469 0.372222 0.035937 0.042593
0 11321 0.566146 0.223148 0.032292 0.033333
0 11322 0.522656 0.548611 0.120313 0.091667
0 11323 0.580469 0.376389 0.064062 0.052778
