0 11439 0.609896 0.433796 0.041667 0.041667
0 11440 0.382031 0.033333 0.019271 0.022222
0 11441 0.556250 0.476852 0.052083 0.055556
0 11442 0.426563 0.437037 0.045833 0.040741
0 11443 0.391927 0.274537 0.031771 0.036111
0 11444 0.555990 0.087500 0.023438 0.028704
0 11445 0.338281 0.508796 0.099479 0.069444
0 11446 0.530469 0.465741 0.091146 0.070370
0 11447 0.401562 0.428704 0.047917 0.042593
0 11448 0.431771 0.352315 0.041667 0.036111
0 11449 0.386458 0.318056 0.037500 0.041667
0 11450 0.490104 0.558796 0.134375 0.097222
0 11451 0.389062 0.071296 0.022917 0.025926
0 11452 0.592969 0.050463 0.017188 0.023148
0 11453 0.374740 0.431481 0.071354 0.055556
0 11454 0.352604 0.452778 0.073958 0.059259
0 11455 0.572396 0.165741 0.030208 0.037037
0 11456 0.281510 0.572222 0.113021 0.094444
0 11457 0.392708 0.165278 0.028125 0.030556
0 11458 0.556250 0.377778 0.035417 0.042593
0 11459 0.563281 0.225926 0.032813 0.033333
0 11460 0.524479 0.557407 0.120833 0.092593
0 11461 0.579427 0.382870 0.063021 0.052778
