0 11715 0.608594 0.443519 0.044271 0.040741
0 11716 0.390885 0.036574 0.019271 0.025000
0 11717 0.553385 0.487963 0.052604 0.055556
0 11718 0.428646 0.441667 0.046875 0.040741
0 11719 0.390104 0.286111 0.032292 0.035185
0 11720 0.556510 0.098611 0.023438 0.030556
0 11721 0.332813 0.523611 0.097917 0.071296
0 11722 0.528906 0.481481 0.095312 0.072222
0 11723 0.399740 0.441204 0.043229 0.041667
0 11724 0.433594 0.362037 0.041146 0.037037
0 11725 0.382031 0.328241 0.039062 0.045370
0 11726 0.491667 0.577778 0.139583 0.100000
0 11727 0.394271 0.079630 0.022917 0.024074
0 11728 0.593229 0.058333 0.017708 0.022222
0 11729 0.371094 0.437037 0.073438 0.055556
0 11730 0.352604 0.462963 0.073958 0.059259
0 11731 0.570833 0.176389 0.030208 0.037963
0 11732 0.273438 0.585185 0.103125 0.094444
0 11733 0.392708 0.176389 0.028125 0.030556
0 11734 0.557292 0.387037 0.033333 0.042593
0 11735 0.557552 0.232407 0.032813 0.033333
0 11736 0.525521 0.571296 0.121875 0.092593
0 11737 0.576562 0.393519 0.063542 0.051852
