0 11002 0.609896 0.411574 0.042708 0.039815
0 11003 0.372135 0.026852 0.020313 0.024074
0 11004 0.559635 0.459259 0.052604 0.053704
0 11005 0.422656 0.425463 0.043229 0.043519
0 11006 0.392969 0.253704 0.030729 0.037037
0 11007 0.557552 0.068981 0.024479 0.030556
0 11008 0.344792 0.465278 0.092708 0.065741
0 11009 0.528646 0.446759 0.086458 0.065741
0 11010 0.405469 0.408333 0.051562 0.042593
0 11011 0.430729 0.336574 0.041667 0.036111
0 11012 0.405729 0.300926 0.043750 0.038889
0 11013 0.492448 0.540278 0.138021 0.095370
0 11014 0.382552 0.059722 0.023438 0.023148
0 11015 0.591927 0.040741 0.017188 0.024074
0 11016 0.378906 0.417593 0.071354 0.055556
0 11017 0.356771 0.429167 0.073958 0.052778
0 11018 0.570052 0.151852 0.030729 0.037037
0 11019 0.288802 0.543981 0.120313 0.091667
0 11020 0.391667 0.148611 0.028125 0.032407
0 11021 0.554167 0.362963 0.037500 0.042593
0 11022 0.571354 0.215741 0.031250 0.033333
0 11023 0.518490 0.524074 0.120313 0.087037
0 11024 0.580469 0.365278 0.064062 0.050926
