0 12727 0.598177 0.486574 0.045312 0.041667
0 12728 0.417969 0.062500 0.019271 0.025000
0 12729 0.551042 0.527315 0.062500 0.060185
0 12730 0.429948 0.466667 0.056771 0.042593
0 12731 0.377604 0.325926 0.032292 0.035185
0 12732 0.556510 0.135648 0.024479 0.032407
0 12733 0.314323 0.604167 0.105729 0.080556
0 12734 0.525781 0.532870 0.099479 0.078704
0 12735 0.398177 0.479630 0.042188 0.050000
0 12736 0.447135 0.412037 0.041146 0.040741
0 12737 0.402865 0.349537 0.040104 0.039815
0 12738 0.470833 0.658333 0.148958 0.112963
0 12739 0.409115 0.123148 0.022396 0.024074
0 12740 0.596094 0.097685 0.017188 0.023148
0 12741 0.359635 0.479630 0.077604 0.061111
0 12742 0.344531 0.524074 0.073438 0.062963
0 12743 0.559375 0.217130 0.032292 0.037963
0 12744 0.278125 0.650926 0.133333 0.088889
0 12745 0.394792 0.225926 0.030208 0.031481
0 12746 0.559375 0.381019 0.037500 0.036111
0 12747 0.540365 0.265278 0.033854 0.032407
0 12748 0.522135 0.620833 0.129688 0.100926
0 12749 0.558854 0.439815 0.068750 0.055556
