0 13164 0.590365 0.491204 0.040104 0.037963
0 13165 0.425521 0.079167 0.019792 0.025000
0 13166 0.544271 0.527315 0.064583 0.058333
0 13167 0.422917 0.475926 0.057292 0.042593
0 13168 0.377604 0.343056 0.035417 0.036111
0 13169 0.558333 0.157407 0.025000 0.033333
0 13170 0.304427 0.631481 0.104688 0.092593
0 13171 0.525781 0.563426 0.099479 0.080556
0 13172 0.396875 0.495370 0.040625 0.050000
0 13173 0.452865 0.434722 0.040104 0.039815
0 13174 0.416667 0.366667 0.040625 0.038889
0 13175 0.468490 0.691667 0.147396 0.114815
0 13176 0.414844 0.137963 0.022396 0.025926
0 13177 0.599740 0.113426 0.016146 0.023148
0 13178 0.363281 0.496296 0.074479 0.061111
0 13179 0.344531 0.552778 0.077604 0.062963
0 13180 0.555469 0.226852 0.033854 0.038889
0 13181 0.275260 0.689815 0.136979 0.100000
0 13182 0.395052 0.243519 0.031771 0.031481
0 13183 0.555469 0.375463 0.036979 0.036111
0 13184 0.543229 0.277778 0.035417 0.033333
0 13185 0.523177 0.660648 0.132812 0.100926
0 13186 0.555990 0.452315 0.069271 0.054630
