0 12474 0.600260 0.478241 0.047396 0.041667
0 12475 0.413802 0.056019 0.019271 0.025000
0 12476 0.552604 0.521296 0.057292 0.059259
0 12477 0.427344 0.459259 0.051562 0.042593
0 12478 0.380729 0.314815 0.032292 0.035185
0 12479 0.556510 0.122222 0.024479 0.031481
0 12480 0.318229 0.580556 0.095833 0.079630
0 12481 0.526823 0.519444 0.098437 0.074074
0 12482 0.398698 0.474074 0.042188 0.048148
0 12483 0.442448 0.396759 0.041146 0.039815
0 12484 0.394531 0.343981 0.040104 0.043519
0 12485 0.476823 0.640741 0.144271 0.103704
0 12486 0.405208 0.112500 0.022917 0.025000
0 12487 0.594792 0.087037 0.017708 0.022222
0 12488 0.359896 0.467593 0.078125 0.061111
0 12489 0.349219 0.511111 0.073438 0.062963
0 12490 0.563802 0.206944 0.031771 0.036111
0 12491 0.276562 0.626852 0.134375 0.092593
0 12492 0.394531 0.215741 0.029687 0.031481
0 12493 0.560677 0.384722 0.036979 0.036111
0 12494 0.541146 0.255556 0.033333 0.035185
0 12495 0.520312 0.606944 0.125000 0.100926
0 12496 0.563021 0.429630 0.067708 0.055556
