0 11370 0.609635 0.431019 0.040104 0.041667
0 11371 0.380729 0.033333 0.019792 0.022222
0 11372 0.558073 0.474074 0.052604 0.055556
0 11373 0.425521 0.437037 0.045833 0.040741
0 11374 0.392448 0.272222 0.031771 0.037037
0 11375 0.556510 0.085648 0.023438 0.028704
0 11376 0.339844 0.504167 0.099479 0.069444
0 11377 0.531771 0.462963 0.089583 0.070370
0 11378 0.401562 0.425926 0.050000 0.042593
0 11379 0.431250 0.349537 0.041667 0.036111
0 11380 0.388281 0.315741 0.036979 0.040741
0 11381 0.490104 0.556019 0.132292 0.097222
0 11382 0.388021 0.069444 0.022917 0.025926
0 11383 0.592969 0.048611 0.017188 0.023148
0 11384 0.375521 0.430556 0.071875 0.055556
0 11385 0.353125 0.450000 0.073958 0.059259
0 11386 0.572917 0.163889 0.030208 0.037037
0 11387 0.285156 0.569444 0.115104 0.094444
0 11388 0.392708 0.162500 0.028125 0.030556
0 11389 0.556510 0.375000 0.035937 0.042593
0 11390 0.564844 0.225000 0.032813 0.033333
0 11391 0.524219 0.553704 0.120313 0.092593
0 11392 0.580469 0.379630 0.064062 0.053704
