0 12221 0.602344 0.468056 0.046354 0.041667
0 12222 0.407552 0.049074 0.019271 0.024074
0 12223 0.553125 0.510185 0.055208 0.057407
0 12224 0.427344 0.451389 0.050521 0.041667
0 12225 0.382812 0.305093 0.032292 0.034259
0 12226 0.556510 0.112037 0.024479 0.031481
0 12227 0.325260 0.555556 0.105729 0.075926
0 12228 0.526042 0.506481 0.096875 0.074074
0 12229 0.397917 0.465741 0.042708 0.048148
0 12230 0.439063 0.382870 0.040625 0.037963
0 12231 0.384635 0.338889 0.041146 0.044444
0 12232 0.481771 0.618981 0.141667 0.102778
0 12233 0.401562 0.100926 0.022917 0.025926
0 12234 0.593490 0.079167 0.018229 0.021296
0 12235 0.360938 0.455556 0.077083 0.059259
0 12236 0.351562 0.497222 0.073958 0.062963
0 12237 0.567708 0.197685 0.031250 0.037963
0 12238 0.268490 0.607870 0.105729 0.097222
0 12239 0.393750 0.203704 0.028125 0.029630
0 12240 0.560156 0.387037 0.035937 0.040741
0 12241 0.543490 0.248611 0.032813 0.034259
0 12242 0.523698 0.593981 0.123438 0.100926
0 12243 0.566667 0.414815 0.066667 0.055556
