0 11255 0.609896 0.424074 0.043750 0.040741
0 11256 0.377604 0.031019 0.019792 0.023148
0 11257 0.558594 0.468981 0.052604 0.054630
0 11258 0.424740 0.432870 0.045312 0.041667
0 11259 0.392448 0.264815 0.031771 0.037037
0 11260 0.556250 0.079167 0.022917 0.028704
0 11261 0.341146 0.492130 0.093750 0.069444
0 11262 0.530208 0.456944 0.089583 0.067593
0 11263 0.402865 0.420370 0.050521 0.042593
0 11264 0.431250 0.345833 0.041667 0.036111
0 11265 0.394792 0.310648 0.040625 0.039815
0 11266 0.491406 0.550463 0.134896 0.097222
0 11267 0.386458 0.066204 0.022917 0.025000
0 11268 0.592969 0.046759 0.017188 0.023148
0 11269 0.376823 0.425926 0.071354 0.055556
0 11270 0.354687 0.443519 0.073958 0.059259
0 11271 0.571354 0.160185 0.030208 0.037037
0 11272 0.286198 0.561574 0.122396 0.095370
0 11273 0.392188 0.157407 0.028125 0.031481
0 11274 0.555208 0.371296 0.036458 0.042593
0 11275 0.567448 0.222222 0.031771 0.033333
0 11276 0.521615 0.543981 0.120313 0.089815
0 11277 0.580469 0.374537 0.064062 0.052778
