0 12934 0.592969 0.489352 0.047396 0.037963
0 12935 0.422396 0.069907 0.019792 0.025000
0 12936 0.547656 0.525463 0.064062 0.058333
0 12937 0.426563 0.471296 0.057292 0.042593
0 12938 0.376823 0.333796 0.032813 0.036111
0 12939 0.556510 0.145833 0.024479 0.032407
0 12940 0.307812 0.618056 0.098958 0.087963
0 12941 0.525781 0.545370 0.099479 0.079630
0 12942 0.398177 0.487037 0.042188 0.050000
0 12943 0.451302 0.422685 0.040104 0.039815
0 12944 0.408854 0.357407 0.040625 0.038889
0 12945 0.468490 0.679167 0.149479 0.113889
0 12946 0.411719 0.131481 0.022396 0.024074
0 12947 0.597917 0.105093 0.016667 0.023148
0 12948 0.359375 0.488889 0.073958 0.061111
0 12949 0.344531 0.537037 0.073438 0.062963
0 12950 0.556771 0.222222 0.033333 0.038889
0 12951 0.275000 0.671759 0.132292 0.095370
0 12952 0.395052 0.233333 0.030729 0.031481
0 12953 0.557031 0.378241 0.036979 0.036111
0 12954 0.540885 0.270833 0.034896 0.032407
0 12955 0.522656 0.637500 0.130729 0.100926
0 12956 0.557031 0.446759 0.069271 0.054630
