0 11761 0.608333 0.444907 0.045833 0.039815
0 11762 0.391927 0.037500 0.019271 0.025000
0 11763 0.553385 0.489815 0.052604 0.055556
0 11764 0.428906 0.442593 0.047396 0.040741
0 11765 0.389583 0.287963 0.032292 0.035185
0 11766 0.556510 0.099537 0.023438 0.030556
0 11767 0.331771 0.523611 0.096875 0.071296
0 11768 0.529167 0.484259 0.095833 0.072222
0 11769 0.399740 0.443981 0.043229 0.041667
0 11770 0.434375 0.362963 0.040625 0.037037
0 11771 0.381771 0.329630 0.039583 0.046296
0 11772 0.491667 0.581481 0.139583 0.100000
0 11773 0.394792 0.080556 0.022917 0.024074
0 11774 0.593229 0.059722 0.017708 0.023148
0 11775 0.370052 0.437037 0.074479 0.055556
0 11776 0.352604 0.464815 0.073958 0.059259
0 11777 0.570833 0.178704 0.030208 0.038889
0 11778 0.273438 0.587037 0.101042 0.094444
0 11779 0.392708 0.177778 0.028125 0.029630
0 11780 0.557552 0.387963 0.032813 0.042593
0 11781 0.555990 0.233333 0.032813 0.033333
0 11782 0.525521 0.573148 0.121875 0.092593
0 11783 0.575781 0.395370 0.064062 0.051852
