0 11209 0.610417 0.422222 0.041667 0.040741
0 11210 0.376042 0.030093 0.019792 0.023148
0 11211 0.559115 0.467130 0.052604 0.054630
0 11212 0.423958 0.431481 0.044792 0.042593
0 11213 0.392448 0.262037 0.031771 0.037037
0 11214 0.556250 0.076389 0.022917 0.028704
0 11215 0.341406 0.487500 0.091146 0.069444
0 11216 0.529167 0.454630 0.089583 0.066667
0 11217 0.403125 0.418519 0.051042 0.042593
0 11218 0.431250 0.343981 0.041667 0.036111
0 11219 0.396875 0.308796 0.041667 0.039815
0 11220 0.491927 0.548611 0.135937 0.097222
0 11221 0.385417 0.063889 0.022917 0.024074
0 11222 0.592969 0.045833 0.017188 0.023148
0 11223 0.377344 0.424074 0.071354 0.055556
0 11224 0.355208 0.440741 0.073958 0.059259
0 11225 0.570312 0.158333 0.030208 0.037037
0 11226 0.286719 0.558333 0.125521 0.096296
0 11227 0.392188 0.155556 0.028125 0.031481
0 11228 0.554427 0.369444 0.036979 0.042593
0 11229 0.568229 0.221296 0.031250 0.033333
0 11230 0.520573 0.540741 0.120313 0.088889
0 11231 0.580469 0.372222 0.064062 0.051852
