0 11278 0.609635 0.425000 0.045312 0.040741
0 11279 0.378125 0.031481 0.019792 0.022222
0 11280 0.558594 0.469907 0.052604 0.054630
0 11281 0.424740 0.433796 0.045312 0.041667
0 11282 0.392448 0.266667 0.031771 0.037037
0 11283 0.556250 0.080093 0.022917 0.028704
0 11284 0.340625 0.494907 0.094792 0.069444
0 11285 0.530208 0.458333 0.089583 0.068519
0 11286 0.402865 0.422222 0.050521 0.042593
0 11287 0.431250 0.345833 0.041667 0.036111
0 11288 0.393490 0.311574 0.040104 0.039815
0 11289 0.491146 0.551389 0.134375 0.097222
0 11290 0.386458 0.066204 0.022917 0.025000
0 11291 0.592969 0.046759 0.017188 0.023148
0 11292 0.376302 0.426852 0.071354 0.055556
0 11293 0.354167 0.444444 0.073958 0.059259
0 11294 0.571354 0.160185 0.030208 0.037037
0 11295 0.285938 0.562500 0.120833 0.095370
0 11296 0.392188 0.158333 0.028125 0.031481
0 11297 0.555208 0.371296 0.036458 0.042593
0 11298 0.566406 0.223148 0.031771 0.033333
0 11299 0.522135 0.546296 0.120313 0.090741
0 11300 0.580469 0.375463 0.064062 0.052778
