0 10956 0.609635 0.409722 0.040104 0.039815
0 10957 0.371354 0.025926 0.020833 0.024074
0 10958 0.559635 0.457407 0.052604 0.053704
0 10959 0.421875 0.423611 0.042708 0.043519
0 10960 0.392708 0.251852 0.030208 0.037037
0 10961 0.558333 0.067130 0.025000 0.030556
0 10962 0.345573 0.459722 0.094271 0.063889
0 10963 0.528646 0.445833 0.085417 0.065741
0 10964 0.405990 0.406481 0.051562 0.042593
0 10965 0.430729 0.334722 0.041667 0.036111
0 10966 0.407292 0.299074 0.043750 0.038889
0 10967 0.492448 0.538426 0.138021 0.095370
0 10968 0.381510 0.058796 0.023438 0.023148
0 10969 0.591406 0.039815 0.017188 0.024074
0 10970 0.378906 0.415741 0.071354 0.055556
0 10971 0.356771 0.426389 0.073958 0.050926
0 10972 0.570052 0.150926 0.030729 0.037037
0 10973 0.289323 0.541204 0.117188 0.089815
0 10974 0.391667 0.147685 0.028125 0.032407
0 10975 0.554167 0.362037 0.037500 0.042593
0 10976 0.571875 0.213889 0.031250 0.033333
0 10977 0.518490 0.520370 0.120313 0.087037
0 10978 0.580469 0.364352 0.064062 0.050926
