0 12014 0.603906 0.457870 0.048438 0.041667
0 12015 0.400781 0.043056 0.019271 0.023148
0 12016 0.552865 0.501389 0.054688 0.056481
0 12017 0.427604 0.446296 0.048958 0.040741
0 12018 0.386458 0.297222 0.032292 0.033333
0 12019 0.556771 0.106019 0.023958 0.030556
0 12020 0.328906 0.536574 0.100521 0.073148
0 12021 0.526302 0.496759 0.094271 0.075000
0 12022 0.397917 0.456944 0.042708 0.047222
0 12023 0.438281 0.372685 0.040104 0.037963
0 12024 0.381510 0.335648 0.040104 0.047222
0 12025 0.485938 0.604167 0.136458 0.100926
0 12026 0.397917 0.091667 0.022917 0.024074
0 12027 0.593229 0.070370 0.017708 0.022222
0 12028 0.365625 0.444444 0.076042 0.055556
0 12029 0.352604 0.480093 0.073958 0.062037
0 12030 0.569792 0.188426 0.030208 0.037963
0 12031 0.270573 0.596296 0.102604 0.098148
0 12032 0.392448 0.192130 0.026562 0.028704
0 12033 0.558854 0.387963 0.033333 0.040741
0 12034 0.548177 0.241667 0.032813 0.033333
0 12035 0.525781 0.585185 0.123438 0.098148
0 12036 0.571615 0.405556 0.065104 0.051852
