0 12704 0.598437 0.485185 0.044792 0.040741
0 12705 0.417448 0.061574 0.019271 0.025000
0 12706 0.551302 0.527315 0.061979 0.060185
0 12707 0.429688 0.465741 0.056250 0.042593
0 12708 0.378125 0.325000 0.032292 0.035185
0 12709 0.556510 0.134722 0.024479 0.032407
0 12710 0.314583 0.602315 0.104167 0.080556
0 12711 0.525781 0.531481 0.099479 0.077778
0 12712 0.398698 0.479630 0.042188 0.050000
0 12713 0.447135 0.410185 0.041146 0.040741
0 12714 0.402344 0.348611 0.040104 0.039815
0 12715 0.471615 0.656944 0.148438 0.112037
0 12716 0.408854 0.122222 0.022917 0.024074
0 12717 0.596094 0.096759 0.017188 0.023148
0 12718 0.359635 0.478704 0.077604 0.061111
0 12719 0.345052 0.523148 0.073438 0.062963
0 12720 0.559896 0.216204 0.032292 0.037963
0 12721 0.278646 0.648148 0.134375 0.088889
0 12722 0.394792 0.225000 0.030208 0.031481
0 12723 0.559375 0.381944 0.037500 0.036111
0 12724 0.540365 0.264352 0.033854 0.032407
0 12725 0.521875 0.618981 0.129167 0.100926
0 12726 0.559375 0.439815 0.068750 0.055556
