0 11140 0.611198 0.420370 0.038021 0.040741
0 11141 0.374479 0.029630 0.019792 0.024074
0 11142 0.559635 0.465278 0.052604 0.054630
0 11143 0.423438 0.430093 0.044792 0.043519
0 11144 0.392448 0.258333 0.031771 0.037037
0 11145 0.556250 0.074074 0.022917 0.029630
0 11146 0.342448 0.481481 0.088021 0.070370
0 11147 0.528646 0.451389 0.089583 0.065741
0 11148 0.403906 0.414815 0.051562 0.042593
0 11149 0.430729 0.341204 0.041667 0.036111
0 11150 0.401042 0.306944 0.043750 0.039815
0 11151 0.492969 0.545833 0.138021 0.097222
0 11152 0.384896 0.062500 0.022917 0.023148
0 11153 0.592969 0.044444 0.017188 0.024074
0 11154 0.378906 0.422222 0.071354 0.055556
0 11155 0.356250 0.437037 0.073958 0.059259
0 11156 0.570052 0.156481 0.030729 0.037037
0 11157 0.287500 0.554167 0.130208 0.097222
0 11158 0.392188 0.153241 0.028125 0.032407
0 11159 0.554167 0.366667 0.037500 0.042593
0 11160 0.570312 0.220370 0.031250 0.033333
0 11161 0.519010 0.535185 0.120313 0.087037
0 11162 0.580469 0.369444 0.064062 0.051852
