0 13072 0.592448 0.491204 0.040104 0.037963
0 13073 0.424479 0.075463 0.019792 0.025000
0 13074 0.545312 0.526389 0.064583 0.058333
0 13075 0.423958 0.474074 0.057292 0.042593
0 13076 0.377083 0.339352 0.034375 0.036111
0 13077 0.557292 0.152778 0.025000 0.033333
0 13078 0.305208 0.625926 0.101042 0.090741
0 13079 0.525781 0.555556 0.099479 0.079630
0 13080 0.397135 0.491667 0.041146 0.050000
0 13081 0.452344 0.430093 0.040104 0.039815
0 13082 0.413542 0.362963 0.040625 0.038889
0 13083 0.468490 0.687500 0.148438 0.113889
0 13084 0.413802 0.135648 0.022396 0.025000
0 13085 0.598698 0.109722 0.016146 0.023148
0 13086 0.361458 0.493519 0.073958 0.061111
0 13087 0.344531 0.546296 0.075521 0.062963
0 13088 0.555990 0.225000 0.033854 0.038889
0 13089 0.274479 0.682407 0.134375 0.098148
0 13090 0.394792 0.238889 0.031250 0.031481
0 13091 0.555990 0.376389 0.036979 0.036111
0 13092 0.542188 0.275000 0.035417 0.033333
0 13093 0.522656 0.650463 0.131771 0.100926
0 13094 0.556510 0.450463 0.069271 0.054630
