0 12543 0.600521 0.479167 0.040625 0.036111
0 12544 0.414844 0.057870 0.019271 0.025000
0 12545 0.552604 0.523611 0.058333 0.060185
0 12546 0.427865 0.461111 0.052604 0.042593
0 12547 0.380208 0.317593 0.032292 0.035185
0 12548 0.556510 0.125463 0.024479 0.032407
0 12549 0.316927 0.587500 0.094271 0.080556
0 12550 0.526563 0.523148 0.098958 0.074074
0 12551 0.398698 0.476389 0.042188 0.049074
0 12552 0.443490 0.400926 0.041146 0.040741
0 12553 0.397396 0.344444 0.039583 0.042593
0 12554 0.475521 0.646759 0.144792 0.104630
0 12555 0.406250 0.115741 0.022917 0.024074
0 12556 0.595052 0.089352 0.017188 0.023148
0 12557 0.359896 0.471296 0.078125 0.061111
0 12558 0.348177 0.514815 0.073438 0.062963
0 12559 0.563021 0.209722 0.032292 0.036111
0 12560 0.279167 0.632407 0.140625 0.090741
0 12561 0.394792 0.218519 0.030208 0.031481
0 12562 0.560156 0.384259 0.036979 0.035185
0 12563 0.540885 0.258333 0.033854 0.035185
0 12564 0.520052 0.610648 0.125521 0.100926
0 12565 0.562500 0.433333 0.067708 0.055556
