0 13026 0.592969 0.490278 0.040104 0.037963
0 13027 0.423958 0.073611 0.019792 0.025000
0 13028 0.545833 0.525463 0.064583 0.058333
0 13029 0.425000 0.473148 0.057292 0.042593
0 13030 0.376823 0.337500 0.033854 0.036111
0 13031 0.556771 0.150926 0.025000 0.033333
0 13032 0.305729 0.622685 0.098958 0.089815
0 13033 0.525781 0.551852 0.099479 0.079630
0 13034 0.397396 0.489815 0.041667 0.050000
0 13035 0.452344 0.427315 0.040104 0.039815
0 13036 0.411979 0.361111 0.040625 0.038889
0 13037 0.468229 0.685648 0.148958 0.113889
0 13038 0.413281 0.134722 0.022396 0.025000
0 13039 0.598177 0.107870 0.016146 0.023148
0 13040 0.360156 0.492593 0.073438 0.061111
0 13041 0.344531 0.543519 0.074479 0.062963
0 13042 0.555990 0.224074 0.033854 0.038889
0 13043 0.274479 0.679167 0.133333 0.097222
0 13044 0.394792 0.237037 0.031250 0.031481
0 13045 0.555990 0.377315 0.036979 0.036111
0 13046 0.541667 0.274074 0.035417 0.033333
0 13047 0.522396 0.645833 0.131250 0.100926
0 13048 0.556510 0.449537 0.069271 0.054630
