0 13049 0.592969 0.490278 0.040104 0.037963
0 13050 0.423958 0.074537 0.019792 0.025000
0 13051 0.545833 0.525463 0.064583 0.058333
0 13052 0.424479 0.474074 0.057292 0.042593
0 13053 0.376823 0.338426 0.033854 0.036111
0 13054 0.557292 0.151852 0.025000 0.033333
0 13055 0.305729 0.624074 0.100000 0.090741
0 13056 0.525781 0.553704 0.099479 0.079630
0 13057 0.397396 0.490741 0.041667 0.050000
0 13058 0.452344 0.429167 0.040104 0.039815
0 13059 0.412500 0.362037 0.040625 0.038889
0 13060 0.467969 0.686574 0.148438 0.113889
0 13061 0.413281 0.134722 0.022396 0.025000
0 13062 0.598698 0.108796 0.016146 0.023148
0 13063 0.360677 0.493519 0.073438 0.061111
0 13064 0.344271 0.545370 0.075000 0.062963
0 13065 0.555990 0.225000 0.033854 0.038889
0 13066 0.274219 0.681481 0.133854 0.098148
0 13067 0.394792 0.237963 0.031250 0.031481
0 13068 0.555990 0.376389 0.036979 0.036111
0 13069 0.541667 0.275000 0.035417 0.033333
0 13070 0.522656 0.648611 0.131771 0.100926
0 13071 0.556510 0.449537 0.069271 0.054630
