0 11692 0.608594 0.442593 0.043229 0.040741
0 11693 0.389844 0.036574 0.019271 0.025000
0 11694 0.553125 0.487037 0.052083 0.055556
0 11695 0.428646 0.441667 0.046875 0.040741
0 11696 0.389844 0.285185 0.031771 0.035185
0 11697 0.555990 0.097685 0.023438 0.030556
0 11698 0.333333 0.522685 0.097917 0.071296
0 11699 0.528906 0.479630 0.095312 0.072222
0 11700 0.400260 0.440741 0.043229 0.042593
0 11701 0.433594 0.360648 0.041146 0.036111
0 11702 0.382031 0.327315 0.039062 0.045370
0 11703 0.491667 0.575926 0.139583 0.100000
0 11704 0.393750 0.078704 0.022917 0.024074
0 11705 0.593229 0.057407 0.017708 0.022222
0 11706 0.371094 0.436111 0.072396 0.055556
0 11707 0.352604 0.462037 0.073958 0.059259
0 11708 0.570833 0.175463 0.030208 0.037963
0 11709 0.272917 0.584259 0.104167 0.094444
0 11710 0.392708 0.175463 0.028125 0.030556
0 11711 0.556771 0.386111 0.033333 0.042593
0 11712 0.558073 0.231481 0.032813 0.033333
0 11713 0.525521 0.570370 0.121875 0.092593
0 11714 0.576302 0.392593 0.063021 0.051852
