0 11738 0.608594 0.443981 0.045312 0.039815
0 11739 0.391406 0.037500 0.019271 0.025000
0 11740 0.553385 0.488889 0.052604 0.055556
0 11741 0.428906 0.442593 0.047396 0.040741
0 11742 0.390104 0.287037 0.032292 0.035185
0 11743 0.556510 0.098611 0.023438 0.030556
0 11744 0.332031 0.523611 0.097396 0.071296
0 11745 0.528906 0.482407 0.095312 0.072222
0 11746 0.399740 0.442130 0.043229 0.041667
0 11747 0.433854 0.362037 0.040625 0.037037
0 11748 0.381771 0.328241 0.039583 0.045370
0 11749 0.491667 0.579630 0.139583 0.100000
0 11750 0.394271 0.080556 0.022917 0.024074
0 11751 0.593229 0.059722 0.017708 0.023148
0 11752 0.370312 0.437037 0.073958 0.055556
0 11753 0.352604 0.463889 0.073958 0.059259
0 11754 0.570833 0.177315 0.030208 0.037963
0 11755 0.273438 0.586111 0.102083 0.094444
0 11756 0.392708 0.176852 0.028125 0.029630
0 11757 0.557031 0.387037 0.032813 0.042593
0 11758 0.556510 0.233333 0.032813 0.033333
0 11759 0.525521 0.572222 0.121875 0.092593
0 11760 0.576042 0.394444 0.063542 0.051852
