0 11416 0.609635 0.432870 0.041146 0.041667
0 11417 0.381510 0.033333 0.019271 0.022222
0 11418 0.556771 0.475926 0.052083 0.055556
0 11419 0.426042 0.437037 0.045833 0.040741
0 11420 0.392448 0.273611 0.031771 0.036111
0 11421 0.555990 0.086574 0.023438 0.028704
0 11422 0.338802 0.506944 0.099479 0.069444
0 11423 0.530729 0.464815 0.090625 0.070370
0 11424 0.401302 0.427778 0.048438 0.042593
0 11425 0.431771 0.351389 0.041667 0.036111
0 11426 0.386979 0.316667 0.037500 0.040741
0 11427 0.490104 0.557870 0.133333 0.097222
0 11428 0.388542 0.070370 0.022917 0.025926
0 11429 0.592969 0.050463 0.017188 0.023148
0 11430 0.374740 0.431481 0.071354 0.055556
0 11431 0.352604 0.451852 0.073958 0.059259
0 11432 0.572396 0.164815 0.030208 0.037037
0 11433 0.282813 0.571296 0.113542 0.094444
0 11434 0.392708 0.164352 0.028125 0.030556
0 11435 0.556250 0.376852 0.035417 0.042593
0 11436 0.563802 0.225926 0.032813 0.033333
0 11437 0.524479 0.556481 0.120833 0.092593
0 11438 0.579688 0.381944 0.063542 0.052778
