0 11669 0.608854 0.441667 0.042708 0.040741
0 11670 0.389323 0.035648 0.019271 0.025000
0 11671 0.553125 0.486111 0.052083 0.055556
0 11672 0.428906 0.440741 0.046354 0.040741
0 11673 0.389844 0.284259 0.031771 0.035185
0 11674 0.555990 0.096759 0.023438 0.030556
0 11675 0.333594 0.522685 0.098437 0.071296
0 11676 0.528906 0.477778 0.095312 0.072222
0 11677 0.400260 0.438889 0.043229 0.042593
0 11678 0.433073 0.359722 0.041146 0.036111
0 11679 0.382031 0.325926 0.039062 0.044444
0 11680 0.491667 0.574074 0.139583 0.100000
0 11681 0.393229 0.078704 0.022917 0.024074
0 11682 0.593229 0.056481 0.017708 0.022222
0 11683 0.371354 0.436111 0.071875 0.055556
0 11684 0.352604 0.461111 0.073958 0.059259
0 11685 0.571354 0.174074 0.030208 0.037037
0 11686 0.272917 0.583333 0.105208 0.094444
0 11687 0.392708 0.174537 0.028125 0.030556
0 11688 0.556250 0.386111 0.033333 0.042593
0 11689 0.558594 0.231481 0.032813 0.033333
0 11690 0.525521 0.570370 0.121875 0.092593
0 11691 0.576562 0.391667 0.062500 0.051852
