0 11531 0.609375 0.437500 0.043750 0.041667
0 11532 0.385156 0.034259 0.019271 0.024074
0 11533 0.553906 0.480556 0.051562 0.055556
0 11534 0.427604 0.438889 0.045833 0.040741
0 11535 0.391406 0.279167 0.031771 0.036111
0 11536 0.555990 0.091667 0.023438 0.029630
0 11537 0.336719 0.515741 0.099479 0.070370
0 11538 0.529427 0.469907 0.093229 0.071296
0 11539 0.400781 0.432407 0.045312 0.042593
0 11540 0.431771 0.355093 0.041667 0.036111
0 11541 0.384115 0.321296 0.038021 0.042593
0 11542 0.490885 0.564352 0.136979 0.099074
0 11543 0.390625 0.074537 0.022917 0.025000
0 11544 0.592969 0.052315 0.017188 0.021296
0 11545 0.373177 0.434259 0.070312 0.055556
0 11546 0.352604 0.456481 0.073958 0.059259
0 11547 0.571875 0.169444 0.030208 0.037037
0 11548 0.276302 0.576852 0.109896 0.094444
0 11549 0.392708 0.168981 0.028125 0.030556
0 11550 0.555729 0.381481 0.034375 0.042593
0 11551 0.561719 0.227778 0.032813 0.033333
0 11552 0.525260 0.562963 0.121354 0.092593
0 11553 0.578125 0.386111 0.062500 0.051852
