0 11922 0.605469 0.454167 0.044271 0.041667
0 11923 0.397656 0.040741 0.019271 0.024074
0 11924 0.553646 0.497685 0.054167 0.056481
0 11925 0.428385 0.445370 0.048438 0.040741
0 11926 0.388021 0.293981 0.032292 0.034259
0 11927 0.556771 0.104167 0.023958 0.030556
0 11928 0.329427 0.530556 0.098437 0.072222
0 11929 0.527865 0.492130 0.095312 0.073148
0 11930 0.398438 0.451852 0.042708 0.044444
0 11931 0.436719 0.368981 0.040104 0.037963
0 11932 0.381510 0.333796 0.040104 0.047222
0 11933 0.488802 0.595833 0.138021 0.100926
0 11934 0.396875 0.087037 0.022917 0.024074
0 11935 0.593229 0.066204 0.017708 0.023148
0 11936 0.367188 0.440741 0.076042 0.055556
0 11937 0.352604 0.474074 0.073958 0.061111
0 11938 0.569792 0.185185 0.030208 0.038889
0 11939 0.271875 0.593519 0.100000 0.096296
0 11940 0.392448 0.187037 0.027604 0.029630
0 11941 0.558594 0.388426 0.032813 0.041667
0 11942 0.551302 0.238889 0.032813 0.033333
0 11943 0.525521 0.580093 0.122917 0.095370
0 11944 0.573177 0.401852 0.065104 0.051852
