0 12382 0.601042 0.475463 0.043750 0.041667
0 12383 0.411719 0.054167 0.019271 0.025000
0 12384 0.553125 0.517130 0.056250 0.058333
0 12385 0.427865 0.456019 0.051562 0.041667
0 12386 0.381250 0.311111 0.032292 0.035185
0 12387 0.556510 0.118519 0.024479 0.031481
0 12388 0.321094 0.571296 0.101562 0.077778
0 12389 0.526563 0.514815 0.097917 0.074074
0 12390 0.398177 0.471296 0.042188 0.048148
0 12391 0.440885 0.391667 0.041146 0.038889
0 12392 0.390104 0.342130 0.040625 0.043519
0 12393 0.478385 0.632407 0.144271 0.103704
0 12394 0.404167 0.107870 0.022917 0.025000
0 12395 0.594010 0.084722 0.018229 0.021296
0 12396 0.359896 0.463889 0.078125 0.061111
0 12397 0.350260 0.506481 0.073438 0.062963
0 12398 0.565365 0.203704 0.031771 0.037037
0 12399 0.272135 0.619444 0.120313 0.094444
0 12400 0.394271 0.211574 0.029167 0.030556
0 12401 0.560677 0.385648 0.036979 0.037963
0 12402 0.541667 0.253704 0.033333 0.035185
0 12403 0.521615 0.601389 0.124479 0.100926
0 12404 0.564063 0.423611 0.067708 0.056481
