0 12405 0.601042 0.476389 0.044792 0.041667
0 12406 0.412240 0.055093 0.019271 0.025000
0 12407 0.553125 0.518519 0.056250 0.059259
0 12408 0.427865 0.456944 0.051562 0.041667
0 12409 0.380729 0.312037 0.032292 0.035185
0 12410 0.556510 0.119444 0.024479 0.031481
0 12411 0.320573 0.574537 0.100521 0.078704
0 12412 0.526823 0.515741 0.098437 0.074074
0 12413 0.398177 0.472222 0.042188 0.048148
0 12414 0.441406 0.393519 0.041146 0.038889
0 12415 0.391667 0.342130 0.040625 0.043519
0 12416 0.478385 0.634259 0.144271 0.103704
0 12417 0.404687 0.108796 0.022917 0.025000
0 12418 0.594531 0.085185 0.018229 0.022222
0 12419 0.359896 0.464815 0.078125 0.061111
0 12420 0.349740 0.508333 0.073438 0.062963
0 12421 0.564844 0.204630 0.031771 0.037037
0 12422 0.273438 0.621296 0.123958 0.094444
0 12423 0.394531 0.212963 0.029687 0.031481
0 12424 0.560677 0.385648 0.036979 0.037963
0 12425 0.541667 0.254630 0.033333 0.035185
0 12426 0.521615 0.603241 0.124479 0.100926
0 12427 0.564063 0.425463 0.067708 0.056481
