0 12750 0.597135 0.487037 0.040104 0.042593
0 12751 0.418750 0.063426 0.019792 0.025000
0 12752 0.551302 0.528704 0.063021 0.061111
0 12753 0.430208 0.467593 0.057292 0.042593
0 12754 0.377083 0.328241 0.032292 0.036111
0 12755 0.556510 0.137500 0.024479 0.032407
0 12756 0.314063 0.607407 0.107292 0.081481
0 12757 0.526042 0.534259 0.100000 0.079630
0 12758 0.398177 0.479630 0.042188 0.050000
0 12759 0.447656 0.412963 0.041146 0.040741
0 12760 0.403906 0.350463 0.040104 0.039815
0 12761 0.470573 0.661111 0.149479 0.114815
0 12762 0.409635 0.124074 0.022396 0.024074
0 12763 0.596615 0.098611 0.017188 0.023148
0 12764 0.359635 0.481481 0.077604 0.061111
0 12765 0.344531 0.525926 0.073438 0.062963
0 12766 0.559635 0.218519 0.032813 0.038889
0 12767 0.278385 0.653704 0.132812 0.088889
0 12768 0.395052 0.226852 0.030729 0.031481
0 12769 0.559635 0.381019 0.038021 0.036111
0 12770 0.540625 0.267130 0.034375 0.032407
0 12771 0.522917 0.621759 0.130208 0.100926
0 12772 0.558594 0.440741 0.069271 0.055556
