0 11393 0.609896 0.431944 0.040625 0.041667
0 11394 0.380990 0.033333 0.019271 0.022222
0 11395 0.557292 0.475000 0.052083 0.055556
0 11396 0.426042 0.437037 0.045833 0.040741
0 11397 0.392448 0.272685 0.031771 0.036111
0 11398 0.555990 0.085648 0.023438 0.028704
0 11399 0.339323 0.505093 0.099479 0.069444
0 11400 0.530990 0.463889 0.090104 0.070370
0 11401 0.401562 0.426852 0.048958 0.042593
0 11402 0.431250 0.350463 0.041667 0.036111
0 11403 0.387500 0.315741 0.037500 0.040741
0 11404 0.489844 0.556944 0.132812 0.097222
0 11405 0.388021 0.069444 0.022917 0.025926
0 11406 0.592969 0.049537 0.017188 0.023148
0 11407 0.374740 0.430556 0.071354 0.055556
0 11408 0.352604 0.450926 0.073958 0.059259
0 11409 0.572396 0.164815 0.030208 0.037037
0 11410 0.283594 0.570370 0.114062 0.094444
0 11411 0.392708 0.163426 0.028125 0.030556
0 11412 0.556250 0.375926 0.035417 0.042593
0 11413 0.564323 0.225000 0.032813 0.033333
0 11414 0.524479 0.554630 0.120833 0.092593
0 11415 0.579688 0.380093 0.063542 0.052778
