0 12589 0.600000 0.481019 0.041667 0.037963
0 12590 0.415885 0.058796 0.019271 0.025000
0 12591 0.552083 0.524537 0.059375 0.060185
0 12592 0.428385 0.462963 0.053646 0.042593
0 12593 0.379688 0.319444 0.032292 0.035185
0 12594 0.556510 0.128241 0.024479 0.032407
0 12595 0.316406 0.591204 0.097396 0.080556
0 12596 0.526563 0.525463 0.098958 0.075000
0 12597 0.398698 0.477315 0.042188 0.049074
0 12598 0.444531 0.403704 0.041146 0.040741
0 12599 0.399219 0.345833 0.040104 0.041667
0 12600 0.474479 0.649537 0.145833 0.106481
0 12601 0.407292 0.117593 0.022917 0.024074
0 12602 0.595052 0.092130 0.017188 0.023148
0 12603 0.359896 0.473148 0.078125 0.061111
0 12604 0.347135 0.516667 0.073438 0.062963
0 12605 0.561979 0.210648 0.032292 0.036111
0 12606 0.278646 0.637037 0.138542 0.090741
0 12607 0.394792 0.220370 0.030208 0.031481
0 12608 0.560156 0.383333 0.036979 0.035185
0 12609 0.540885 0.259722 0.033854 0.034259
0 12610 0.520573 0.613426 0.126562 0.100926
0 12611 0.561458 0.435185 0.067708 0.055556
