0 12359 0.601562 0.475463 0.042708 0.041667
0 12360 0.411198 0.053241 0.019271 0.025000
0 12361 0.552865 0.516204 0.055729 0.058333
0 12362 0.427865 0.456019 0.051562 0.041667
0 12363 0.381250 0.310185 0.032292 0.035185
0 12364 0.556510 0.117593 0.024479 0.031481
0 12365 0.321875 0.569444 0.103125 0.077778
0 12366 0.526563 0.512963 0.097917 0.074074
0 12367 0.398177 0.471296 0.042188 0.048148
0 12368 0.440365 0.390278 0.041146 0.037963
0 12369 0.389062 0.341204 0.040625 0.043519
0 12370 0.478906 0.629630 0.144271 0.103704
0 12371 0.403646 0.106481 0.022917 0.025926
0 12372 0.594010 0.083796 0.018229 0.021296
0 12373 0.359896 0.462963 0.078125 0.061111
0 12374 0.350260 0.505556 0.073438 0.062963
0 12375 0.565885 0.202778 0.031771 0.037037
0 12376 0.271094 0.617130 0.117188 0.095370
0 12377 0.394271 0.210648 0.029167 0.030556
0 12378 0.560677 0.386111 0.036979 0.038889
0 12379 0.541667 0.252778 0.033333 0.035185
0 12380 0.521875 0.600463 0.123958 0.100926
0 12381 0.564063 0.421759 0.067708 0.056481
