0 11968 0.604427 0.456019 0.046354 0.041667
0 11969 0.399219 0.042130 0.019271 0.023148
0 11970 0.553125 0.499537 0.054167 0.056481
0 11971 0.428125 0.445370 0.048958 0.040741
0 11972 0.386979 0.295370 0.032292 0.033333
0 11973 0.556771 0.105093 0.023958 0.030556
0 11974 0.329427 0.533796 0.099479 0.073148
0 11975 0.527083 0.494444 0.094792 0.074074
0 11976 0.398438 0.454167 0.042708 0.045370
0 11977 0.437760 0.370833 0.040104 0.037963
0 11978 0.381510 0.334722 0.040104 0.047222
0 11979 0.487240 0.600463 0.136979 0.100926
0 11980 0.397396 0.089815 0.022917 0.024074
0 11981 0.593229 0.068981 0.017708 0.023148
0 11982 0.366146 0.442593 0.076042 0.055556
0 11983 0.352604 0.477315 0.073958 0.062037
0 11984 0.569792 0.186574 0.030208 0.037963
0 11985 0.271094 0.594907 0.101562 0.097222
0 11986 0.392708 0.189352 0.027083 0.028704
0 11987 0.558594 0.388426 0.032813 0.041667
0 11988 0.549740 0.239815 0.032813 0.033333
0 11989 0.525521 0.582870 0.122917 0.097222
0 11990 0.572656 0.403704 0.065104 0.051852
