0 12037 0.603385 0.459722 0.049479 0.041667
0 12038 0.401823 0.043981 0.019271 0.023148
0 12039 0.552344 0.502315 0.054688 0.056481
0 12040 0.427604 0.446296 0.048958 0.040741
0 12041 0.385937 0.298148 0.032292 0.033333
0 12042 0.556771 0.106944 0.023958 0.030556
0 12043 0.328646 0.537500 0.101042 0.073148
0 12044 0.525781 0.497685 0.094271 0.075000
0 12045 0.397917 0.458333 0.042708 0.048148
0 12046 0.438802 0.373611 0.040104 0.037963
0 12047 0.381510 0.336574 0.040104 0.047222
0 12048 0.485156 0.606019 0.135937 0.100926
0 12049 0.397917 0.092593 0.022917 0.024074
0 12050 0.593229 0.071296 0.017708 0.022222
0 12051 0.365104 0.445370 0.076042 0.055556
0 12052 0.352604 0.482407 0.073958 0.062963
0 12053 0.569792 0.190278 0.030208 0.037963
0 12054 0.269792 0.597685 0.103125 0.099074
0 12055 0.392448 0.193056 0.026562 0.028704
0 12056 0.558854 0.387963 0.033333 0.040741
0 12057 0.547656 0.242593 0.032813 0.033333
0 12058 0.525781 0.586574 0.123438 0.099074
0 12059 0.571094 0.406481 0.065104 0.051852
