0 12842 0.595313 0.487500 0.043750 0.039815
0 12843 0.420312 0.066204 0.019792 0.025000
0 12844 0.549479 0.526852 0.063542 0.059259
0 12845 0.428646 0.469444 0.057292 0.042593
0 12846 0.377083 0.331019 0.032292 0.036111
0 12847 0.556510 0.141204 0.024479 0.032407
0 12848 0.310937 0.612500 0.103125 0.084259
0 12849 0.525781 0.539815 0.099479 0.079630
0 12850 0.398177 0.483333 0.042188 0.050000
0 12851 0.449479 0.418056 0.040625 0.039815
0 12852 0.406250 0.353704 0.040625 0.038889
0 12853 0.469531 0.669907 0.149479 0.113889
0 12854 0.410677 0.127778 0.022396 0.024074
0 12855 0.596875 0.102315 0.016667 0.023148
0 12856 0.359115 0.485185 0.075521 0.061111
0 12857 0.344531 0.531481 0.073438 0.062963
0 12858 0.558073 0.220370 0.032813 0.038889
0 12859 0.276562 0.662500 0.132292 0.091667
0 12860 0.395052 0.229630 0.030729 0.031481
0 12861 0.558333 0.379167 0.037500 0.036111
0 12862 0.540625 0.268981 0.034375 0.032407
0 12863 0.522656 0.629167 0.130729 0.100926
0 12864 0.557552 0.443981 0.069271 0.054630
