0 12635 0.599479 0.482407 0.042708 0.038889
0 12636 0.416406 0.060648 0.019271 0.025000
0 12637 0.552083 0.525463 0.060417 0.060185
0 12638 0.428906 0.463889 0.054688 0.042593
0 12639 0.378646 0.322222 0.032292 0.035185
0 12640 0.556510 0.131019 0.024479 0.032407
0 12641 0.315625 0.595833 0.100000 0.080556
0 12642 0.526302 0.528241 0.099479 0.076852
0 12643 0.398698 0.477315 0.042188 0.049074
0 12644 0.445573 0.406481 0.041146 0.040741
0 12645 0.400260 0.347685 0.040104 0.041667
0 12646 0.473438 0.652778 0.146875 0.109259
0 12647 0.407813 0.119444 0.022917 0.024074
0 12648 0.595573 0.093981 0.017188 0.023148
0 12649 0.359896 0.475926 0.078125 0.061111
0 12650 0.346615 0.519444 0.073438 0.062963
0 12651 0.561458 0.212963 0.032292 0.037037
0 12652 0.278906 0.642130 0.136979 0.089815
0 12653 0.394792 0.222222 0.030208 0.031481
0 12654 0.559896 0.382407 0.037500 0.035185
0 12655 0.540885 0.262500 0.033854 0.034259
0 12656 0.521094 0.615278 0.127604 0.100926
0 12657 0.560677 0.437037 0.068229 0.055556
