0 12773 0.596354 0.486574 0.040625 0.041667
0 12774 0.418750 0.063426 0.019792 0.025000
0 12775 0.550781 0.527315 0.063021 0.060185
0 12776 0.429688 0.467593 0.057292 0.042593
0 12777 0.377083 0.328241 0.032292 0.036111
0 12778 0.556510 0.138426 0.024479 0.032407
0 12779 0.313021 0.608333 0.106250 0.081481
0 12780 0.526042 0.535185 0.100000 0.079630
0 12781 0.398177 0.480556 0.042188 0.050000
0 12782 0.447917 0.413426 0.040625 0.039815
0 12783 0.404427 0.350926 0.040104 0.038889
0 12784 0.470052 0.662500 0.149479 0.113889
0 12785 0.409635 0.125000 0.022396 0.024074
0 12786 0.596354 0.099537 0.016667 0.023148
0 12787 0.359375 0.482407 0.077083 0.061111
0 12788 0.344531 0.526852 0.073438 0.062963
0 12789 0.559115 0.218519 0.032813 0.038889
0 12790 0.277604 0.655556 0.132292 0.088889
0 12791 0.395052 0.227778 0.030729 0.031481
0 12792 0.558854 0.381019 0.037500 0.036111
0 12793 0.540625 0.267130 0.034375 0.032407
0 12794 0.522656 0.623611 0.130729 0.100926
0 12795 0.558073 0.441204 0.069271 0.054630
