0 12060 0.605469 0.459722 0.040104 0.041667
0 12061 0.402865 0.044907 0.019271 0.023148
0 12062 0.552604 0.503704 0.055208 0.057407
0 12063 0.427344 0.447222 0.049479 0.040741
0 12064 0.385417 0.299074 0.032292 0.033333
0 12065 0.557031 0.108333 0.024479 0.031481
0 12066 0.328906 0.539815 0.101562 0.074074
0 12067 0.525781 0.499074 0.094271 0.075926
0 12068 0.397396 0.459259 0.042708 0.048148
0 12069 0.438802 0.374537 0.040104 0.037963
0 12070 0.381510 0.337500 0.040104 0.047222
0 12071 0.485156 0.608796 0.135937 0.100926
0 12072 0.398438 0.094444 0.022917 0.024074
0 12073 0.593490 0.072222 0.018229 0.022222
0 12074 0.365104 0.446296 0.076042 0.055556
0 12075 0.352604 0.484259 0.073958 0.062963
0 12076 0.570052 0.191204 0.030729 0.037963
0 12077 0.269792 0.599074 0.104167 0.100000
0 12078 0.392969 0.194907 0.026562 0.028704
0 12079 0.559115 0.387963 0.033854 0.040741
0 12080 0.547135 0.243519 0.032813 0.033333
0 12081 0.525781 0.587500 0.123438 0.099074
0 12082 0.571354 0.407407 0.065625 0.051852
