0 12497 0.599740 0.479167 0.048438 0.041667
0 12498 0.414323 0.056944 0.019271 0.025000
0 12499 0.552604 0.522222 0.057292 0.059259
0 12500 0.427344 0.460185 0.051562 0.042593
0 12501 0.380729 0.315741 0.032292 0.035185
0 12502 0.556510 0.123148 0.024479 0.031481
0 12503 0.317448 0.582407 0.094271 0.079630
0 12504 0.526823 0.520370 0.098437 0.074074
0 12505 0.398698 0.475000 0.042188 0.048148
0 12506 0.442969 0.398611 0.041146 0.039815
0 12507 0.395573 0.343981 0.040104 0.043519
0 12508 0.476302 0.642593 0.144271 0.103704
0 12509 0.405729 0.112963 0.022917 0.024074
0 12510 0.594792 0.087963 0.017708 0.022222
0 12511 0.359896 0.468519 0.078125 0.061111
0 12512 0.348698 0.512037 0.073438 0.062963
0 12513 0.563281 0.207870 0.031771 0.036111
0 12514 0.277865 0.628241 0.138021 0.091667
0 12515 0.394531 0.216667 0.029687 0.031481
0 12516 0.560677 0.384259 0.036979 0.035185
0 12517 0.541146 0.256944 0.033333 0.036111
0 12518 0.519792 0.607870 0.125000 0.100926
0 12519 0.563021 0.431481 0.067708 0.055556
