0 11991 0.604427 0.456944 0.047396 0.041667
0 11992 0.400260 0.042130 0.019271 0.023148
0 11993 0.552865 0.500463 0.054688 0.056481
0 11994 0.427604 0.446296 0.048958 0.040741
0 11995 0.386458 0.296296 0.032292 0.033333
0 11996 0.556771 0.106019 0.023958 0.030556
0 11997 0.329167 0.534722 0.100000 0.073148
0 11998 0.526563 0.495370 0.094792 0.074074
0 11999 0.397917 0.455556 0.042708 0.046296
0 12000 0.437760 0.371759 0.040104 0.037963
0 12001 0.381510 0.335648 0.040104 0.047222
0 12002 0.486719 0.602315 0.136979 0.100926
0 12003 0.397396 0.090741 0.022917 0.024074
0 12004 0.593229 0.069444 0.017708 0.022222
0 12005 0.366146 0.443519 0.076042 0.055556
0 12006 0.352604 0.479167 0.073958 0.062037
0 12007 0.569792 0.187500 0.030208 0.037963
0 12008 0.270833 0.596296 0.102083 0.098148
0 12009 0.392708 0.190278 0.027083 0.028704
0 12010 0.558854 0.387963 0.033333 0.040741
0 12011 0.549219 0.240741 0.032813 0.033333
0 12012 0.525781 0.583796 0.123438 0.097222
0 12013 0.572135 0.404630 0.065104 0.051852
