0 12244 0.601823 0.468981 0.047396 0.041667
0 12245 0.408073 0.050000 0.019271 0.024074
0 12246 0.553125 0.511111 0.055208 0.057407
0 12247 0.427604 0.452315 0.051042 0.041667
0 12248 0.382292 0.306019 0.032292 0.034259
0 12249 0.556510 0.112963 0.024479 0.031481
0 12250 0.325000 0.558333 0.106250 0.075926
0 12251 0.526042 0.507407 0.096875 0.074074
0 12252 0.397917 0.466667 0.042708 0.048148
0 12253 0.439063 0.383796 0.040625 0.037963
0 12254 0.385156 0.339815 0.041146 0.044444
0 12255 0.480990 0.620833 0.142187 0.102778
0 12256 0.402083 0.101852 0.022917 0.025926
0 12257 0.593490 0.080093 0.018229 0.021296
0 12258 0.360677 0.456481 0.077604 0.059259
0 12259 0.351562 0.499074 0.073958 0.062963
0 12260 0.567187 0.198611 0.031250 0.037963
0 12261 0.268229 0.608796 0.106250 0.097222
0 12262 0.394010 0.205093 0.028646 0.030556
0 12263 0.560156 0.387037 0.035937 0.040741
0 12264 0.542969 0.249537 0.032813 0.034259
0 12265 0.523698 0.594907 0.123438 0.100926
0 12266 0.565885 0.415741 0.067187 0.055556
