0 12658 0.599219 0.483796 0.043229 0.039815
0 12659 0.416927 0.060648 0.019271 0.025000
0 12660 0.551823 0.526389 0.060937 0.060185
0 12661 0.429167 0.464815 0.055208 0.042593
0 12662 0.378646 0.323148 0.032292 0.035185
0 12663 0.556510 0.131944 0.024479 0.032407
0 12664 0.315365 0.597685 0.101562 0.080556
0 12665 0.526302 0.529167 0.099479 0.076852
0 12666 0.398698 0.478704 0.042188 0.050000
0 12667 0.446094 0.407407 0.041146 0.040741
0 12668 0.400781 0.347222 0.040104 0.040741
0 12669 0.472656 0.654167 0.147396 0.110185
0 12670 0.408333 0.120370 0.022917 0.024074
0 12671 0.595573 0.094907 0.017188 0.023148
0 12672 0.359635 0.476852 0.077604 0.061111
0 12673 0.346094 0.520370 0.073438 0.062963
0 12674 0.560937 0.213889 0.032292 0.037037
0 12675 0.278385 0.643981 0.135937 0.089815
0 12676 0.394792 0.223148 0.030208 0.031481
0 12677 0.559896 0.382407 0.037500 0.035185
0 12678 0.540365 0.262963 0.033854 0.033333
0 12679 0.521354 0.617130 0.128125 0.100926
0 12680 0.560156 0.437963 0.068229 0.055556
