0 11485 0.609375 0.435648 0.042708 0.041667
0 11486 0.383594 0.033796 0.019271 0.023148
0 11487 0.555208 0.478704 0.052083 0.055556
0 11488 0.427083 0.437963 0.045833 0.040741
0 11489 0.391406 0.277315 0.031771 0.036111
0 11490 0.555990 0.089815 0.023438 0.029630
0 11491 0.337760 0.512963 0.099479 0.070370
0 11492 0.529948 0.468056 0.092188 0.071296
0 11493 0.401042 0.430556 0.046875 0.042593
0 11494 0.431771 0.354167 0.041667 0.036111
0 11495 0.385677 0.320370 0.038021 0.042593
0 11496 0.490885 0.562037 0.135937 0.098148
0 11497 0.390104 0.072685 0.022917 0.025000
0 11498 0.592969 0.051852 0.017188 0.022222
0 11499 0.373958 0.433333 0.070833 0.055556
0 11500 0.352604 0.454630 0.073958 0.059259
0 11501 0.572396 0.167593 0.030208 0.037037
0 11502 0.279167 0.575000 0.111458 0.094444
0 11503 0.392708 0.167130 0.028125 0.030556
0 11504 0.555990 0.379630 0.034896 0.042593
0 11505 0.562760 0.226852 0.032813 0.033333
0 11506 0.525000 0.560185 0.120833 0.092593
0 11507 0.578906 0.384722 0.063021 0.052778
