0 12566 0.600260 0.480556 0.041146 0.037037
0 12567 0.415365 0.058796 0.019271 0.025000
0 12568 0.552344 0.524537 0.058854 0.060185
0 12569 0.428125 0.462037 0.053125 0.042593
0 12570 0.379688 0.318519 0.032292 0.035185
0 12571 0.556510 0.126389 0.024479 0.032407
0 12572 0.316667 0.589352 0.095833 0.080556
0 12573 0.526563 0.524537 0.098958 0.075000
0 12574 0.398698 0.476389 0.042188 0.049074
0 12575 0.444010 0.402778 0.041146 0.040741
0 12576 0.398177 0.345370 0.040104 0.042593
0 12577 0.474740 0.648148 0.145313 0.105556
0 12578 0.406771 0.116667 0.022917 0.024074
0 12579 0.595052 0.091204 0.017188 0.023148
0 12580 0.359896 0.472222 0.078125 0.061111
0 12581 0.347656 0.515741 0.073438 0.062963
0 12582 0.562500 0.209722 0.032292 0.036111
0 12583 0.278646 0.635185 0.139583 0.090741
0 12584 0.394792 0.219444 0.030208 0.031481
0 12585 0.560156 0.383333 0.036979 0.035185
0 12586 0.540885 0.259259 0.033854 0.035185
0 12587 0.520312 0.611574 0.126042 0.100926
0 12588 0.561979 0.434259 0.067708 0.055556
