0 13095 0.591927 0.491204 0.040104 0.037963
0 13096 0.424479 0.076389 0.019792 0.025000
0 13097 0.545312 0.526389 0.064583 0.058333
0 13098 0.423958 0.475000 0.057292 0.042593
0 13099 0.377083 0.340278 0.034375 0.036111
0 13100 0.557813 0.154630 0.025000 0.033333
0 13101 0.305208 0.627315 0.102083 0.091667
0 13102 0.525781 0.557870 0.099479 0.080556
0 13103 0.397135 0.492593 0.041146 0.050000
0 13104 0.452344 0.431019 0.040104 0.039815
0 13105 0.414062 0.363889 0.040625 0.038889
0 13106 0.468490 0.688889 0.148438 0.114815
0 13107 0.414323 0.136574 0.022396 0.025000
0 13108 0.599219 0.110648 0.016146 0.023148
0 13109 0.361979 0.494444 0.073958 0.061111
0 13110 0.344792 0.548148 0.076042 0.062963
0 13111 0.555990 0.225926 0.033854 0.038889
0 13112 0.275000 0.684722 0.135417 0.099074
0 13113 0.395052 0.240741 0.031771 0.031481
0 13114 0.555990 0.376389 0.036979 0.036111
0 13115 0.542188 0.275926 0.035417 0.033333
0 13116 0.522656 0.653241 0.131771 0.100926
0 13117 0.556510 0.450463 0.069271 0.054630
