0 11347 0.608854 0.427778 0.048958 0.040741
0 11348 0.379688 0.032407 0.019792 0.022222
0 11349 0.558073 0.472685 0.052604 0.054630
0 11350 0.425260 0.436111 0.045312 0.040741
0 11351 0.392448 0.270370 0.031771 0.037037
0 11352 0.556250 0.083796 0.022917 0.028704
0 11353 0.339583 0.501389 0.097917 0.069444
0 11354 0.531250 0.461574 0.089583 0.069444
0 11355 0.402083 0.425000 0.050000 0.042593
0 11356 0.431250 0.348611 0.041667 0.036111
0 11357 0.389323 0.314352 0.038021 0.039815
0 11358 0.490365 0.554167 0.132812 0.097222
0 11359 0.387500 0.068519 0.022917 0.025926
0 11360 0.592969 0.048611 0.017188 0.023148
0 11361 0.375260 0.429630 0.071354 0.055556
0 11362 0.353125 0.448148 0.073958 0.059259
0 11363 0.572396 0.162963 0.030208 0.037037
0 11364 0.285156 0.567593 0.116146 0.094444
0 11365 0.392188 0.161574 0.028125 0.030556
0 11366 0.555990 0.374074 0.035937 0.042593
0 11367 0.565104 0.224074 0.032292 0.033333
0 11368 0.523698 0.551852 0.120313 0.092593
0 11369 0.580469 0.378241 0.064062 0.052778
