0 12819 0.595833 0.487963 0.042708 0.040741
0 12820 0.419792 0.065278 0.019792 0.025000
0 12821 0.549740 0.527315 0.063021 0.060185
0 12822 0.428646 0.468519 0.057292 0.042593
0 12823 0.377083 0.330093 0.032292 0.036111
0 12824 0.556510 0.140278 0.024479 0.032407
0 12825 0.311458 0.611111 0.104167 0.083333
0 12826 0.525781 0.537963 0.099479 0.079630
0 12827 0.398177 0.482407 0.042188 0.050000
0 12828 0.448958 0.416204 0.040625 0.039815
0 12829 0.405729 0.352778 0.040625 0.038889
0 12830 0.469531 0.667130 0.149479 0.113889
0 12831 0.410156 0.126852 0.022396 0.024074
0 12832 0.596875 0.101389 0.016667 0.023148
0 12833 0.359375 0.484259 0.076042 0.061111
0 12834 0.344531 0.529630 0.073438 0.062963
0 12835 0.558594 0.219444 0.032813 0.038889
0 12836 0.277083 0.660185 0.132292 0.090741
0 12837 0.395052 0.228704 0.030729 0.031481
0 12838 0.558333 0.380093 0.037500 0.036111
0 12839 0.540625 0.268056 0.034375 0.032407
0 12840 0.522656 0.627315 0.130729 0.100926
0 12841 0.558073 0.443056 0.069271 0.054630
