0 12612 0.599740 0.481944 0.042188 0.037963
0 12613 0.415885 0.059722 0.019271 0.025000
0 12614 0.551823 0.525463 0.059896 0.060185
0 12615 0.428646 0.462963 0.054167 0.042593
0 12616 0.379167 0.320370 0.032292 0.035185
0 12617 0.556510 0.129167 0.024479 0.032407
0 12618 0.315885 0.593981 0.098437 0.080556
0 12619 0.526042 0.526852 0.098958 0.075926
0 12620 0.398698 0.477315 0.042188 0.049074
0 12621 0.445052 0.405556 0.041146 0.040741
0 12622 0.399740 0.346759 0.040104 0.041667
0 12623 0.473698 0.650926 0.146354 0.107407
0 12624 0.407292 0.118519 0.022917 0.024074
0 12625 0.595573 0.093056 0.017188 0.023148
0 12626 0.359896 0.474074 0.078125 0.061111
0 12627 0.346615 0.518519 0.073438 0.062963
0 12628 0.561458 0.212037 0.032292 0.037037
0 12629 0.278906 0.639352 0.138021 0.089815
0 12630 0.394792 0.221296 0.030208 0.031481
0 12631 0.559635 0.382407 0.036979 0.035185
0 12632 0.540885 0.260648 0.033854 0.034259
0 12633 0.520833 0.614352 0.127083 0.100926
0 12634 0.561198 0.436111 0.068229 0.055556
