0 12198 0.602865 0.467130 0.045312 0.041667
0 12199 0.406510 0.049074 0.019271 0.024074
0 12200 0.553125 0.509259 0.055208 0.057407
0 12201 0.427865 0.450926 0.050521 0.040741
0 12202 0.383333 0.304167 0.032292 0.034259
0 12203 0.556510 0.112037 0.024479 0.031481
0 12204 0.326042 0.553241 0.105208 0.075000
0 12205 0.525781 0.504630 0.096354 0.074074
0 12206 0.397917 0.464815 0.042708 0.048148
0 12207 0.439063 0.381944 0.040625 0.037963
0 12208 0.384115 0.339352 0.041146 0.045370
0 12209 0.481771 0.617593 0.140625 0.101852
0 12210 0.401042 0.099537 0.022917 0.025000
0 12211 0.593490 0.078241 0.018229 0.021296
0 12212 0.361458 0.454167 0.077083 0.058333
0 12213 0.351562 0.495370 0.073958 0.062963
0 12214 0.567708 0.196759 0.031250 0.037963
0 12215 0.268490 0.606481 0.105729 0.098148
0 12216 0.393750 0.201852 0.028125 0.029630
0 12217 0.559896 0.387037 0.035417 0.040741
0 12218 0.544010 0.247685 0.032813 0.034259
0 12219 0.524219 0.593056 0.123438 0.100926
0 12220 0.567187 0.413426 0.066667 0.054630
