0 11784 0.608333 0.446759 0.046875 0.039815
0 11785 0.392969 0.038426 0.019271 0.025000
0 11786 0.553646 0.490741 0.053125 0.055556
0 11787 0.429167 0.443519 0.047917 0.040741
0 11788 0.389583 0.288889 0.032292 0.035185
0 11789 0.556510 0.100463 0.023438 0.030556
0 11790 0.331250 0.524537 0.096875 0.071296
0 11791 0.529167 0.485185 0.095833 0.072222
0 11792 0.399740 0.444907 0.043229 0.041667
0 11793 0.434896 0.363889 0.040625 0.037037
0 11794 0.381250 0.329630 0.039583 0.046296
0 11795 0.491667 0.583333 0.139583 0.100000
0 11796 0.395313 0.081481 0.022917 0.024074
0 11797 0.593229 0.061111 0.017708 0.024074
0 11798 0.369271 0.437037 0.075000 0.055556
0 11799 0.352604 0.465741 0.073958 0.059259
0 11800 0.570312 0.179630 0.030208 0.038889
0 11801 0.273438 0.587963 0.100000 0.094444
0 11802 0.392708 0.178704 0.028125 0.029630
0 11803 0.557292 0.387963 0.032292 0.042593
0 11804 0.555469 0.234259 0.032813 0.033333
0 11805 0.525521 0.574074 0.121875 0.092593
0 11806 0.575260 0.396296 0.064062 0.051852
