0 11830 0.606510 0.449537 0.040104 0.041667
0 11831 0.394531 0.039352 0.019271 0.025000
0 11832 0.554427 0.493981 0.053646 0.056481
0 11833 0.428906 0.444444 0.048438 0.040741
0 11834 0.389323 0.290741 0.032813 0.035185
0 11835 0.557292 0.102315 0.023958 0.030556
0 11836 0.330469 0.525926 0.096354 0.072222
0 11837 0.529427 0.488889 0.096354 0.072222
0 11838 0.399219 0.446296 0.043229 0.040741
0 11839 0.435417 0.365278 0.040625 0.037963
0 11840 0.381250 0.331944 0.039583 0.047222
0 11841 0.491667 0.588426 0.139583 0.100926
0 11842 0.396354 0.083333 0.022917 0.024074
0 11843 0.593229 0.062037 0.017708 0.024074
0 11844 0.369010 0.437963 0.076563 0.055556
0 11845 0.352604 0.467593 0.073958 0.059259
0 11846 0.570312 0.181944 0.030208 0.039815
0 11847 0.273438 0.590741 0.097917 0.094444
0 11848 0.392969 0.181481 0.028646 0.029630
0 11849 0.558333 0.388889 0.032292 0.042593
0 11850 0.554427 0.236111 0.032813 0.033333
0 11851 0.525521 0.575926 0.121875 0.092593
0 11852 0.575260 0.397222 0.065104 0.051852
