0 11508 0.609635 0.436574 0.043229 0.041667
0 11509 0.384115 0.033796 0.019271 0.023148
0 11510 0.554427 0.479630 0.051562 0.055556
0 11511 0.427604 0.437963 0.045833 0.040741
0 11512 0.391406 0.278241 0.031771 0.036111
0 11513 0.555990 0.090741 0.023438 0.029630
0 11514 0.337240 0.513889 0.099479 0.070370
0 11515 0.529687 0.468981 0.092708 0.071296
0 11516 0.401042 0.431481 0.045833 0.042593
0 11517 0.431771 0.354167 0.041667 0.036111
0 11518 0.384635 0.320370 0.038021 0.042593
0 11519 0.490625 0.562963 0.136458 0.098148
0 11520 0.390104 0.073611 0.022917 0.025000
0 11521 0.592969 0.052778 0.017188 0.022222
0 11522 0.373958 0.433333 0.070833 0.055556
0 11523 0.352604 0.455556 0.073958 0.059259
0 11524 0.571875 0.168519 0.030208 0.037037
0 11525 0.277865 0.575926 0.110937 0.094444
0 11526 0.392708 0.168056 0.028125 0.030556
0 11527 0.555990 0.380556 0.034896 0.042593
0 11528 0.562240 0.227778 0.032813 0.033333
0 11529 0.525260 0.562037 0.121354 0.092593
0 11530 0.578646 0.385185 0.062500 0.051852
