0 11025 0.609896 0.412500 0.043750 0.039815
0 11026 0.372656 0.027778 0.020313 0.024074
0 11027 0.559635 0.460185 0.052604 0.053704
0 11028 0.422656 0.426389 0.043229 0.043519
0 11029 0.392448 0.254630 0.030729 0.037037
0 11030 0.557552 0.069907 0.024479 0.030556
0 11031 0.344531 0.468519 0.092188 0.066667
0 11032 0.528906 0.447685 0.086979 0.065741
0 11033 0.405469 0.409259 0.051562 0.042593
0 11034 0.430729 0.337500 0.041667 0.036111
0 11035 0.405208 0.301852 0.043750 0.038889
0 11036 0.492448 0.541667 0.138021 0.096296
0 11037 0.383073 0.059722 0.023438 0.023148
0 11038 0.591927 0.041667 0.017188 0.024074
0 11039 0.378906 0.418519 0.071354 0.055556
0 11040 0.356771 0.430556 0.073958 0.053704
0 11041 0.570052 0.152778 0.030729 0.037037
0 11042 0.288542 0.546296 0.121875 0.092593
0 11043 0.391667 0.149537 0.028125 0.032407
0 11044 0.554167 0.363889 0.037500 0.042593
0 11045 0.571354 0.216667 0.031250 0.033333
0 11046 0.518490 0.525926 0.120313 0.087037
0 11047 0.580469 0.366204 0.064062 0.050926
