0 13118 0.591406 0.491204 0.040104 0.037963
0 13119 0.425000 0.077315 0.019792 0.025000
0 13120 0.544792 0.526389 0.064583 0.058333
0 13121 0.423438 0.475000 0.057292 0.042593
0 13122 0.377344 0.341204 0.034896 0.036111
0 13123 0.557813 0.155556 0.025000 0.033333
0 13124 0.304948 0.628241 0.102604 0.091667
0 13125 0.525781 0.559722 0.099479 0.080556
0 13126 0.397135 0.493519 0.041146 0.050000
0 13127 0.452865 0.431944 0.040104 0.039815
0 13128 0.415104 0.364815 0.040625 0.038889
0 13129 0.468229 0.689815 0.147917 0.114815
0 13130 0.414323 0.136574 0.022396 0.025000
0 13131 0.599219 0.111574 0.016146 0.023148
0 13132 0.361979 0.495370 0.073958 0.061111
0 13133 0.344531 0.550000 0.076563 0.062963
0 13134 0.555469 0.225926 0.033854 0.038889
0 13135 0.275260 0.686574 0.135937 0.099074
0 13136 0.395052 0.241667 0.031771 0.031481
0 13137 0.555469 0.376389 0.036979 0.036111
0 13138 0.542708 0.276852 0.035417 0.033333
0 13139 0.522917 0.655093 0.132292 0.100926
0 13140 0.555990 0.451389 0.069271 0.054630
