0 12865 0.594792 0.488426 0.044792 0.039815
0 12866 0.420833 0.067130 0.019792 0.025000
0 12867 0.548958 0.526852 0.063542 0.059259
0 12868 0.428125 0.470370 0.057292 0.042593
0 12869 0.376823 0.331944 0.032813 0.036111
0 12870 0.556510 0.143056 0.024479 0.032407
0 12871 0.309896 0.613889 0.102083 0.085185
0 12872 0.525781 0.540741 0.099479 0.079630
0 12873 0.398177 0.484259 0.042188 0.050000
0 12874 0.450000 0.418981 0.040625 0.039815
0 12875 0.407292 0.354630 0.040625 0.038889
0 12876 0.469531 0.671759 0.149479 0.113889
0 12877 0.411198 0.128704 0.022396 0.024074
0 12878 0.597396 0.102315 0.016667 0.023148
0 12879 0.359635 0.486111 0.075521 0.061111
0 12880 0.344531 0.533333 0.073438 0.062963
0 12881 0.557813 0.221296 0.033333 0.038889
0 12882 0.276042 0.664815 0.132292 0.092593
0 12883 0.395052 0.230556 0.030729 0.031481
0 12884 0.557813 0.379167 0.037500 0.036111
0 12885 0.540885 0.269907 0.034896 0.032407
0 12886 0.522656 0.631019 0.130729 0.100926
0 12887 0.557552 0.443981 0.069271 0.054630
