0 11232 0.610417 0.423148 0.042708 0.040741
0 11233 0.376563 0.031019 0.019792 0.023148
0 11234 0.558594 0.468056 0.052604 0.054630
0 11235 0.423958 0.432407 0.044792 0.042593
0 11236 0.392448 0.263889 0.031771 0.037037
0 11237 0.556250 0.078241 0.022917 0.028704
0 11238 0.340885 0.490278 0.092188 0.069444
0 11239 0.529687 0.456019 0.089583 0.067593
0 11240 0.402865 0.419444 0.050521 0.042593
0 11241 0.431250 0.344907 0.041667 0.036111
0 11242 0.395573 0.309722 0.041146 0.039815
0 11243 0.491667 0.549537 0.135417 0.097222
0 11244 0.385937 0.064815 0.022917 0.024074
0 11245 0.592969 0.045833 0.017188 0.023148
0 11246 0.377344 0.425000 0.071354 0.055556
0 11247 0.354687 0.441667 0.073958 0.059259
0 11248 0.570833 0.159259 0.030208 0.037037
0 11249 0.286458 0.559722 0.123958 0.095370
0 11250 0.392188 0.156481 0.028125 0.031481
0 11251 0.554688 0.370370 0.036458 0.042593
0 11252 0.567969 0.222222 0.031771 0.033333
0 11253 0.521094 0.543056 0.120313 0.089815
0 11254 0.580469 0.373148 0.064062 0.051852
