0 11807 0.608333 0.447685 0.047917 0.039815
0 11808 0.393490 0.038426 0.019271 0.025000
0 11809 0.553646 0.491667 0.053125 0.055556
0 11810 0.428646 0.443519 0.047917 0.040741
0 11811 0.389583 0.289815 0.032292 0.035185
0 11812 0.556510 0.101389 0.023438 0.030556
0 11813 0.330469 0.524537 0.096354 0.071296
0 11814 0.529167 0.487037 0.095833 0.072222
0 11815 0.399740 0.445833 0.043229 0.041667
0 11816 0.435417 0.363889 0.040625 0.037037
0 11817 0.381250 0.330556 0.039583 0.046296
0 11818 0.491667 0.585185 0.139583 0.100000
0 11819 0.395833 0.082407 0.022917 0.024074
0 11820 0.593229 0.062037 0.017708 0.024074
0 11821 0.369010 0.437037 0.075521 0.055556
0 11822 0.352604 0.466667 0.073958 0.059259
0 11823 0.570312 0.180556 0.030208 0.038889
0 11824 0.273438 0.588889 0.098958 0.094444
0 11825 0.392708 0.180556 0.028125 0.029630
0 11826 0.557813 0.388889 0.032292 0.042593
0 11827 0.554948 0.235185 0.032813 0.033333
0 11828 0.525521 0.575000 0.121875 0.092593
0 11829 0.575000 0.396296 0.064583 0.051852
