0 12129 0.604167 0.463426 0.042708 0.041667
0 12130 0.404427 0.046759 0.019271 0.023148
0 12131 0.552604 0.506481 0.055208 0.057407
0 12132 0.427604 0.449074 0.050000 0.040741
0 12133 0.384375 0.300926 0.032292 0.033333
0 12134 0.556510 0.110185 0.024479 0.031481
0 12135 0.327083 0.546296 0.103125 0.074074
0 12136 0.525781 0.501389 0.095312 0.075000
0 12137 0.397917 0.462037 0.042708 0.048148
0 12138 0.438802 0.378241 0.040104 0.037963
0 12139 0.382812 0.337963 0.040625 0.046296
0 12140 0.483073 0.612500 0.138021 0.100926
0 12141 0.399479 0.096759 0.022917 0.025000
0 12142 0.593490 0.075463 0.018229 0.021296
0 12143 0.363281 0.449537 0.076563 0.056481
0 12144 0.352083 0.489815 0.073958 0.062963
0 12145 0.569010 0.193981 0.030729 0.037963
0 12146 0.269010 0.602315 0.104688 0.099074
0 12147 0.393229 0.199074 0.027083 0.029630
0 12148 0.559375 0.387963 0.034375 0.040741
0 12149 0.545573 0.245370 0.032813 0.033333
0 12150 0.524740 0.590741 0.123438 0.100000
0 12151 0.569010 0.410648 0.066146 0.052778
