0 11462 0.609635 0.434722 0.042188 0.041667
0 11463 0.383073 0.033796 0.019271 0.023148
0 11464 0.555729 0.477778 0.052083 0.055556
0 11465 0.427083 0.437963 0.045833 0.040741
0 11466 0.391927 0.275463 0.031771 0.036111
0 11467 0.555990 0.088426 0.023438 0.028704
0 11468 0.337760 0.510648 0.099479 0.069444
0 11469 0.530208 0.466667 0.091667 0.070370
0 11470 0.401302 0.429630 0.047396 0.042593
0 11471 0.431771 0.353241 0.041667 0.036111
0 11472 0.386198 0.318981 0.038021 0.041667
0 11473 0.490365 0.560185 0.134896 0.098148
0 11474 0.389583 0.071759 0.022917 0.025000
0 11475 0.592969 0.050926 0.017188 0.022222
0 11476 0.373958 0.432407 0.070833 0.055556
0 11477 0.352604 0.453704 0.073958 0.059259
0 11478 0.572396 0.166667 0.030208 0.037037
0 11479 0.279948 0.573148 0.111979 0.094444
0 11480 0.392708 0.166204 0.028125 0.030556
0 11481 0.555990 0.378704 0.034896 0.042593
0 11482 0.562760 0.226852 0.032813 0.033333
0 11483 0.524479 0.559259 0.120833 0.092593
0 11484 0.578906 0.383796 0.063021 0.052778
