0 12911 0.593490 0.488889 0.046354 0.038889
0 12912 0.421875 0.068981 0.019792 0.025000
0 12913 0.548177 0.525463 0.064062 0.058333
0 12914 0.427083 0.471296 0.057292 0.042593
0 12915 0.376823 0.332870 0.032813 0.036111
0 12916 0.556510 0.144907 0.024479 0.032407
0 12917 0.308333 0.616667 0.100000 0.087037
0 12918 0.525781 0.543519 0.099479 0.079630
0 12919 0.398177 0.486111 0.042188 0.050000
0 12920 0.450781 0.421759 0.040104 0.039815
0 12921 0.408333 0.356481 0.040625 0.038889
0 12922 0.469010 0.676389 0.149479 0.113889
0 12923 0.411719 0.130556 0.022396 0.024074
0 12924 0.597396 0.104167 0.016667 0.023148
0 12925 0.359115 0.487963 0.074479 0.061111
0 12926 0.344531 0.536111 0.073438 0.062963
0 12927 0.557292 0.222222 0.033333 0.038889
0 12928 0.275000 0.669444 0.132292 0.094444
0 12929 0.395052 0.232407 0.030729 0.031481
0 12930 0.557031 0.378241 0.036979 0.036111
0 12931 0.540885 0.270833 0.034896 0.032407
0 12932 0.522656 0.635648 0.130729 0.100926
0 12933 0.557031 0.445833 0.069271 0.054630
