0 12336 0.601562 0.474537 0.041667 0.041667
0 12337 0.410677 0.053241 0.019271 0.025000
0 12338 0.553385 0.515278 0.055729 0.058333
0 12339 0.427865 0.455093 0.051562 0.041667
0 12340 0.381250 0.309259 0.032292 0.035185
0 12341 0.556510 0.116667 0.024479 0.031481
0 12342 0.322656 0.567130 0.104688 0.076852
0 12343 0.526563 0.512037 0.097917 0.074074
0 12344 0.398177 0.470370 0.042188 0.048148
0 12345 0.440365 0.389352 0.041146 0.037963
0 12346 0.388281 0.341204 0.041146 0.043519
0 12347 0.479427 0.627778 0.144271 0.103704
0 12348 0.403646 0.105556 0.022917 0.025926
0 12349 0.593490 0.083796 0.018229 0.021296
0 12350 0.359896 0.462037 0.078125 0.061111
0 12351 0.350781 0.504630 0.073438 0.062963
0 12352 0.565885 0.201852 0.031771 0.037037
0 12353 0.270313 0.615278 0.113542 0.095370
0 12354 0.394271 0.209722 0.029167 0.030556
0 12355 0.560677 0.386574 0.036979 0.039815
0 12356 0.541667 0.252778 0.033333 0.035185
0 12357 0.522396 0.599537 0.123958 0.100926
0 12358 0.564583 0.420833 0.067708 0.056481
