0 12267 0.601302 0.470833 0.048438 0.041667
0 12268 0.408594 0.050926 0.019271 0.024074
0 12269 0.553125 0.512037 0.055208 0.057407
0 12270 0.427604 0.453241 0.051042 0.041667
0 12271 0.381771 0.306944 0.032292 0.034259
0 12272 0.556510 0.113889 0.024479 0.031481
0 12273 0.324219 0.560185 0.106771 0.075926
0 12274 0.526302 0.508333 0.097396 0.074074
0 12275 0.397917 0.467593 0.042708 0.048148
0 12276 0.439063 0.385648 0.040625 0.037963
0 12277 0.385677 0.339815 0.041146 0.044444
0 12278 0.480469 0.621759 0.143229 0.102778
0 12279 0.402604 0.102778 0.022917 0.025926
0 12280 0.593490 0.081019 0.018229 0.021296
0 12281 0.360156 0.457870 0.077604 0.060185
0 12282 0.351562 0.500926 0.073958 0.062963
0 12283 0.566667 0.200463 0.031250 0.037963
0 12284 0.268229 0.610648 0.106250 0.097222
0 12285 0.394010 0.206019 0.028646 0.030556
0 12286 0.560417 0.387037 0.036458 0.040741
0 12287 0.542448 0.250463 0.032813 0.034259
0 12288 0.523177 0.595833 0.123438 0.100926
0 12289 0.565365 0.417130 0.067187 0.056481
