0 12888 0.594010 0.488889 0.045312 0.038889
0 12889 0.421354 0.068056 0.019792 0.025000
0 12890 0.548438 0.525926 0.063542 0.059259
0 12891 0.427604 0.470370 0.057292 0.042593
0 12892 0.376823 0.331944 0.032813 0.036111
0 12893 0.556510 0.143981 0.024479 0.032407
0 12894 0.309375 0.615278 0.101042 0.086111
0 12895 0.525781 0.542593 0.099479 0.079630
0 12896 0.398177 0.485185 0.042188 0.050000
0 12897 0.450260 0.419907 0.040104 0.039815
0 12898 0.407813 0.355556 0.040625 0.038889
0 12899 0.469010 0.674537 0.149479 0.113889
0 12900 0.411198 0.129630 0.022396 0.024074
0 12901 0.597396 0.103241 0.016667 0.023148
0 12902 0.359375 0.487037 0.075000 0.061111
0 12903 0.344531 0.534259 0.073438 0.062963
0 12904 0.557292 0.221296 0.033333 0.038889
0 12905 0.275521 0.667130 0.132292 0.093519
0 12906 0.395052 0.231481 0.030729 0.031481
0 12907 0.557552 0.379167 0.036979 0.036111
0 12908 0.540885 0.269907 0.034896 0.032407
0 12909 0.522656 0.632870 0.130729 0.100926
0 12910 0.557552 0.444907 0.069271 0.054630
