0 11600 0.608594 0.439352 0.040104 0.041667
0 11601 0.387240 0.034722 0.019271 0.025000
0 11602 0.552865 0.483333 0.051562 0.055556
0 11603 0.428646 0.439815 0.045833 0.040741
0 11604 0.390365 0.282870 0.031771 0.036111
0 11605 0.555990 0.094907 0.023438 0.030556
0 11606 0.335677 0.521759 0.099479 0.071296
0 11607 0.528646 0.474074 0.094792 0.072222
0 11608 0.400521 0.435185 0.043750 0.042593
0 11609 0.431771 0.357870 0.041667 0.036111
0 11610 0.382812 0.325000 0.038542 0.044444
0 11611 0.491667 0.568519 0.139583 0.100000
0 11612 0.392188 0.076852 0.022917 0.024074
0 11613 0.593229 0.053704 0.017708 0.020370
0 11614 0.373177 0.436111 0.070312 0.055556
0 11615 0.352604 0.459259 0.073958 0.059259
0 11616 0.571875 0.172222 0.030208 0.037037
0 11617 0.272917 0.580556 0.108333 0.094444
0 11618 0.392708 0.171759 0.028125 0.030556
0 11619 0.556250 0.384259 0.034375 0.042593
0 11620 0.560677 0.229630 0.032813 0.033333
0 11621 0.525781 0.567593 0.121354 0.092593
0 11622 0.577865 0.388889 0.061979 0.051852
