0 11117 0.610938 0.416204 0.048958 0.039815
0 11118 0.373958 0.028704 0.019792 0.024074
0 11119 0.559635 0.463889 0.052604 0.053704
0 11120 0.423177 0.429167 0.044271 0.043519
0 11121 0.392708 0.257407 0.031250 0.037037
0 11122 0.556250 0.073148 0.022917 0.029630
0 11123 0.342708 0.478241 0.088542 0.069444
0 11124 0.528385 0.450463 0.089063 0.065741
0 11125 0.404427 0.413889 0.051562 0.042593
0 11126 0.430729 0.340278 0.041667 0.036111
0 11127 0.401562 0.305556 0.043750 0.038889
0 11128 0.492448 0.544444 0.138021 0.096296
0 11129 0.384375 0.061574 0.022917 0.023148
0 11130 0.592448 0.044444 0.017188 0.024074
0 11131 0.378906 0.421296 0.071354 0.055556
0 11132 0.356250 0.435648 0.073958 0.058333
0 11133 0.570052 0.155556 0.030729 0.037037
0 11134 0.287500 0.551852 0.128125 0.096296
0 11135 0.391667 0.152315 0.028125 0.032407
0 11136 0.554167 0.365741 0.037500 0.042593
0 11137 0.570312 0.219444 0.031250 0.033333
0 11138 0.518490 0.533333 0.120313 0.087037
0 11139 0.580469 0.368981 0.064062 0.050926
