0 13210 0.590885 0.492130 0.040104 0.037963
0 13211 0.426042 0.081944 0.019792 0.025000
0 13212 0.544010 0.528241 0.065104 0.058333
0 13213 0.422135 0.476852 0.057813 0.042593
0 13214 0.377865 0.344907 0.035937 0.036111
0 13215 0.558854 0.160648 0.025000 0.034259
0 13216 0.304427 0.634722 0.106771 0.093519
0 13217 0.525781 0.568519 0.099479 0.081481
0 13218 0.396354 0.497222 0.040625 0.050000
0 13219 0.452865 0.437037 0.040104 0.040741
0 13220 0.418229 0.368519 0.040625 0.038889
0 13221 0.469010 0.693981 0.147396 0.115741
0 13222 0.415885 0.139815 0.022396 0.025926
0 13223 0.600260 0.114352 0.016146 0.023148
0 13224 0.364583 0.498148 0.075000 0.061111
0 13225 0.345052 0.556481 0.078646 0.062963
0 13226 0.555729 0.227778 0.034375 0.038889
0 13227 0.276042 0.693981 0.138542 0.100926
0 13228 0.395313 0.246296 0.032292 0.031481
0 13229 0.555469 0.375463 0.036979 0.036111
0 13230 0.543750 0.279630 0.035417 0.033333
0 13231 0.523177 0.665278 0.132812 0.100926
0 13232 0.555990 0.453241 0.069271 0.054630
