0 13946 0.578906 0.513889 0.040104 0.038889
0 13947 0.429427 0.111111 0.021354 0.024074
0 13948 0.533073 0.557407 0.066146 0.064815
0 13949 0.409896 0.500926 0.059375 0.046296
0 13950 0.385937 0.378704 0.036458 0.035185
0 13951 0.562500 0.200926 0.021875 0.037037
0 13952 0.297135 0.681019 0.113021 0.097222
0 13953 0.522656 0.612963 0.105729 0.083333
0 13954 0.393750 0.523148 0.047917 0.048148
0 13955 0.455990 0.481481 0.040104 0.040741
0 13956 0.435156 0.393519 0.042188 0.042593
0 13957 0.462760 0.732407 0.154688 0.116667
0 13958 0.426563 0.178704 0.020833 0.025926
0 13959 0.602083 0.135185 0.019792 0.024074
0 13960 0.363281 0.538889 0.075521 0.064815
0 13961 0.334115 0.600463 0.089063 0.069444
0 13962 0.553125 0.241667 0.035417 0.035185
0 13963 0.266927 0.745370 0.144271 0.100000
0 13964 0.397656 0.275463 0.032813 0.032407
0 13965 0.553646 0.398611 0.037500 0.036111
0 13966 0.546094 0.299074 0.034896 0.033333
0 13967 0.518229 0.732870 0.136458 0.108333
0 13968 0.548438 0.483796 0.071875 0.062037
