0 14544 0.574219 0.530093 0.038021 0.039815
0 14545 0.431510 0.132870 0.021354 0.025000
0 14546 0.542708 0.609259 0.069792 0.066667
0 14547 0.406771 0.531019 0.059375 0.049074
0 14548 0.395833 0.398611 0.036458 0.036111
0 14549 0.563281 0.225463 0.025521 0.037963
0 14550 0.295833 0.721759 0.116667 0.095370
0 14551 0.520573 0.655093 0.114062 0.087963
0 14552 0.385417 0.541204 0.054167 0.050926
0 14553 0.452604 0.503241 0.040625 0.041667
0 14554 0.435417 0.408796 0.042708 0.039815
0 14555 0.453385 0.735648 0.157812 0.117593
0 14556 0.430469 0.208333 0.022396 0.031481
0 14557 0.597396 0.153241 0.021875 0.028704
0 14558 0.350781 0.572222 0.081771 0.064815
0 14559 0.322656 0.646759 0.089063 0.071296
0 14560 0.553646 0.256944 0.036458 0.034259
0 14561 0.258594 0.780556 0.152604 0.105556
0 14562 0.399740 0.295833 0.032813 0.032407
0 14563 0.555990 0.437037 0.038021 0.038889
0 14564 0.555729 0.309722 0.034375 0.034259
0 14565 0.525260 0.754630 0.128646 0.114815
0 14566 0.550521 0.518056 0.072917 0.067593
