0 15441 0.565365 0.559722 0.049479 0.043519
0 15442 0.436979 0.154630 0.019792 0.025926
0 15443 0.547917 0.688889 0.069792 0.068519
0 15444 0.405208 0.567593 0.059375 0.050000
0 15445 0.403906 0.412963 0.035937 0.038889
0 15446 0.569792 0.229630 0.025000 0.038889
0 15447 0.292969 0.746759 0.132812 0.093519
0 15448 0.507031 0.696296 0.104688 0.088889
0 15449 0.381250 0.584722 0.066667 0.058333
0 15450 0.450781 0.529167 0.042188 0.041667
0 15451 0.433854 0.443519 0.043750 0.038889
0 15452 0.451302 0.761574 0.152604 0.110185
0 15453 0.438281 0.216204 0.022396 0.032407
0 15454 0.591146 0.186574 0.021875 0.028704
0 15455 0.341406 0.623148 0.084896 0.072222
0 15456 0.310677 0.692130 0.096354 0.078704
0 15457 0.559115 0.269907 0.038021 0.037963
0 15458 0.232292 0.800000 0.139583 0.109259
0 15459 0.405208 0.324074 0.033333 0.035185
0 15460 0.558333 0.480093 0.040625 0.041667
0 15461 0.570833 0.333796 0.035417 0.037963
0 15462 0.522396 0.779167 0.132292 0.110185
0 15463 0.552344 0.570370 0.074479 0.068519
