0 15096 0.570052 0.552315 0.039062 0.043519
0 15097 0.435156 0.150000 0.020313 0.024074
0 15098 0.548438 0.660648 0.069792 0.069444
0 15099 0.406771 0.555093 0.059375 0.047222
0 15100 0.399479 0.404630 0.036458 0.037037
0 15101 0.567448 0.227778 0.025521 0.038889
0 15102 0.294271 0.731944 0.127083 0.095370
0 15103 0.509115 0.682407 0.104688 0.088889
0 15104 0.382812 0.569907 0.058333 0.058333
0 15105 0.451562 0.519444 0.041667 0.044444
0 15106 0.432812 0.429630 0.043750 0.038889
0 15107 0.450260 0.743056 0.157812 0.115741
0 15108 0.433333 0.215741 0.022917 0.031481
0 15109 0.592708 0.172685 0.021875 0.028704
0 15110 0.347135 0.606481 0.084896 0.072222
0 15111 0.314583 0.677315 0.095833 0.073148
0 15112 0.554948 0.263426 0.038021 0.037963
0 15113 0.246615 0.794907 0.138021 0.110185
0 15114 0.404167 0.312963 0.032292 0.033333
0 15115 0.557552 0.463889 0.038021 0.038889
0 15116 0.564583 0.323148 0.035417 0.037037
0 15117 0.522135 0.768519 0.129688 0.111111
0 15118 0.554688 0.551852 0.073958 0.068519
