0 14015 0.579167 0.515278 0.040625 0.039815
0 14016 0.429948 0.113889 0.021354 0.024074
0 14017 0.533854 0.562963 0.067708 0.064815
0 14018 0.409375 0.503704 0.059375 0.046296
0 14019 0.387500 0.382407 0.036458 0.035185
0 14020 0.563021 0.205556 0.021875 0.037037
0 14021 0.296615 0.685648 0.115104 0.097222
0 14022 0.521615 0.618056 0.103646 0.086111
0 14023 0.391406 0.524074 0.049479 0.048148
0 14024 0.454948 0.484259 0.040104 0.040741
0 14025 0.435156 0.394444 0.042188 0.042593
0 14026 0.462240 0.732407 0.154688 0.116667
0 14027 0.427083 0.182407 0.020833 0.025926
0 14028 0.601302 0.136111 0.020313 0.025926
0 14029 0.362240 0.542593 0.075521 0.064815
0 14030 0.332552 0.605093 0.089063 0.069444
0 14031 0.553125 0.243519 0.035417 0.035185
0 14032 0.266406 0.750000 0.144271 0.100000
0 14033 0.397656 0.277315 0.032813 0.032407
0 14034 0.553646 0.403704 0.037500 0.037037
0 14035 0.547135 0.300000 0.034896 0.033333
0 14036 0.521094 0.735648 0.131771 0.108333
0 14037 0.548438 0.487500 0.071875 0.062037
