0 14613 0.572656 0.530093 0.035937 0.043519
0 14614 0.432292 0.135185 0.021875 0.025926
0 14615 0.543229 0.614815 0.069792 0.066667
0 14616 0.406771 0.534722 0.059375 0.049074
0 14617 0.396354 0.400000 0.036458 0.037037
0 14618 0.564063 0.226852 0.026042 0.038889
0 14619 0.296875 0.724537 0.118750 0.095370
0 14620 0.519531 0.659722 0.113021 0.087963
0 14621 0.385156 0.544444 0.054688 0.051852
0 14622 0.452344 0.505556 0.041146 0.042593
0 14623 0.435677 0.411111 0.043229 0.038889
0 14624 0.453385 0.735648 0.157812 0.117593
0 14625 0.430990 0.210648 0.022396 0.032407
0 14626 0.596875 0.155093 0.021875 0.028704
0 14627 0.349740 0.575926 0.082812 0.064815
0 14628 0.322135 0.653241 0.090104 0.071296
0 14629 0.553646 0.257870 0.036458 0.034259
0 14630 0.257292 0.783333 0.154167 0.107407
0 14631 0.400781 0.297685 0.032813 0.032407
0 14632 0.557031 0.440741 0.038021 0.038889
0 14633 0.556771 0.311111 0.034375 0.035185
0 14634 0.524740 0.756481 0.128646 0.114815
0 14635 0.551302 0.522222 0.073438 0.068519
