0 13854 0.580990 0.511574 0.040104 0.039815
0 13855 0.428646 0.107407 0.020833 0.024074
0 13856 0.532813 0.552778 0.065625 0.066667
0 13857 0.410156 0.497222 0.058854 0.046296
0 13858 0.384375 0.374537 0.036458 0.036111
0 13859 0.561979 0.196296 0.021875 0.037037
0 13860 0.297656 0.675000 0.111979 0.096296
0 13861 0.523698 0.607870 0.106771 0.082407
0 13862 0.395573 0.521296 0.045312 0.048148
0 13863 0.456510 0.476852 0.040104 0.040741
0 13864 0.433854 0.391204 0.041667 0.041667
0 13865 0.464323 0.731481 0.154688 0.116667
0 13866 0.425000 0.174074 0.020833 0.025926
0 13867 0.602344 0.132870 0.019271 0.023148
0 13868 0.364323 0.534259 0.075521 0.064815
0 13869 0.335938 0.594907 0.088542 0.069444
0 13870 0.552865 0.238889 0.034896 0.035185
0 13871 0.268490 0.740278 0.143229 0.100926
0 13872 0.397917 0.273611 0.032292 0.032407
0 13873 0.553646 0.393981 0.037500 0.036111
0 13874 0.545833 0.297222 0.035417 0.033333
0 13875 0.517188 0.726852 0.139583 0.107407
0 13876 0.548698 0.479167 0.071354 0.060185
