0 14475 0.572917 0.530093 0.035417 0.039815
0 14476 0.431510 0.131944 0.021354 0.025000
0 14477 0.542708 0.604630 0.069792 0.066667
0 14478 0.406771 0.527778 0.059375 0.048148
0 14479 0.394792 0.397685 0.036458 0.036111
0 14480 0.563021 0.223148 0.025000 0.037037
0 14481 0.294531 0.718981 0.114062 0.095370
0 14482 0.520312 0.650000 0.113542 0.088889
0 14483 0.386198 0.538426 0.053646 0.050926
0 14484 0.452604 0.501389 0.040625 0.041667
0 14485 0.435417 0.406481 0.042708 0.040741
0 14486 0.453385 0.736574 0.157812 0.117593
0 14487 0.430208 0.205093 0.021875 0.030556
0 14488 0.597917 0.150463 0.021875 0.028704
0 14489 0.352604 0.568519 0.080208 0.064815
0 14490 0.323698 0.640741 0.089063 0.070370
0 14491 0.553646 0.256481 0.036458 0.035185
0 14492 0.259635 0.777315 0.150521 0.104630
0 14493 0.398698 0.293056 0.032813 0.032407
0 14494 0.555469 0.432870 0.038021 0.037963
0 14495 0.555208 0.309722 0.034375 0.034259
0 14496 0.525260 0.752778 0.128646 0.114815
0 14497 0.549740 0.513889 0.072396 0.066667
