0 13670 0.583333 0.506481 0.039583 0.038889
0 13671 0.428385 0.100463 0.020313 0.023148
0 13672 0.532813 0.549074 0.065625 0.070370
0 13673 0.412240 0.489352 0.058854 0.045370
0 13674 0.383333 0.366204 0.036458 0.036111
0 13675 0.560677 0.186111 0.023438 0.037037
0 13676 0.297656 0.663889 0.111979 0.096296
0 13677 0.525521 0.600463 0.103125 0.082407
0 13678 0.396094 0.515741 0.040104 0.048148
0 13679 0.455990 0.465741 0.040104 0.040741
0 13680 0.430469 0.387037 0.041146 0.040741
0 13681 0.469010 0.724074 0.154688 0.116667
0 13682 0.422917 0.164815 0.020833 0.025926
0 13683 0.602344 0.128241 0.017188 0.023148
0 13684 0.366146 0.524074 0.076042 0.064815
0 13685 0.337760 0.587500 0.088021 0.069444
0 13686 0.552865 0.234722 0.034896 0.036111
0 13687 0.271615 0.731019 0.138021 0.102778
0 13688 0.400521 0.268519 0.032292 0.031481
0 13689 0.553646 0.384722 0.037500 0.036111
0 13690 0.545833 0.293519 0.035417 0.033333
0 13691 0.521354 0.710648 0.139583 0.100926
0 13692 0.549479 0.470833 0.070833 0.056481
