0 13693 0.583333 0.506481 0.039583 0.038889
0 13694 0.428385 0.100463 0.020313 0.023148
0 13695 0.532813 0.548611 0.065625 0.069444
0 13696 0.412240 0.490278 0.058854 0.045370
0 13697 0.383854 0.367130 0.036458 0.036111
0 13698 0.560417 0.187037 0.022917 0.037037
0 13699 0.297656 0.664815 0.111979 0.096296
0 13700 0.525260 0.601389 0.103646 0.082407
0 13701 0.396354 0.516667 0.040625 0.048148
0 13702 0.455990 0.467593 0.040104 0.040741
0 13703 0.430469 0.387037 0.041146 0.040741
0 13704 0.467969 0.725000 0.154688 0.116667
0 13705 0.422917 0.165741 0.020833 0.025926
0 13706 0.601823 0.129167 0.017188 0.023148
0 13707 0.365365 0.525000 0.075521 0.064815
0 13708 0.337240 0.588426 0.088021 0.069444
0 13709 0.552865 0.234259 0.034896 0.035185
0 13710 0.271354 0.731481 0.138542 0.101852
0 13711 0.400000 0.268519 0.032292 0.031481
0 13712 0.553646 0.385648 0.037500 0.036111
0 13713 0.545833 0.293519 0.035417 0.033333
0 13714 0.520833 0.712963 0.139583 0.101852
0 13715 0.548958 0.472222 0.070833 0.057407
