0 15464 0.565625 0.560648 0.051042 0.043519
0 15465 0.436979 0.154630 0.019792 0.025926
0 15466 0.547917 0.690741 0.069792 0.068519
0 15467 0.405208 0.568519 0.059375 0.050000
0 15468 0.403906 0.412963 0.035937 0.038889
0 15469 0.569792 0.230556 0.025000 0.038889
0 15470 0.292708 0.747685 0.133333 0.093519
0 15471 0.506250 0.697222 0.103125 0.088889
0 15472 0.381510 0.585648 0.067187 0.058333
0 15473 0.450781 0.529630 0.042188 0.040741
0 15474 0.433854 0.444444 0.043750 0.038889
0 15475 0.451823 0.762500 0.151562 0.110185
0 15476 0.438802 0.216204 0.022396 0.032407
0 15477 0.590625 0.187500 0.021875 0.028704
0 15478 0.340885 0.624074 0.084896 0.072222
0 15479 0.310156 0.693519 0.096354 0.079630
0 15480 0.559115 0.269907 0.038021 0.037963
0 15481 0.231510 0.800926 0.140104 0.109259
0 15482 0.405208 0.324074 0.033333 0.035185
0 15483 0.558333 0.481944 0.040625 0.041667
0 15484 0.571354 0.334722 0.035417 0.037963
0 15485 0.522656 0.780093 0.131771 0.110185
0 15486 0.552344 0.572222 0.074479 0.068519
