0 14429 0.572135 0.530093 0.033854 0.039815
0 14430 0.430990 0.129630 0.021354 0.024074
0 14431 0.542188 0.600926 0.069792 0.066667
0 14432 0.406250 0.525926 0.059375 0.048148
0 14433 0.393750 0.396759 0.036458 0.036111
0 14434 0.562760 0.221759 0.024479 0.036111
0 14435 0.293750 0.717130 0.112500 0.095370
0 14436 0.520312 0.646296 0.113542 0.088889
0 14437 0.386719 0.536574 0.053646 0.050926
0 14438 0.452865 0.499074 0.040104 0.040741
0 14439 0.435417 0.404630 0.042708 0.040741
0 14440 0.453385 0.737500 0.157812 0.117593
0 14441 0.429427 0.202778 0.021354 0.029630
0 14442 0.598437 0.149537 0.021875 0.028704
0 14443 0.353646 0.565741 0.079167 0.064815
0 14444 0.323698 0.636111 0.089063 0.070370
0 14445 0.553646 0.255556 0.036458 0.035185
0 14446 0.260417 0.774537 0.148958 0.102778
0 14447 0.397656 0.290741 0.032813 0.031481
0 14448 0.554427 0.430093 0.038021 0.037963
0 14449 0.554167 0.308796 0.034375 0.034259
0 14450 0.525260 0.750926 0.128646 0.114815
0 14451 0.548958 0.510648 0.071875 0.065741
