0 13624 0.582292 0.506019 0.040625 0.041667
0 13625 0.428125 0.098611 0.019792 0.023148
0 13626 0.533073 0.546759 0.065104 0.067593
0 13627 0.412760 0.487037 0.058854 0.044444
0 13628 0.382812 0.363426 0.036458 0.036111
0 13629 0.560156 0.183333 0.023438 0.037037
0 13630 0.297135 0.660185 0.109896 0.096296
0 13631 0.525260 0.596759 0.102604 0.082407
0 13632 0.396094 0.514352 0.040104 0.049074
0 13633 0.456510 0.462500 0.040104 0.039815
0 13634 0.429427 0.385185 0.041146 0.040741
0 13635 0.467708 0.721296 0.152083 0.116667
0 13636 0.422135 0.162037 0.021354 0.025926
0 13637 0.601562 0.127315 0.016667 0.023148
0 13638 0.365625 0.521296 0.076042 0.064815
0 13639 0.337500 0.584722 0.087500 0.069444
0 13640 0.552865 0.233796 0.034896 0.036111
0 13641 0.271354 0.727315 0.138542 0.102778
0 13642 0.399479 0.265741 0.032292 0.031481
0 13643 0.553125 0.382870 0.037500 0.036111
0 13644 0.545312 0.291667 0.035417 0.033333
0 13645 0.521354 0.706019 0.138542 0.100926
0 13646 0.550260 0.468981 0.070312 0.056481
