0 15280 0.563281 0.555093 0.038021 0.043519
0 15281 0.436979 0.153704 0.019792 0.025926
0 15282 0.548438 0.678704 0.069792 0.068519
0 15283 0.405729 0.563426 0.059375 0.049074
0 15284 0.401562 0.408333 0.036458 0.037037
0 15285 0.569271 0.227778 0.023958 0.038889
0 15286 0.292969 0.738426 0.129688 0.089815
0 15287 0.512500 0.688889 0.115625 0.088889
0 15288 0.381771 0.576389 0.062500 0.056481
0 15289 0.450781 0.524074 0.042188 0.044444
0 15290 0.434635 0.437037 0.043229 0.038889
0 15291 0.445573 0.757870 0.157812 0.110185
0 15292 0.436458 0.216204 0.022917 0.032407
0 15293 0.592708 0.179167 0.021875 0.028704
0 15294 0.345052 0.614815 0.084896 0.072222
0 15295 0.313281 0.682870 0.096354 0.075000
0 15296 0.559115 0.266204 0.038021 0.039815
0 15297 0.237240 0.795370 0.138021 0.111111
0 15298 0.405729 0.319444 0.033333 0.035185
0 15299 0.558333 0.472685 0.039583 0.041667
0 15300 0.568750 0.327315 0.035417 0.037963
0 15301 0.520052 0.772685 0.133854 0.110185
0 15302 0.554688 0.561111 0.073958 0.068519
