0 14199 0.577604 0.520370 0.039583 0.040741
0 14200 0.430990 0.122222 0.021354 0.024074
0 14201 0.536979 0.579630 0.069792 0.064815
0 14202 0.408333 0.512500 0.059375 0.047222
0 14203 0.391146 0.389352 0.036458 0.034259
0 14204 0.563542 0.214352 0.022917 0.036111
0 14205 0.294792 0.699074 0.115625 0.096296
0 14206 0.519271 0.630093 0.103125 0.089815
0 14207 0.386979 0.528241 0.052083 0.049074
0 14208 0.452865 0.491667 0.040104 0.040741
0 14209 0.435417 0.398611 0.042708 0.041667
0 14210 0.458594 0.733796 0.155729 0.117593
0 14211 0.428646 0.192130 0.020833 0.026852
0 14212 0.599479 0.141204 0.020833 0.028704
0 14213 0.358854 0.552778 0.076042 0.064815
0 14214 0.328385 0.618056 0.089063 0.069444
0 14215 0.553385 0.248611 0.035937 0.036111
0 14216 0.263802 0.761111 0.144271 0.100000
0 14217 0.397135 0.282870 0.032813 0.032407
0 14218 0.553646 0.416204 0.037500 0.037963
0 14219 0.550260 0.303704 0.034896 0.033333
0 14220 0.525781 0.743056 0.125521 0.110185
0 14221 0.548438 0.498148 0.071875 0.062963
