0 14958 0.572917 0.547685 0.039583 0.043519
0 14959 0.433854 0.146296 0.020833 0.024074
0 14960 0.548438 0.646296 0.069792 0.068519
0 14961 0.406771 0.549074 0.059375 0.048148
0 14962 0.397917 0.402778 0.036458 0.037037
0 14963 0.566146 0.227778 0.026042 0.038889
0 14964 0.295573 0.730556 0.123438 0.096296
0 14965 0.510417 0.676852 0.101042 0.088889
0 14966 0.383854 0.562963 0.057292 0.059259
0 14967 0.451823 0.516204 0.041146 0.043519
0 14968 0.432812 0.423611 0.043750 0.037963
0 14969 0.450781 0.738426 0.157812 0.117593
0 14970 0.432292 0.213426 0.022917 0.030556
0 14971 0.593750 0.167130 0.021875 0.028704
0 14972 0.348438 0.599074 0.083333 0.070370
0 14973 0.317188 0.673148 0.095833 0.072222
0 14974 0.554427 0.260648 0.038021 0.036111
0 14975 0.250260 0.793056 0.144271 0.110185
0 14976 0.403125 0.308333 0.032292 0.033333
0 14977 0.557552 0.457407 0.038021 0.038889
0 14978 0.562760 0.319444 0.034896 0.037037
0 14979 0.523177 0.764815 0.128646 0.112963
0 14980 0.554427 0.543519 0.073438 0.068519
