0 14084 0.579427 0.515278 0.041146 0.039815
0 14085 0.430990 0.116667 0.021354 0.024074
0 14086 0.534375 0.568519 0.068750 0.064815
0 14087 0.409375 0.506944 0.059375 0.047222
0 14088 0.389062 0.384722 0.036458 0.034259
0 14089 0.563542 0.209259 0.021875 0.037037
0 14090 0.296094 0.689352 0.117188 0.097222
0 14091 0.520312 0.621759 0.101042 0.087963
0 14092 0.389062 0.525000 0.051042 0.048148
0 14093 0.453906 0.487037 0.040104 0.040741
0 14094 0.435417 0.396296 0.042708 0.042593
0 14095 0.461198 0.731481 0.154688 0.116667
0 14096 0.428125 0.186111 0.020833 0.025926
0 14097 0.600781 0.137500 0.020313 0.026852
0 14098 0.361198 0.546296 0.075521 0.064815
0 14099 0.330990 0.609722 0.089063 0.069444
0 14100 0.553125 0.244444 0.035417 0.035185
0 14101 0.265625 0.754630 0.143750 0.100000
0 14102 0.397656 0.279167 0.032813 0.032407
0 14103 0.553646 0.408333 0.037500 0.037037
0 14104 0.548177 0.301852 0.034896 0.033333
0 14105 0.524479 0.739352 0.127083 0.108333
0 14106 0.548438 0.492130 0.071875 0.062037
