0 14176 0.577604 0.519907 0.039583 0.039815
0 14177 0.430990 0.121296 0.021354 0.024074
0 14178 0.535937 0.576852 0.069792 0.064815
0 14179 0.408333 0.511574 0.059375 0.047222
0 14180 0.390625 0.388426 0.036458 0.034259
0 14181 0.563802 0.213426 0.022396 0.036111
0 14182 0.295312 0.696296 0.116667 0.096296
0 14183 0.519271 0.628241 0.102083 0.089815
0 14184 0.386979 0.526852 0.052083 0.048148
0 14185 0.452865 0.490741 0.040104 0.040741
0 14186 0.435417 0.397685 0.042708 0.041667
0 14187 0.459375 0.732870 0.155208 0.117593
0 14188 0.428646 0.191204 0.020833 0.026852
0 14189 0.600000 0.140278 0.020833 0.028704
0 14190 0.359375 0.550926 0.076042 0.064815
0 14191 0.328906 0.616204 0.089063 0.069444
0 14192 0.553385 0.247685 0.035937 0.036111
0 14193 0.264323 0.760185 0.144271 0.100000
0 14194 0.397656 0.281944 0.032813 0.032407
0 14195 0.553646 0.414352 0.037500 0.037963
0 14196 0.549740 0.303704 0.034896 0.033333
0 14197 0.526042 0.743056 0.125000 0.110185
0 14198 0.548438 0.497222 0.071875 0.062963
