0 13992 0.578906 0.515278 0.040104 0.039815
0 13993 0.429948 0.112963 0.021354 0.024074
0 13994 0.533594 0.561111 0.067187 0.064815
0 13995 0.409375 0.502778 0.059375 0.046296
0 13996 0.386979 0.380556 0.036458 0.035185
0 13997 0.563021 0.203704 0.021875 0.037037
0 13998 0.296875 0.683796 0.114583 0.097222
0 13999 0.521875 0.615741 0.104167 0.085185
0 14000 0.392188 0.524074 0.048958 0.048148
0 14001 0.455469 0.483333 0.040104 0.040741
0 14002 0.435156 0.394444 0.042188 0.042593
0 14003 0.462240 0.732407 0.154688 0.116667
0 14004 0.427083 0.181481 0.020833 0.025926
0 14005 0.601562 0.135648 0.019792 0.025000
0 14006 0.362760 0.541667 0.075521 0.064815
0 14007 0.333073 0.603241 0.089063 0.069444
0 14008 0.553125 0.242593 0.035417 0.035185
0 14009 0.266406 0.748148 0.144271 0.100000
0 14010 0.397656 0.277315 0.032813 0.032407
0 14011 0.553646 0.401852 0.037500 0.037037
0 14012 0.546615 0.300000 0.034896 0.033333
0 14013 0.520312 0.734722 0.133333 0.108333
0 14014 0.548438 0.486574 0.071875 0.062037
