0 15142 0.568229 0.552315 0.038542 0.043519
0 15143 0.435677 0.150926 0.020313 0.024074
0 15144 0.548438 0.665278 0.069792 0.069444
0 15145 0.406250 0.557407 0.059375 0.048148
0 15146 0.400000 0.405556 0.036458 0.037037
0 15147 0.567708 0.227778 0.025000 0.038889
0 15148 0.294010 0.732870 0.127604 0.093519
0 15149 0.509896 0.684259 0.107292 0.088889
0 15150 0.382812 0.571759 0.059375 0.058333
0 15151 0.451562 0.520370 0.041667 0.044444
0 15152 0.433333 0.431481 0.043750 0.038889
0 15153 0.449219 0.746759 0.157812 0.113889
0 15154 0.433854 0.215741 0.022917 0.031481
0 15155 0.592708 0.174537 0.021875 0.028704
0 15156 0.346615 0.608333 0.084896 0.072222
0 15157 0.314063 0.678241 0.095833 0.073148
0 15158 0.555990 0.263426 0.038021 0.037963
0 15159 0.244531 0.794907 0.138021 0.110185
0 15160 0.404687 0.315278 0.032292 0.034259
0 15161 0.557813 0.466204 0.038542 0.039815
0 15162 0.565625 0.324074 0.035417 0.037037
0 15163 0.521615 0.769444 0.130729 0.111111
0 15164 0.554688 0.554630 0.073958 0.068519
