0 13877 0.580469 0.512963 0.040104 0.040741
0 13878 0.428646 0.108333 0.020833 0.024074
0 13879 0.532813 0.553241 0.065625 0.065741
0 13880 0.410156 0.498148 0.058854 0.046296
0 13881 0.384375 0.375463 0.036458 0.036111
0 13882 0.561979 0.197222 0.021875 0.037037
0 13883 0.297656 0.675926 0.111979 0.096296
0 13884 0.523438 0.608796 0.107292 0.082407
0 13885 0.395313 0.522222 0.045833 0.048148
0 13886 0.456510 0.478704 0.040104 0.040741
0 13887 0.434375 0.391204 0.041667 0.041667
0 13888 0.463802 0.732407 0.154688 0.116667
0 13889 0.425521 0.175000 0.020833 0.025926
0 13890 0.602344 0.133796 0.019271 0.023148
0 13891 0.364323 0.535185 0.075521 0.064815
0 13892 0.335417 0.595833 0.088542 0.069444
0 13893 0.552865 0.239815 0.034896 0.035185
0 13894 0.267708 0.741204 0.143750 0.100926
0 13895 0.397917 0.273611 0.032292 0.032407
0 13896 0.553646 0.394907 0.037500 0.036111
0 13897 0.545833 0.297222 0.035417 0.033333
0 13898 0.516667 0.729167 0.139583 0.108333
0 13899 0.548698 0.480556 0.071354 0.061111
