0 15004 0.572656 0.549537 0.040104 0.043519
0 15005 0.434375 0.148148 0.020833 0.024074
0 15006 0.548438 0.651389 0.069792 0.069444
0 15007 0.406771 0.550463 0.059375 0.047222
0 15008 0.398438 0.403704 0.036458 0.037037
0 15009 0.566667 0.227778 0.026042 0.038889
0 15010 0.295312 0.730556 0.125000 0.096296
0 15011 0.509635 0.678704 0.101562 0.088889
0 15012 0.383333 0.565741 0.057292 0.059259
0 15013 0.451823 0.517130 0.041146 0.043519
0 15014 0.432292 0.425463 0.043750 0.037963
0 15015 0.451302 0.739352 0.157812 0.117593
0 15016 0.432292 0.214352 0.022917 0.030556
0 15017 0.593229 0.168981 0.021875 0.028704
0 15018 0.348177 0.601389 0.083854 0.071296
0 15019 0.316146 0.674074 0.095833 0.072222
0 15020 0.554427 0.262037 0.038021 0.037037
0 15021 0.249740 0.793981 0.141146 0.110185
0 15022 0.403646 0.310185 0.032292 0.033333
0 15023 0.557552 0.460185 0.038021 0.038889
0 15024 0.563281 0.321296 0.034896 0.037037
0 15025 0.523177 0.766204 0.128646 0.112037
0 15026 0.554427 0.546296 0.073438 0.068519
