0 13555 0.582812 0.503241 0.040625 0.041667
0 13556 0.428385 0.095833 0.019271 0.023148
0 13557 0.534635 0.545370 0.065104 0.064815
0 13558 0.413802 0.485185 0.058854 0.044444
0 13559 0.381250 0.359722 0.036458 0.036111
0 13560 0.560417 0.178704 0.023958 0.037037
0 13561 0.296354 0.655093 0.107292 0.097222
0 13562 0.525260 0.592130 0.102604 0.082407
0 13563 0.396094 0.511574 0.040104 0.049074
0 13564 0.456510 0.459722 0.040104 0.039815
0 13565 0.427865 0.383333 0.041146 0.040741
0 13566 0.465885 0.717593 0.148438 0.116667
0 13567 0.421875 0.158333 0.021875 0.025926
0 13568 0.601562 0.124537 0.016667 0.023148
0 13569 0.365104 0.517593 0.076042 0.064815
0 13570 0.337240 0.580556 0.086979 0.068519
0 13571 0.553385 0.232870 0.034896 0.036111
0 13572 0.271094 0.722222 0.140104 0.103704
0 13573 0.398958 0.262963 0.032292 0.031481
0 13574 0.553125 0.380093 0.037500 0.036111
0 13575 0.544792 0.290741 0.035417 0.033333
0 13576 0.521875 0.699537 0.136458 0.100926
0 13577 0.551562 0.466204 0.069792 0.056481
