0 13463 0.584115 0.500463 0.040104 0.041667
0 13464 0.428125 0.092130 0.018750 0.023148
0 13465 0.536198 0.543519 0.065104 0.061111
0 13466 0.415365 0.481944 0.058854 0.043519
0 13467 0.379688 0.355093 0.036458 0.036111
0 13468 0.560156 0.173148 0.024479 0.037037
0 13469 0.295573 0.648148 0.103646 0.098148
0 13470 0.525260 0.585648 0.102604 0.082407
0 13471 0.396094 0.508333 0.040104 0.050000
0 13472 0.457031 0.453704 0.040104 0.038889
0 13473 0.425781 0.379630 0.041146 0.040741
0 13474 0.463281 0.712963 0.143229 0.116667
0 13475 0.420573 0.152778 0.022396 0.025926
0 13476 0.600781 0.121759 0.016146 0.023148
0 13477 0.364583 0.512963 0.076042 0.064815
0 13478 0.336979 0.575463 0.086458 0.067593
0 13479 0.553906 0.231019 0.034896 0.036111
0 13480 0.271094 0.714815 0.142187 0.103704
0 13481 0.397396 0.258333 0.032292 0.031481
0 13482 0.553125 0.376389 0.037500 0.036111
0 13483 0.543750 0.287963 0.035417 0.033333
0 13484 0.522917 0.691204 0.134375 0.100926
0 13485 0.553385 0.462500 0.069271 0.056481
