0 14291 0.576302 0.521759 0.040104 0.041667
0 14292 0.430990 0.125926 0.021354 0.024074
0 14293 0.539583 0.588426 0.069792 0.065741
0 14294 0.407292 0.518519 0.059375 0.048148
0 14295 0.392188 0.392593 0.036458 0.035185
0 14296 0.562760 0.217593 0.023438 0.035185
0 14297 0.293750 0.706944 0.112500 0.095370
0 14298 0.520052 0.635648 0.108854 0.089815
0 14299 0.387240 0.530556 0.052604 0.050000
0 14300 0.452865 0.494444 0.040104 0.040741
0 14301 0.435417 0.401389 0.042708 0.041667
0 14302 0.455469 0.735648 0.156771 0.117593
0 14303 0.428646 0.196296 0.020833 0.027778
0 14304 0.599219 0.144907 0.021354 0.028704
0 14305 0.356771 0.557407 0.077083 0.064815
0 14306 0.326302 0.624537 0.089063 0.069444
0 14307 0.553385 0.252315 0.035937 0.036111
0 14308 0.262500 0.767130 0.145833 0.100926
0 14309 0.397135 0.285185 0.032813 0.031481
0 14310 0.553646 0.421759 0.037500 0.037963
0 14311 0.552344 0.306481 0.034896 0.033333
0 14312 0.525521 0.746296 0.127083 0.112963
0 14313 0.548438 0.503704 0.071875 0.064815
