0 14935 0.572917 0.546759 0.039583 0.043519
0 14936 0.433594 0.145833 0.021354 0.025000
0 14937 0.548438 0.644444 0.069792 0.068519
0 14938 0.406771 0.548148 0.059375 0.048148
0 14939 0.397917 0.402778 0.036458 0.037037
0 14940 0.565885 0.227778 0.026562 0.038889
0 14941 0.295833 0.730556 0.122917 0.096296
0 14942 0.510938 0.675926 0.101042 0.088889
0 14943 0.383854 0.561111 0.057292 0.059259
0 14944 0.451823 0.515278 0.041146 0.043519
0 14945 0.432812 0.422685 0.043750 0.037963
0 14946 0.450260 0.738426 0.157812 0.117593
0 14947 0.432292 0.212500 0.022917 0.030556
0 14948 0.594271 0.166204 0.021875 0.028704
0 14949 0.348698 0.598148 0.082812 0.070370
0 14950 0.317708 0.673148 0.095833 0.072222
0 14951 0.554427 0.260648 0.038021 0.036111
0 14952 0.250521 0.793056 0.145833 0.110185
0 14953 0.402604 0.307407 0.032292 0.033333
0 14954 0.557552 0.456481 0.038021 0.038889
0 14955 0.562240 0.318519 0.034896 0.037037
0 14956 0.523177 0.764352 0.128646 0.113889
0 14957 0.554427 0.541667 0.073438 0.068519
