0 15257 0.563021 0.554167 0.036458 0.043519
0 15258 0.436458 0.152315 0.019792 0.025000
0 15259 0.548438 0.675926 0.069792 0.068519
0 15260 0.405729 0.562500 0.059375 0.049074
0 15261 0.401562 0.407407 0.036458 0.037037
0 15262 0.568750 0.227778 0.023958 0.038889
0 15263 0.292708 0.736574 0.129167 0.089815
0 15264 0.511719 0.687963 0.114062 0.088889
0 15265 0.382031 0.575926 0.061979 0.057407
0 15266 0.451042 0.523148 0.041667 0.044444
0 15267 0.434115 0.436111 0.043229 0.038889
0 15268 0.446094 0.755093 0.157812 0.110185
0 15269 0.435937 0.216204 0.022917 0.032407
0 15270 0.592708 0.178241 0.021875 0.028704
0 15271 0.345052 0.612963 0.084896 0.072222
0 15272 0.313021 0.681944 0.095833 0.075000
0 15273 0.558594 0.264815 0.038021 0.038889
0 15274 0.238281 0.794907 0.138021 0.110185
0 15275 0.405469 0.318519 0.032813 0.035185
0 15276 0.558073 0.471759 0.039062 0.041667
0 15277 0.568229 0.326389 0.035417 0.037963
0 15278 0.520312 0.771759 0.133333 0.110185
0 15279 0.554688 0.560185 0.073958 0.068519
