0 14751 0.573177 0.537500 0.038021 0.043519
0 14752 0.432292 0.138889 0.021875 0.025926
0 14753 0.546354 0.626852 0.069792 0.066667
0 14754 0.406771 0.540278 0.059375 0.049074
0 14755 0.396354 0.400000 0.036458 0.037037
0 14756 0.564323 0.226852 0.026562 0.038889
0 14757 0.296875 0.728241 0.118750 0.095370
0 14758 0.515365 0.666204 0.104688 0.087963
0 14759 0.384635 0.551852 0.055729 0.057407
0 14760 0.452344 0.510185 0.041146 0.042593
0 14761 0.434375 0.416204 0.043750 0.037963
0 14762 0.450260 0.735648 0.157812 0.117593
0 14763 0.431250 0.210185 0.022917 0.031481
0 14764 0.595833 0.159722 0.021875 0.028704
0 14765 0.349740 0.586111 0.081771 0.066667
0 14766 0.320833 0.664815 0.093750 0.072222
0 14767 0.554167 0.257870 0.037500 0.034259
0 14768 0.253646 0.787963 0.154167 0.109259
0 14769 0.401302 0.301389 0.032813 0.032407
0 14770 0.557031 0.447222 0.038021 0.038889
0 14771 0.559375 0.313426 0.034375 0.036111
0 14772 0.523698 0.759722 0.128646 0.115741
0 14773 0.553385 0.529630 0.073438 0.068519
