0 14337 0.576042 0.523148 0.040625 0.042593
0 14338 0.430990 0.127778 0.021354 0.024074
0 14339 0.541146 0.593056 0.069792 0.065741
0 14340 0.406771 0.521296 0.059375 0.048148
0 14341 0.392708 0.394444 0.036458 0.035185
0 14342 0.562500 0.219444 0.023958 0.035185
0 14343 0.292708 0.711574 0.110417 0.095370
0 14344 0.520312 0.639352 0.111458 0.089815
0 14345 0.386719 0.532870 0.052604 0.050926
0 14346 0.452865 0.496296 0.040104 0.040741
0 14347 0.435417 0.402315 0.042708 0.041667
0 14348 0.453906 0.737500 0.157812 0.117593
0 14349 0.428646 0.198148 0.020833 0.027778
0 14350 0.598698 0.145833 0.021354 0.028704
0 14351 0.355729 0.560185 0.077083 0.064815
0 14352 0.325260 0.628241 0.089063 0.069444
0 14353 0.553385 0.254167 0.035937 0.036111
0 14354 0.261719 0.768981 0.146354 0.100926
0 14355 0.396615 0.287037 0.032813 0.031481
0 14356 0.553646 0.424537 0.037500 0.037963
0 14357 0.553385 0.307870 0.034896 0.034259
0 14358 0.525000 0.748148 0.128125 0.114815
0 14359 0.548438 0.505556 0.071875 0.064815
