0 15349 0.564063 0.556944 0.042708 0.043519
0 15350 0.436979 0.153704 0.019792 0.025926
0 15351 0.547917 0.683333 0.069792 0.068519
0 15352 0.405729 0.565278 0.059375 0.049074
0 15353 0.402344 0.409259 0.035937 0.037037
0 15354 0.569271 0.228704 0.023958 0.038889
0 15355 0.292448 0.741667 0.130729 0.090741
0 15356 0.510156 0.691667 0.110937 0.088889
0 15357 0.381510 0.580556 0.064062 0.057407
0 15358 0.450781 0.525926 0.042188 0.042593
0 15359 0.434375 0.439815 0.043750 0.038889
0 15360 0.447396 0.759722 0.155208 0.110185
0 15361 0.437500 0.216204 0.022917 0.032407
0 15362 0.591667 0.182870 0.021875 0.028704
0 15363 0.343490 0.617593 0.084896 0.072222
0 15364 0.311719 0.686574 0.096354 0.076852
0 15365 0.559115 0.267593 0.038021 0.038889
0 15366 0.234896 0.796759 0.138542 0.110185
0 15367 0.405729 0.321296 0.033333 0.035185
0 15368 0.557813 0.476389 0.039583 0.041667
0 15369 0.569792 0.330093 0.035417 0.037963
0 15370 0.520833 0.775463 0.133333 0.110185
0 15371 0.553646 0.565741 0.073958 0.068519
