0 14061 0.579427 0.515278 0.041146 0.039815
0 14062 0.430469 0.115741 0.021354 0.024074
0 14063 0.534115 0.566667 0.068229 0.064815
0 14064 0.409375 0.506019 0.059375 0.047222
0 14065 0.388542 0.383796 0.036458 0.034259
0 14066 0.563542 0.207407 0.021875 0.037037
0 14067 0.296354 0.688426 0.116667 0.097222
0 14068 0.520573 0.620370 0.101562 0.087037
0 14069 0.389844 0.525000 0.050521 0.048148
0 14070 0.453906 0.486111 0.040104 0.040741
0 14071 0.435417 0.395370 0.042708 0.042593
0 14072 0.461719 0.731481 0.154688 0.116667
0 14073 0.427604 0.185185 0.020833 0.025926
0 14074 0.600781 0.137500 0.020313 0.026852
0 14075 0.361719 0.545370 0.075521 0.064815
0 14076 0.331510 0.607870 0.089063 0.069444
0 14077 0.553125 0.244444 0.035417 0.035185
0 14078 0.265625 0.752778 0.143750 0.100000
0 14079 0.397656 0.279167 0.032813 0.032407
0 14080 0.553646 0.406481 0.037500 0.037037
0 14081 0.547656 0.300926 0.034896 0.033333
0 14082 0.523177 0.738426 0.128646 0.108333
0 14083 0.548438 0.490278 0.071875 0.062037
