0 13601 0.582292 0.505093 0.040625 0.041667
0 13602 0.428125 0.097685 0.019792 0.023148
0 13603 0.533594 0.546296 0.065104 0.066667
0 13604 0.413281 0.486111 0.058854 0.044444
0 13605 0.382292 0.362500 0.036458 0.036111
0 13606 0.560156 0.181481 0.023438 0.037037
0 13607 0.296615 0.658333 0.108854 0.096296
0 13608 0.525260 0.594907 0.102604 0.082407
0 13609 0.396094 0.513426 0.040104 0.049074
0 13610 0.456510 0.461574 0.040104 0.039815
0 13611 0.428906 0.384259 0.041146 0.040741
0 13612 0.466927 0.720370 0.150521 0.116667
0 13613 0.422135 0.160185 0.021354 0.025926
0 13614 0.601562 0.126389 0.016667 0.023148
0 13615 0.365625 0.520370 0.076042 0.064815
0 13616 0.337500 0.583796 0.087500 0.069444
0 13617 0.553385 0.232870 0.034896 0.036111
0 13618 0.271094 0.725463 0.139063 0.102778
0 13619 0.399479 0.264815 0.032292 0.031481
0 13620 0.553125 0.381944 0.037500 0.036111
0 13621 0.544792 0.291667 0.035417 0.033333
0 13622 0.521615 0.704167 0.138021 0.100926
0 13623 0.550781 0.468056 0.070312 0.056481
