0 14659 0.572917 0.532870 0.036458 0.043519
0 14660 0.432292 0.137037 0.021875 0.025926
0 14661 0.544271 0.618519 0.069792 0.066667
0 14662 0.406771 0.536574 0.059375 0.049074
0 14663 0.396354 0.400000 0.036458 0.037037
0 14664 0.564063 0.226852 0.026042 0.038889
0 14665 0.296875 0.725463 0.118750 0.095370
0 14666 0.518229 0.661574 0.110417 0.087963
0 14667 0.384896 0.547222 0.055208 0.053704
0 14668 0.452344 0.506481 0.041146 0.042593
0 14669 0.435156 0.412963 0.043229 0.038889
0 14670 0.452344 0.735648 0.157812 0.117593
0 14671 0.431250 0.210648 0.022917 0.032407
0 14672 0.596354 0.156944 0.021875 0.028704
0 14673 0.349479 0.578704 0.082292 0.064815
0 14674 0.321615 0.657407 0.091146 0.072222
0 14675 0.553646 0.257870 0.036458 0.034259
0 14676 0.256250 0.785185 0.154167 0.107407
0 14677 0.400781 0.299537 0.032813 0.032407
0 14678 0.557031 0.443519 0.038021 0.038889
0 14679 0.557813 0.311111 0.034375 0.035185
0 14680 0.524219 0.757870 0.128646 0.115741
0 14681 0.552344 0.525000 0.073438 0.068519
