0 14130 0.578125 0.519907 0.039583 0.039815
0 14131 0.431510 0.119444 0.021354 0.024074
0 14132 0.534896 0.573148 0.069792 0.064815
0 14133 0.408854 0.508796 0.059375 0.047222
0 14134 0.390104 0.387500 0.036458 0.034259
0 14135 0.564323 0.212037 0.022396 0.037037
0 14136 0.296354 0.693056 0.118750 0.097222
0 14137 0.519531 0.625463 0.099479 0.089815
0 14138 0.386979 0.524537 0.052083 0.047222
0 14139 0.452865 0.488889 0.040104 0.040741
0 14140 0.435417 0.397222 0.042708 0.042593
0 14141 0.461198 0.731944 0.154688 0.117593
0 14142 0.428646 0.188889 0.020833 0.025926
0 14143 0.600521 0.138426 0.020833 0.028704
0 14144 0.360938 0.549074 0.076042 0.064815
0 14145 0.329948 0.613426 0.089063 0.069444
0 14146 0.553385 0.246759 0.035937 0.036111
0 14147 0.265104 0.758333 0.143750 0.100000
0 14148 0.397656 0.281019 0.032813 0.032407
0 14149 0.553646 0.411574 0.037500 0.037963
0 14150 0.549219 0.302778 0.034896 0.033333
0 14151 0.526563 0.741204 0.123958 0.108333
0 14152 0.548438 0.493981 0.071875 0.062037
