0 15234 0.563542 0.554167 0.036458 0.043519
0 15235 0.436458 0.152315 0.019792 0.025000
0 15236 0.548438 0.674074 0.069792 0.068519
0 15237 0.406250 0.561111 0.059375 0.048148
0 15238 0.401042 0.407407 0.036458 0.037037
0 15239 0.568229 0.227778 0.023958 0.038889
0 15240 0.292969 0.736111 0.128646 0.090741
0 15241 0.511458 0.687037 0.112500 0.088889
0 15242 0.382292 0.575000 0.061458 0.057407
0 15243 0.451042 0.523148 0.041667 0.044444
0 15244 0.434375 0.435185 0.043750 0.038889
0 15245 0.446615 0.753704 0.157812 0.111111
0 15246 0.435417 0.216204 0.022917 0.032407
0 15247 0.592708 0.178241 0.021875 0.028704
0 15248 0.345573 0.612037 0.084896 0.072222
0 15249 0.313021 0.681019 0.095833 0.075000
0 15250 0.558073 0.264815 0.038021 0.038889
0 15251 0.239844 0.794907 0.138021 0.110185
0 15252 0.405469 0.317593 0.032813 0.035185
0 15253 0.558073 0.470370 0.039062 0.040741
0 15254 0.567708 0.325926 0.035417 0.037037
0 15255 0.520573 0.772222 0.132812 0.111111
0 15256 0.554688 0.559259 0.073958 0.068519
