0 14498 0.573438 0.530093 0.036458 0.039815
0 14499 0.431510 0.131944 0.021354 0.025000
0 14500 0.542708 0.605556 0.069792 0.066667
0 14501 0.406771 0.528704 0.059375 0.048148
0 14502 0.395313 0.397685 0.036458 0.036111
0 14503 0.563021 0.224074 0.025000 0.037037
0 14504 0.295052 0.719907 0.115104 0.095370
0 14505 0.520312 0.651389 0.113542 0.087963
0 14506 0.385677 0.539352 0.053646 0.050926
0 14507 0.452604 0.501389 0.040625 0.041667
0 14508 0.435417 0.406944 0.042708 0.039815
0 14509 0.453385 0.736574 0.157812 0.117593
0 14510 0.430208 0.206019 0.021875 0.030556
0 14511 0.597917 0.151389 0.021875 0.028704
0 14512 0.351823 0.569444 0.080729 0.064815
0 14513 0.323177 0.642593 0.089063 0.070370
0 14514 0.553646 0.256019 0.036458 0.034259
0 14515 0.259375 0.778241 0.151042 0.104630
0 14516 0.399219 0.293981 0.032813 0.032407
0 14517 0.555469 0.433796 0.038021 0.037963
0 14518 0.555208 0.309722 0.034375 0.034259
0 14519 0.525260 0.753704 0.128646 0.114815
0 14520 0.549740 0.514815 0.072396 0.066667
