0 13486 0.583594 0.500463 0.040104 0.041667
0 13487 0.428125 0.093056 0.018750 0.023148
0 13488 0.535677 0.543981 0.065104 0.062037
0 13489 0.414844 0.482870 0.058854 0.043519
0 13490 0.380208 0.356019 0.036458 0.036111
0 13491 0.560156 0.175000 0.024479 0.037037
0 13492 0.296094 0.650000 0.104688 0.098148
0 13493 0.525260 0.587500 0.102604 0.082407
0 13494 0.396094 0.509259 0.040104 0.050000
0 13495 0.457031 0.455556 0.040104 0.038889
0 13496 0.426302 0.380556 0.041146 0.040741
0 13497 0.463802 0.713889 0.144271 0.116667
0 13498 0.421094 0.153704 0.022396 0.025926
0 13499 0.600781 0.122685 0.016146 0.023148
0 13500 0.364583 0.513889 0.076042 0.064815
0 13501 0.336979 0.576852 0.086458 0.068519
0 13502 0.553906 0.231019 0.034896 0.036111
0 13503 0.270833 0.716667 0.141667 0.103704
0 13504 0.397917 0.259259 0.032292 0.031481
0 13505 0.553125 0.377315 0.037500 0.036111
0 13506 0.543750 0.288889 0.035417 0.033333
0 13507 0.522656 0.693056 0.134896 0.100926
0 13508 0.552865 0.463426 0.069271 0.056481
