0 13923 0.578646 0.513889 0.039583 0.038889
0 13924 0.428906 0.110185 0.021354 0.024074
0 13925 0.532813 0.555556 0.065625 0.064815
0 13926 0.409896 0.500000 0.059375 0.046296
0 13927 0.384896 0.377778 0.036458 0.035185
0 13928 0.562500 0.200000 0.021875 0.037037
0 13929 0.297396 0.679167 0.112500 0.097222
0 13930 0.523177 0.611574 0.106771 0.082407
0 13931 0.394531 0.523148 0.047396 0.048148
0 13932 0.456510 0.480556 0.040104 0.040741
0 13933 0.435156 0.392593 0.042188 0.042593
0 13934 0.462760 0.732407 0.154688 0.116667
0 13935 0.426042 0.177778 0.020833 0.025926
0 13936 0.602083 0.134722 0.019792 0.023148
0 13937 0.363802 0.537963 0.075521 0.064815
0 13938 0.334635 0.598611 0.089063 0.069444
0 13939 0.553125 0.240741 0.035417 0.035185
0 13940 0.267448 0.743519 0.144271 0.100000
0 13941 0.397656 0.274537 0.032813 0.032407
0 13942 0.553646 0.397685 0.037500 0.036111
0 13943 0.545573 0.298148 0.034896 0.033333
0 13944 0.516927 0.731944 0.138021 0.108333
0 13945 0.548438 0.482870 0.071875 0.062037
