0 13279 0.589323 0.493519 0.040104 0.038889
0 13280 0.426302 0.084259 0.019271 0.024074
0 13281 0.541406 0.531944 0.065104 0.058333
0 13282 0.420052 0.477778 0.057813 0.042593
0 13283 0.378385 0.347685 0.035937 0.036111
0 13284 0.558854 0.163426 0.025000 0.034259
0 13285 0.301563 0.637963 0.105208 0.094444
0 13286 0.525521 0.573148 0.100000 0.081481
0 13287 0.396094 0.500000 0.040104 0.050000
0 13288 0.454427 0.441204 0.040104 0.039815
0 13289 0.420573 0.371296 0.041146 0.038889
0 13290 0.466667 0.698611 0.145833 0.115741
0 13291 0.416927 0.142593 0.022396 0.025926
0 13292 0.600260 0.116204 0.016146 0.023148
0 13293 0.364063 0.501389 0.075000 0.062037
0 13294 0.342448 0.562037 0.080729 0.064815
0 13295 0.555208 0.228241 0.034375 0.037963
0 13296 0.274479 0.700000 0.139583 0.101852
0 13297 0.395833 0.249074 0.032292 0.031481
0 13298 0.554427 0.375463 0.036979 0.036111
0 13299 0.543750 0.281481 0.035417 0.033333
0 13300 0.522917 0.672685 0.133333 0.100926
0 13301 0.555469 0.456481 0.069271 0.055556
