0 14774 0.572656 0.538426 0.038021 0.043519
0 14775 0.432292 0.139815 0.021875 0.025926
0 14776 0.546875 0.628704 0.069792 0.066667
0 14777 0.406771 0.541204 0.059375 0.049074
0 14778 0.396354 0.400000 0.036458 0.037037
0 14779 0.564323 0.226852 0.026562 0.038889
0 14780 0.296875 0.728241 0.118750 0.095370
0 14781 0.514583 0.667130 0.103125 0.087963
0 14782 0.384896 0.553241 0.056250 0.058333
0 14783 0.452344 0.510185 0.041146 0.042593
0 14784 0.434375 0.417130 0.043750 0.037963
0 14785 0.449740 0.735648 0.157812 0.117593
0 14786 0.431250 0.210185 0.022917 0.031481
0 14787 0.595313 0.160648 0.021875 0.028704
0 14788 0.349479 0.587037 0.081250 0.066667
0 14789 0.320573 0.666667 0.094271 0.072222
0 14790 0.554167 0.257870 0.037500 0.034259
0 14791 0.253125 0.788889 0.154167 0.109259
0 14792 0.401302 0.302315 0.032813 0.032407
0 14793 0.557031 0.449074 0.038021 0.038889
0 14794 0.559896 0.313426 0.034375 0.036111
0 14795 0.523177 0.759722 0.128646 0.115741
0 14796 0.553906 0.531481 0.073438 0.068519
