0 14452 0.572396 0.530093 0.034375 0.039815
0 14453 0.430990 0.130556 0.021354 0.024074
0 14454 0.542188 0.602778 0.069792 0.066667
0 14455 0.406771 0.526852 0.059375 0.048148
0 14456 0.394271 0.396759 0.036458 0.036111
0 14457 0.563021 0.222685 0.025000 0.036111
0 14458 0.294010 0.718056 0.113021 0.095370
0 14459 0.520312 0.648148 0.113542 0.088889
0 14460 0.386198 0.537500 0.053646 0.050926
0 14461 0.452865 0.500000 0.040104 0.040741
0 14462 0.435417 0.405556 0.042708 0.040741
0 14463 0.453385 0.736574 0.157812 0.117593
0 14464 0.429688 0.203704 0.021875 0.029630
0 14465 0.597917 0.150463 0.021875 0.028704
0 14466 0.352865 0.566667 0.079687 0.064815
0 14467 0.323698 0.637963 0.089063 0.070370
0 14468 0.553646 0.255556 0.036458 0.035185
0 14469 0.259635 0.775926 0.149479 0.103704
0 14470 0.398177 0.291667 0.032813 0.031481
0 14471 0.554948 0.431944 0.038021 0.037963
0 14472 0.554688 0.308796 0.034375 0.034259
0 14473 0.525260 0.751852 0.128646 0.114815
0 14474 0.549740 0.512963 0.072396 0.066667
