0 13578 0.582812 0.504167 0.040625 0.041667
0 13579 0.427865 0.096759 0.019271 0.023148
0 13580 0.534115 0.545833 0.065104 0.065741
0 13581 0.413802 0.486111 0.058854 0.044444
0 13582 0.381771 0.360648 0.036458 0.036111
0 13583 0.560417 0.180556 0.023958 0.037037
0 13584 0.296875 0.656944 0.108333 0.097222
0 13585 0.525260 0.593981 0.102604 0.082407
0 13586 0.396094 0.512500 0.040104 0.049074
0 13587 0.456510 0.460648 0.040104 0.039815
0 13588 0.428385 0.383333 0.041146 0.040741
0 13589 0.466406 0.718519 0.149479 0.116667
0 13590 0.421875 0.159259 0.021875 0.025926
0 13591 0.601562 0.125463 0.016667 0.023148
0 13592 0.365104 0.518519 0.076042 0.064815
0 13593 0.337240 0.581481 0.086979 0.068519
0 13594 0.553385 0.232870 0.034896 0.036111
0 13595 0.271354 0.723611 0.139583 0.102778
0 13596 0.398958 0.263889 0.032292 0.031481
0 13597 0.553125 0.381019 0.037500 0.036111
0 13598 0.544792 0.290741 0.035417 0.033333
0 13599 0.521875 0.702315 0.137500 0.100926
0 13600 0.551042 0.467130 0.069792 0.056481
