0 14866 0.573177 0.543056 0.039062 0.043519
0 14867 0.432552 0.143056 0.021354 0.025000
0 14868 0.547917 0.637500 0.069792 0.067593
0 14869 0.406771 0.545370 0.059375 0.048148
0 14870 0.396875 0.400926 0.036458 0.037037
0 14871 0.565365 0.227778 0.026562 0.038889
0 14872 0.296094 0.730093 0.120313 0.095370
0 14873 0.512240 0.672222 0.100521 0.088889
0 14874 0.384635 0.557870 0.056771 0.060185
0 14875 0.451823 0.512963 0.041146 0.042593
0 14876 0.433333 0.419907 0.043750 0.037963
0 14877 0.449740 0.736574 0.157812 0.117593
0 14878 0.431771 0.211574 0.022917 0.030556
0 14879 0.594792 0.163426 0.021875 0.028704
0 14880 0.349219 0.593519 0.081771 0.068519
0 14881 0.319271 0.671296 0.095833 0.072222
0 14882 0.554427 0.258796 0.038021 0.034259
0 14883 0.251302 0.791204 0.150521 0.110185
0 14884 0.401562 0.305093 0.032292 0.032407
0 14885 0.557031 0.452778 0.038021 0.038889
0 14886 0.561458 0.315741 0.034375 0.037037
0 14887 0.523177 0.762037 0.128646 0.114815
0 14888 0.554427 0.537037 0.073438 0.068519
