0 15165 0.566927 0.553241 0.038021 0.043519
0 15166 0.436198 0.151389 0.020313 0.025000
0 15167 0.548438 0.667130 0.069792 0.069444
0 15168 0.406250 0.558333 0.059375 0.048148
0 15169 0.400521 0.406481 0.036458 0.037037
0 15170 0.568229 0.227778 0.025000 0.038889
0 15171 0.293750 0.734722 0.128125 0.093519
0 15172 0.510677 0.685185 0.108854 0.088889
0 15173 0.382552 0.572222 0.059896 0.057407
0 15174 0.451042 0.521296 0.041667 0.044444
0 15175 0.433333 0.432407 0.043750 0.038889
0 15176 0.448698 0.748611 0.157812 0.113889
0 15177 0.434375 0.215741 0.022917 0.031481
0 15178 0.592708 0.175463 0.021875 0.028704
0 15179 0.346615 0.609259 0.084896 0.072222
0 15180 0.314063 0.679630 0.095833 0.074074
0 15181 0.556510 0.264815 0.038021 0.038889
0 15182 0.243490 0.794907 0.138021 0.110185
0 15183 0.404948 0.315278 0.032813 0.034259
0 15184 0.557813 0.467130 0.038542 0.039815
0 15185 0.566146 0.325000 0.035417 0.037037
0 15186 0.521354 0.770370 0.131250 0.111111
0 15187 0.554688 0.555556 0.073958 0.068519
