0 15050 0.572135 0.551389 0.040104 0.043519
0 15051 0.435417 0.150000 0.020833 0.024074
0 15052 0.548958 0.656481 0.069792 0.070370
0 15053 0.406771 0.553241 0.059375 0.047222
0 15054 0.398958 0.404630 0.036458 0.037037
0 15055 0.567187 0.228704 0.026042 0.038889
0 15056 0.295052 0.731019 0.126562 0.097222
0 15057 0.508854 0.681481 0.102083 0.088889
0 15058 0.383073 0.567130 0.057813 0.058333
0 15059 0.451562 0.518519 0.041667 0.044444
0 15060 0.432292 0.427778 0.043750 0.038889
0 15061 0.451823 0.740278 0.157812 0.117593
0 15062 0.432812 0.215278 0.022917 0.030556
0 15063 0.593229 0.170833 0.021875 0.028704
0 15064 0.348177 0.605093 0.084896 0.073148
0 15065 0.315104 0.675926 0.095833 0.072222
0 15066 0.554688 0.263426 0.038542 0.037963
0 15067 0.249219 0.794907 0.138021 0.110185
0 15068 0.404167 0.312037 0.032292 0.033333
0 15069 0.558073 0.462037 0.038021 0.038889
0 15070 0.564063 0.323148 0.035417 0.037037
0 15071 0.522917 0.767593 0.128125 0.111111
0 15072 0.554688 0.549074 0.073958 0.068519
