0 13900 0.578646 0.513889 0.039583 0.038889
0 13901 0.428906 0.109722 0.021354 0.025000
0 13902 0.533333 0.554167 0.065625 0.065741
0 13903 0.409896 0.499074 0.059375 0.046296
0 13904 0.384375 0.377315 0.036458 0.036111
0 13905 0.562500 0.199074 0.021875 0.037037
0 13906 0.297656 0.678241 0.111979 0.097222
0 13907 0.523698 0.610648 0.107813 0.082407
0 13908 0.395313 0.522222 0.046875 0.048148
0 13909 0.456510 0.479630 0.040104 0.040741
0 13910 0.434896 0.392593 0.041667 0.042593
0 13911 0.463281 0.733333 0.154688 0.116667
0 13912 0.426042 0.176852 0.020833 0.025926
0 13913 0.602604 0.133796 0.019792 0.023148
0 13914 0.364323 0.537037 0.075521 0.064815
0 13915 0.335677 0.597685 0.089063 0.069444
0 13916 0.553125 0.240741 0.035417 0.035185
0 13917 0.267708 0.743056 0.144792 0.100926
0 13918 0.397656 0.274537 0.032813 0.032407
0 13919 0.554167 0.395833 0.037500 0.036111
0 13920 0.545833 0.298148 0.035417 0.033333
0 13921 0.515885 0.731019 0.139063 0.108333
0 13922 0.548958 0.480556 0.071875 0.061111
