0 14567 0.574740 0.530093 0.039062 0.039815
0 14568 0.431510 0.133796 0.021354 0.025000
0 14569 0.542708 0.611111 0.069792 0.066667
0 14570 0.406771 0.531944 0.059375 0.049074
0 14571 0.396354 0.398611 0.036458 0.036111
0 14572 0.563281 0.225463 0.025521 0.037963
0 14573 0.296354 0.722685 0.117708 0.095370
0 14574 0.520573 0.656944 0.114062 0.087963
0 14575 0.385417 0.542130 0.054167 0.050926
0 14576 0.452604 0.503241 0.040625 0.041667
0 14577 0.435937 0.409722 0.042708 0.039815
0 14578 0.453385 0.735648 0.157812 0.117593
0 14579 0.430469 0.209722 0.022396 0.032407
0 14580 0.597396 0.154167 0.021875 0.028704
0 14581 0.350000 0.573148 0.082292 0.064815
0 14582 0.322656 0.648611 0.089063 0.071296
0 14583 0.553646 0.256944 0.036458 0.034259
0 14584 0.257812 0.781944 0.153125 0.106481
0 14585 0.400260 0.296759 0.032813 0.032407
0 14586 0.556510 0.438889 0.038021 0.038889
0 14587 0.556250 0.310185 0.034375 0.035185
0 14588 0.525260 0.755556 0.128646 0.114815
0 14589 0.550521 0.518981 0.072917 0.067593
