0 14820 0.572917 0.541204 0.038542 0.043519
0 14821 0.432292 0.141667 0.021875 0.025926
0 14822 0.547917 0.633796 0.069792 0.067593
0 14823 0.406771 0.543981 0.059375 0.049074
0 14824 0.396354 0.400926 0.036458 0.037037
0 14825 0.565104 0.227778 0.027083 0.038889
0 14826 0.297135 0.730093 0.119271 0.095370
0 14827 0.513281 0.670370 0.100521 0.088889
0 14828 0.384635 0.555093 0.056771 0.060185
0 14829 0.451823 0.512037 0.041146 0.042593
0 14830 0.433854 0.418981 0.043750 0.037963
0 14831 0.449219 0.736574 0.157812 0.117593
0 14832 0.431771 0.210648 0.022917 0.030556
0 14833 0.595313 0.161574 0.021875 0.028704
0 14834 0.350000 0.591204 0.081250 0.067593
0 14835 0.320312 0.670370 0.095833 0.072222
0 14836 0.554427 0.258796 0.038021 0.034259
0 14837 0.252083 0.791204 0.154167 0.110185
0 14838 0.401302 0.303241 0.032813 0.032407
0 14839 0.557031 0.450926 0.038021 0.038889
0 14840 0.560937 0.314815 0.034375 0.037037
0 14841 0.523177 0.760648 0.128646 0.115741
0 14842 0.554948 0.533333 0.073438 0.068519
