0 13762 0.582292 0.508796 0.039583 0.039815
0 13763 0.428385 0.103241 0.020313 0.023148
0 13764 0.532813 0.550926 0.065625 0.068519
0 13765 0.411198 0.493056 0.058854 0.045370
0 13766 0.383854 0.369907 0.036458 0.036111
0 13767 0.561198 0.190741 0.022396 0.037037
0 13768 0.297656 0.669444 0.111979 0.096296
0 13769 0.524219 0.604167 0.104688 0.082407
0 13770 0.395833 0.518519 0.042708 0.048148
0 13771 0.456510 0.471296 0.040104 0.040741
0 13772 0.432292 0.388889 0.041667 0.040741
0 13773 0.466406 0.727778 0.154688 0.116667
0 13774 0.423958 0.169444 0.020833 0.025926
0 13775 0.602344 0.131019 0.018229 0.023148
0 13776 0.364844 0.528704 0.075521 0.064815
0 13777 0.336719 0.591204 0.088021 0.069444
0 13778 0.552865 0.236111 0.034896 0.035185
0 13779 0.269792 0.735185 0.140625 0.101852
0 13780 0.398958 0.270370 0.032292 0.031481
0 13781 0.553646 0.389352 0.037500 0.036111
0 13782 0.545833 0.295370 0.035417 0.033333
0 13783 0.519271 0.718981 0.139583 0.104630
0 13784 0.548958 0.475463 0.070833 0.058333
