0 13417 0.585156 0.496759 0.040104 0.041667
0 13418 0.428125 0.089352 0.018750 0.023148
0 13419 0.537240 0.540741 0.065104 0.059259
0 13420 0.416146 0.481019 0.058333 0.043519
0 13421 0.378906 0.353241 0.035937 0.036111
0 13422 0.559896 0.169907 0.025000 0.036111
0 13423 0.296354 0.645370 0.103125 0.098148
0 13424 0.525521 0.582407 0.102083 0.081481
0 13425 0.396094 0.505556 0.040104 0.050000
0 13426 0.457031 0.450926 0.040104 0.038889
0 13427 0.424219 0.378241 0.041146 0.039815
0 13428 0.463021 0.709722 0.142708 0.115741
0 13429 0.420052 0.150000 0.022396 0.025926
0 13430 0.600260 0.120833 0.016146 0.023148
0 13431 0.364583 0.509722 0.076042 0.063889
0 13432 0.338021 0.572685 0.085417 0.067593
0 13433 0.554167 0.230093 0.034375 0.036111
0 13434 0.271094 0.712037 0.142187 0.103704
0 13435 0.396875 0.255556 0.032292 0.031481
0 13436 0.552865 0.375463 0.036979 0.036111
0 13437 0.543750 0.287037 0.035417 0.033333
0 13438 0.522917 0.686574 0.133333 0.100926
0 13439 0.554427 0.461574 0.069271 0.056481
