0 14889 0.572656 0.543981 0.039062 0.043519
0 14890 0.433073 0.143981 0.021354 0.025000
0 14891 0.547917 0.639352 0.069792 0.067593
0 14892 0.406771 0.546296 0.059375 0.048148
0 14893 0.397396 0.401852 0.036458 0.037037
0 14894 0.565365 0.227778 0.026562 0.038889
0 14895 0.296094 0.730093 0.121354 0.095370
0 14896 0.511979 0.673148 0.101042 0.088889
0 14897 0.384115 0.559722 0.056771 0.060185
0 14898 0.451823 0.513889 0.041146 0.042593
0 14899 0.433333 0.420833 0.043750 0.037963
0 14900 0.449740 0.737500 0.157812 0.117593
0 14901 0.431771 0.211574 0.022917 0.030556
0 14902 0.594271 0.164352 0.021875 0.028704
0 14903 0.348958 0.594444 0.082292 0.068519
0 14904 0.318750 0.671296 0.095833 0.072222
0 14905 0.554427 0.260185 0.038021 0.035185
0 14906 0.251042 0.792130 0.148958 0.110185
0 14907 0.402083 0.305093 0.032292 0.032407
0 14908 0.557031 0.454630 0.038021 0.038889
0 14909 0.561458 0.316667 0.034375 0.037037
0 14910 0.523177 0.762963 0.128646 0.114815
0 14911 0.554427 0.537963 0.073438 0.068519
