0 13739 0.582292 0.508333 0.039583 0.038889
0 13740 0.428385 0.102315 0.020313 0.023148
0 13741 0.532813 0.550000 0.065625 0.068519
0 13742 0.411719 0.492130 0.058854 0.045370
0 13743 0.383854 0.368981 0.036458 0.036111
0 13744 0.560937 0.189815 0.022917 0.037037
0 13745 0.297656 0.667593 0.111979 0.096296
0 13746 0.524479 0.603241 0.104167 0.082407
0 13747 0.396094 0.518519 0.042188 0.048148
0 13748 0.456510 0.470370 0.040104 0.040741
0 13749 0.431771 0.387963 0.041667 0.040741
0 13750 0.466927 0.726852 0.154688 0.116667
0 13751 0.423438 0.167593 0.020833 0.025926
0 13752 0.602083 0.130093 0.017708 0.023148
0 13753 0.365365 0.527778 0.075521 0.064815
0 13754 0.336719 0.590278 0.088021 0.069444
0 13755 0.552865 0.236111 0.034896 0.035185
0 13756 0.270313 0.734259 0.139583 0.101852
0 13757 0.399479 0.270370 0.032292 0.031481
0 13758 0.553646 0.388426 0.037500 0.036111
0 13759 0.545833 0.294444 0.035417 0.033333
0 13760 0.519792 0.716667 0.139583 0.103704
0 13761 0.548958 0.474537 0.070833 0.058333
