0 15211 0.564844 0.553241 0.036979 0.043519
0 15212 0.435937 0.152315 0.019792 0.025000
0 15213 0.548438 0.671296 0.069792 0.068519
0 15214 0.406250 0.560185 0.059375 0.048148
0 15215 0.401042 0.406481 0.036458 0.037037
0 15216 0.568490 0.227778 0.024479 0.038889
0 15217 0.293490 0.735648 0.128646 0.091667
0 15218 0.510938 0.686111 0.111458 0.088889
0 15219 0.382031 0.574074 0.060937 0.057407
0 15220 0.451042 0.522222 0.041667 0.044444
0 15221 0.433854 0.434259 0.043750 0.038889
0 15222 0.447135 0.752315 0.157812 0.112037
0 15223 0.434896 0.216204 0.022917 0.032407
0 15224 0.592708 0.177315 0.021875 0.028704
0 15225 0.345573 0.611111 0.084896 0.072222
0 15226 0.313542 0.680556 0.095833 0.074074
0 15227 0.557552 0.264815 0.038021 0.038889
0 15228 0.240885 0.794907 0.138021 0.110185
0 15229 0.404948 0.317130 0.032813 0.034259
0 15230 0.558073 0.469444 0.039062 0.040741
0 15231 0.567187 0.325000 0.035417 0.037037
0 15232 0.520833 0.771296 0.132292 0.111111
0 15233 0.554688 0.557407 0.073958 0.068519
