0 13532 0.583333 0.502315 0.040625 0.041667
0 13533 0.428385 0.094907 0.019271 0.023148
0 13534 0.534635 0.544907 0.065104 0.063889
0 13535 0.414323 0.484259 0.058854 0.044444
0 13536 0.381250 0.358796 0.036458 0.036111
0 13537 0.559896 0.177778 0.023958 0.037037
0 13538 0.296354 0.653241 0.106250 0.097222
0 13539 0.525260 0.590278 0.102604 0.082407
0 13540 0.396094 0.511111 0.040104 0.050000
0 13541 0.457031 0.457407 0.040104 0.038889
0 13542 0.427344 0.382407 0.041146 0.040741
0 13543 0.465104 0.716667 0.146875 0.116667
0 13544 0.421354 0.156481 0.021875 0.025926
0 13545 0.600781 0.124537 0.016146 0.023148
0 13546 0.365104 0.516667 0.076042 0.064815
0 13547 0.337240 0.579630 0.086979 0.068519
0 13548 0.553385 0.231944 0.034896 0.036111
0 13549 0.270833 0.720370 0.140625 0.103704
0 13550 0.398438 0.261111 0.032292 0.031481
0 13551 0.553125 0.379167 0.037500 0.036111
0 13552 0.544271 0.289815 0.035417 0.033333
0 13553 0.522135 0.697685 0.135937 0.100926
0 13554 0.552083 0.465278 0.069792 0.056481
