0 15119 0.568750 0.552315 0.038542 0.043519
0 15120 0.435677 0.150000 0.020313 0.024074
0 15121 0.548438 0.662500 0.069792 0.069444
0 15122 0.406771 0.556019 0.059375 0.047222
0 15123 0.400000 0.405556 0.036458 0.037037
0 15124 0.567187 0.227778 0.025000 0.038889
0 15125 0.293750 0.732407 0.127083 0.094444
0 15126 0.509635 0.683333 0.105729 0.088889
0 15127 0.382552 0.570833 0.058854 0.058333
0 15128 0.451562 0.520370 0.041667 0.044444
0 15129 0.432812 0.430556 0.043750 0.038889
0 15130 0.449740 0.744444 0.157812 0.114815
0 15131 0.433854 0.215741 0.022917 0.031481
0 15132 0.592708 0.173611 0.021875 0.028704
0 15133 0.347135 0.607407 0.084896 0.072222
0 15134 0.314063 0.677315 0.095833 0.073148
0 15135 0.555469 0.263426 0.038021 0.037963
0 15136 0.245573 0.794907 0.138021 0.110185
0 15137 0.404687 0.314352 0.032292 0.034259
0 15138 0.557552 0.465278 0.038021 0.039815
0 15139 0.565104 0.324074 0.035417 0.037037
0 15140 0.521875 0.769444 0.130208 0.111111
0 15141 0.554688 0.552778 0.073958 0.068519
