0 14268 0.576823 0.521759 0.040104 0.041667
0 14269 0.430990 0.125000 0.021354 0.024074
0 14270 0.539062 0.586574 0.069792 0.065741
0 14271 0.407292 0.517130 0.059375 0.047222
0 14272 0.391667 0.391667 0.036458 0.035185
0 14273 0.563281 0.216667 0.023438 0.035185
0 14274 0.294010 0.705093 0.113021 0.095370
0 14275 0.519792 0.634722 0.107292 0.089815
0 14276 0.387240 0.530556 0.052604 0.050000
0 14277 0.452865 0.493519 0.040104 0.040741
0 14278 0.435417 0.400463 0.042708 0.041667
0 14279 0.456510 0.735648 0.156771 0.117593
0 14280 0.428646 0.194907 0.020833 0.026852
0 14281 0.599219 0.143981 0.021354 0.028704
0 14282 0.357031 0.556481 0.076563 0.064815
0 14283 0.326823 0.622685 0.089063 0.069444
0 14284 0.553385 0.251389 0.035937 0.036111
0 14285 0.262760 0.765278 0.145313 0.100926
0 14286 0.397135 0.285185 0.032813 0.031481
0 14287 0.553646 0.420833 0.037500 0.037963
0 14288 0.551823 0.305556 0.034896 0.033333
0 14289 0.525260 0.746296 0.126562 0.112963
0 14290 0.548438 0.502315 0.071875 0.063889
