0 14797 0.572917 0.540278 0.038542 0.043519
0 14798 0.432292 0.140741 0.021875 0.025926
0 14799 0.547396 0.630556 0.069792 0.066667
0 14800 0.406771 0.542130 0.059375 0.049074
0 14801 0.396354 0.400000 0.036458 0.037037
0 14802 0.564323 0.226852 0.026562 0.038889
0 14803 0.296875 0.729167 0.118750 0.095370
0 14804 0.513802 0.668056 0.101562 0.087963
0 14805 0.384896 0.554630 0.056250 0.059259
0 14806 0.451823 0.511111 0.041146 0.042593
0 14807 0.433854 0.418056 0.043750 0.037963
0 14808 0.449219 0.735648 0.157812 0.117593
0 14809 0.431250 0.209722 0.022917 0.030556
0 14810 0.595313 0.161574 0.021875 0.028704
0 14811 0.349479 0.588889 0.081250 0.066667
0 14812 0.320312 0.668519 0.094792 0.072222
0 14813 0.554167 0.258796 0.037500 0.034259
0 14814 0.252604 0.789815 0.154167 0.109259
0 14815 0.401302 0.302315 0.032813 0.032407
0 14816 0.557031 0.450000 0.038021 0.038889
0 14817 0.560417 0.313426 0.034375 0.036111
0 14818 0.523177 0.759722 0.128646 0.115741
0 14819 0.554427 0.532407 0.073438 0.068519
