0 14981 0.573177 0.548611 0.040104 0.043519
0 14982 0.433854 0.147222 0.020833 0.024074
0 14983 0.548438 0.649537 0.069792 0.069444
0 14984 0.406771 0.549537 0.059375 0.047222
0 14985 0.398438 0.402778 0.036458 0.037037
0 14986 0.566146 0.227778 0.026042 0.038889
0 14987 0.295312 0.730556 0.123958 0.096296
0 14988 0.510156 0.677778 0.101562 0.088889
0 14989 0.383854 0.563889 0.057292 0.059259
0 14990 0.451823 0.516204 0.041146 0.043519
0 14991 0.432812 0.424537 0.043750 0.037963
0 14992 0.450781 0.738426 0.157812 0.117593
0 14993 0.432292 0.213426 0.022917 0.030556
0 14994 0.593750 0.168056 0.021875 0.028704
0 14995 0.348438 0.600463 0.083333 0.071296
0 14996 0.316667 0.674074 0.095833 0.072222
0 14997 0.554427 0.261574 0.038021 0.036111
0 14998 0.250000 0.793056 0.142708 0.110185
0 14999 0.403125 0.309259 0.032292 0.033333
0 15000 0.557552 0.458333 0.038021 0.038889
0 15001 0.562760 0.320370 0.034896 0.037037
0 15002 0.523177 0.765741 0.128646 0.112963
0 15003 0.554427 0.544444 0.073438 0.068519
