0 13256 0.589844 0.492593 0.040104 0.038889
0 13257 0.426302 0.083333 0.019271 0.024074
0 13258 0.542448 0.531019 0.065104 0.058333
0 13259 0.420573 0.477778 0.057813 0.042593
0 13260 0.378385 0.346759 0.035937 0.036111
0 13261 0.558854 0.162500 0.025000 0.034259
0 13262 0.302344 0.637037 0.105729 0.094444
0 13263 0.525521 0.571296 0.100000 0.081481
0 13264 0.396094 0.499074 0.040104 0.050000
0 13265 0.453906 0.440278 0.040104 0.039815
0 13266 0.419531 0.370370 0.041146 0.038889
0 13267 0.467448 0.696759 0.146354 0.115741
0 13268 0.416406 0.141667 0.022396 0.025926
0 13269 0.600260 0.116204 0.016146 0.023148
0 13270 0.364063 0.500000 0.075000 0.061111
0 13271 0.343229 0.559722 0.080208 0.063889
0 13272 0.555208 0.228241 0.034375 0.037963
0 13273 0.274740 0.697685 0.139063 0.100926
0 13274 0.395313 0.248148 0.032292 0.031481
0 13275 0.554948 0.375463 0.036979 0.036111
0 13276 0.543750 0.280556 0.035417 0.033333
0 13277 0.522917 0.669907 0.133333 0.100926
0 13278 0.555469 0.455556 0.069271 0.055556
