0 13348 0.587240 0.494907 0.040104 0.039815
0 13349 0.427083 0.086574 0.018750 0.023148
0 13350 0.539323 0.537037 0.065104 0.059259
0 13351 0.418229 0.479630 0.058333 0.042593
0 13352 0.378906 0.350463 0.035937 0.036111
0 13353 0.559375 0.166667 0.025000 0.035185
0 13354 0.298958 0.641667 0.104167 0.096296
0 13355 0.525521 0.577778 0.101042 0.081481
0 13356 0.396094 0.502778 0.040104 0.050000
0 13357 0.455469 0.446296 0.040104 0.038889
0 13358 0.422135 0.374537 0.041146 0.039815
0 13359 0.464844 0.704167 0.144271 0.115741
0 13360 0.418490 0.146296 0.022396 0.025926
0 13361 0.600260 0.118981 0.016146 0.023148
0 13362 0.364323 0.505556 0.075521 0.062963
0 13363 0.340104 0.567130 0.083333 0.065741
0 13364 0.554688 0.229630 0.034375 0.037037
0 13365 0.272917 0.706019 0.140625 0.102778
0 13366 0.396354 0.252778 0.032292 0.031481
0 13367 0.553906 0.375463 0.036979 0.036111
0 13368 0.543750 0.284259 0.035417 0.033333
0 13369 0.522917 0.679167 0.133333 0.100926
0 13370 0.554948 0.458796 0.069271 0.056481
