0 14038 0.579167 0.515278 0.040625 0.039815
0 14039 0.430469 0.114815 0.021354 0.024074
0 14040 0.533854 0.564815 0.067708 0.064815
0 14041 0.409375 0.504630 0.059375 0.046296
0 14042 0.388021 0.382870 0.036458 0.034259
0 14043 0.563021 0.206481 0.021875 0.037037
0 14044 0.296354 0.686574 0.115625 0.097222
0 14045 0.521094 0.618981 0.102604 0.086111
0 14046 0.390625 0.524074 0.050000 0.048148
0 14047 0.454427 0.485185 0.040104 0.040741
0 14048 0.435417 0.395370 0.042708 0.042593
0 14049 0.461719 0.731481 0.154688 0.116667
0 14050 0.427604 0.183333 0.020833 0.025926
0 14051 0.601302 0.137037 0.020313 0.025926
0 14052 0.361719 0.543519 0.075521 0.064815
0 14053 0.332031 0.606944 0.089063 0.069444
0 14054 0.553125 0.243519 0.035417 0.035185
0 14055 0.266146 0.751852 0.143750 0.100000
0 14056 0.397656 0.278241 0.032813 0.032407
0 14057 0.553646 0.405556 0.037500 0.037037
0 14058 0.547656 0.300926 0.034896 0.033333
0 14059 0.522396 0.736574 0.130208 0.108333
0 14060 0.548438 0.489352 0.071875 0.062037
