0 14222 0.577344 0.521296 0.040104 0.040741
0 14223 0.430990 0.123148 0.021354 0.024074
0 14224 0.537500 0.581481 0.069792 0.064815
0 14225 0.407813 0.514352 0.059375 0.047222
0 14226 0.391146 0.390278 0.036458 0.034259
0 14227 0.563542 0.215278 0.022917 0.036111
0 14228 0.294531 0.700926 0.115104 0.096296
0 14229 0.519531 0.631019 0.104688 0.089815
0 14230 0.386979 0.528241 0.052083 0.049074
0 14231 0.452865 0.492593 0.040104 0.040741
0 14232 0.435417 0.398611 0.042708 0.041667
0 14233 0.457552 0.733796 0.155729 0.117593
0 14234 0.428646 0.193056 0.020833 0.026852
0 14235 0.599479 0.142130 0.020833 0.028704
0 14236 0.358594 0.553704 0.076563 0.064815
0 14237 0.327865 0.619907 0.089063 0.069444
0 14238 0.553385 0.249537 0.035937 0.036111
0 14239 0.263542 0.762963 0.144792 0.100000
0 14240 0.397135 0.283796 0.032813 0.032407
0 14241 0.553646 0.417130 0.037500 0.037963
0 14242 0.550781 0.304630 0.034896 0.033333
0 14243 0.526042 0.744444 0.126042 0.111111
0 14244 0.548438 0.499537 0.071875 0.063889
