0 15487 0.566146 0.561574 0.053125 0.043519
0 15488 0.436979 0.154630 0.019792 0.025926
0 15489 0.547917 0.692593 0.069792 0.068519
0 15490 0.404687 0.569907 0.059375 0.050926
0 15491 0.404427 0.413889 0.035937 0.038889
0 15492 0.569792 0.230556 0.025000 0.038889
0 15493 0.292969 0.749074 0.133854 0.094444
0 15494 0.505729 0.698148 0.102083 0.088889
0 15495 0.381250 0.586574 0.067708 0.058333
0 15496 0.450260 0.530556 0.042188 0.040741
0 15497 0.433854 0.446296 0.043750 0.038889
0 15498 0.452604 0.763426 0.151042 0.110185
0 15499 0.439323 0.216204 0.022396 0.032407
0 15500 0.590625 0.188426 0.021875 0.028704
0 15501 0.340365 0.625000 0.084896 0.072222
0 15502 0.309635 0.694907 0.096354 0.080556
0 15503 0.559635 0.270833 0.038021 0.037963
0 15504 0.230990 0.801852 0.140104 0.109259
0 15505 0.405208 0.325000 0.033333 0.035185
0 15506 0.558333 0.482870 0.040625 0.041667
0 15507 0.571875 0.335648 0.035417 0.037963
0 15508 0.523177 0.781019 0.131771 0.110185
0 15509 0.551823 0.573148 0.074479 0.068519
