0 15303 0.563542 0.555093 0.039583 0.043519
0 15304 0.436979 0.153704 0.019792 0.025926
0 15305 0.547917 0.679630 0.069792 0.068519
0 15306 0.405729 0.563426 0.059375 0.049074
0 15307 0.401823 0.408333 0.035937 0.037037
0 15308 0.569271 0.227778 0.023958 0.038889
0 15309 0.292448 0.739352 0.129688 0.089815
0 15310 0.511719 0.689815 0.114062 0.088889
0 15311 0.382031 0.578704 0.063021 0.057407
0 15312 0.450781 0.524537 0.042188 0.043519
0 15313 0.434115 0.437963 0.043229 0.038889
0 15314 0.446094 0.757870 0.156771 0.110185
0 15315 0.436458 0.216204 0.022917 0.032407
0 15316 0.592187 0.180093 0.021875 0.028704
0 15317 0.344531 0.615741 0.084896 0.072222
0 15318 0.312760 0.684259 0.096354 0.075926
0 15319 0.559115 0.265741 0.038021 0.038889
0 15320 0.236198 0.794907 0.138021 0.110185
0 15321 0.405729 0.319444 0.033333 0.035185
0 15322 0.557813 0.473611 0.039583 0.041667
0 15323 0.568750 0.328241 0.035417 0.037963
0 15324 0.520052 0.773611 0.133854 0.110185
0 15325 0.554167 0.562963 0.073958 0.068519
