0 14590 0.572656 0.529167 0.035937 0.043519
0 14591 0.432292 0.135185 0.021875 0.025926
0 14592 0.543229 0.612963 0.069792 0.066667
0 14593 0.406771 0.533796 0.059375 0.049074
0 14594 0.396354 0.400000 0.036458 0.037037
0 14595 0.564063 0.226852 0.026042 0.038889
0 14596 0.296875 0.724537 0.118750 0.095370
0 14597 0.520833 0.658796 0.114583 0.087963
0 14598 0.385156 0.543056 0.054688 0.050926
0 14599 0.452344 0.504630 0.041146 0.042593
0 14600 0.435937 0.410648 0.042708 0.039815
0 14601 0.453906 0.735648 0.157812 0.117593
0 14602 0.430990 0.210648 0.022396 0.032407
0 14603 0.597396 0.154167 0.021875 0.028704
0 14604 0.350000 0.575000 0.083333 0.064815
0 14605 0.322917 0.651389 0.089583 0.071296
0 14606 0.553646 0.257870 0.036458 0.034259
0 14607 0.257812 0.783333 0.154167 0.107407
0 14608 0.400781 0.297685 0.032813 0.032407
0 14609 0.557031 0.439815 0.038021 0.038889
0 14610 0.556771 0.311111 0.034375 0.035185
0 14611 0.525260 0.756481 0.128646 0.114815
0 14612 0.551302 0.520370 0.073438 0.068519
