0 14636 0.572917 0.531019 0.036458 0.043519
0 14637 0.432292 0.136111 0.021875 0.025926
0 14638 0.543750 0.616667 0.069792 0.066667
0 14639 0.406771 0.535648 0.059375 0.049074
0 14640 0.396354 0.400000 0.036458 0.037037
0 14641 0.564063 0.226852 0.026042 0.038889
0 14642 0.296875 0.725463 0.118750 0.095370
0 14643 0.518750 0.660648 0.111458 0.087963
0 14644 0.385156 0.545833 0.054688 0.052778
0 14645 0.452344 0.506481 0.041146 0.042593
0 14646 0.435677 0.412037 0.043229 0.038889
0 14647 0.452865 0.735648 0.157812 0.117593
0 14648 0.431250 0.210648 0.022917 0.032407
0 14649 0.596875 0.156019 0.021875 0.028704
0 14650 0.349740 0.577778 0.082812 0.064815
0 14651 0.321875 0.655093 0.090625 0.071296
0 14652 0.553646 0.257870 0.036458 0.034259
0 14653 0.256771 0.784259 0.154167 0.107407
0 14654 0.400781 0.298611 0.032813 0.032407
0 14655 0.557031 0.441667 0.038021 0.038889
0 14656 0.557292 0.311111 0.034375 0.035185
0 14657 0.524740 0.757870 0.128646 0.115741
0 14658 0.551823 0.523148 0.073438 0.068519
