0 14912 0.572917 0.545833 0.039583 0.043519
0 14913 0.433073 0.144907 0.021354 0.025000
0 14914 0.547917 0.642593 0.069792 0.068519
0 14915 0.406771 0.547222 0.059375 0.048148
0 14916 0.397396 0.401852 0.036458 0.037037
0 14917 0.565885 0.227778 0.026562 0.038889
0 14918 0.295833 0.730093 0.121875 0.095370
0 14919 0.511458 0.674074 0.101042 0.088889
0 14920 0.384115 0.560648 0.056771 0.060185
0 14921 0.451823 0.513889 0.041146 0.042593
0 14922 0.432812 0.421759 0.043750 0.037963
0 14923 0.450260 0.737500 0.157812 0.117593
0 14924 0.431771 0.212500 0.022917 0.030556
0 14925 0.594271 0.165278 0.021875 0.028704
0 14926 0.348958 0.595833 0.082292 0.069444
0 14927 0.318229 0.672222 0.095833 0.072222
0 14928 0.554427 0.260185 0.038021 0.035185
0 14929 0.250781 0.792130 0.147396 0.110185
0 14930 0.402083 0.306019 0.032292 0.032407
0 14931 0.557031 0.455556 0.038021 0.038889
0 14932 0.561979 0.317593 0.034375 0.037037
0 14933 0.523177 0.763426 0.128646 0.113889
0 14934 0.554427 0.539815 0.073438 0.068519
