0 15027 0.572917 0.551389 0.040625 0.043519
0 15028 0.434896 0.149074 0.020833 0.024074
0 15029 0.548438 0.653241 0.069792 0.069444
0 15030 0.406771 0.551389 0.059375 0.047222
0 15031 0.398958 0.403704 0.036458 0.037037
0 15032 0.566667 0.227778 0.026042 0.038889
0 15033 0.295052 0.730556 0.125521 0.096296
0 15034 0.509115 0.679630 0.101562 0.088889
0 15035 0.383333 0.566667 0.057292 0.059259
0 15036 0.451302 0.517130 0.041146 0.043519
0 15037 0.432292 0.426389 0.043750 0.037963
0 15038 0.451302 0.739352 0.157812 0.117593
0 15039 0.432292 0.214352 0.022917 0.030556
0 15040 0.593229 0.169907 0.021875 0.028704
0 15041 0.347917 0.602778 0.084375 0.072222
0 15042 0.315625 0.675000 0.095833 0.072222
0 15043 0.554427 0.262037 0.038021 0.037037
0 15044 0.249479 0.793981 0.139583 0.110185
0 15045 0.403646 0.311111 0.032292 0.033333
0 15046 0.557552 0.461111 0.038021 0.038889
0 15047 0.563281 0.322222 0.034896 0.037037
0 15048 0.523177 0.767130 0.128646 0.112037
0 15049 0.554427 0.548148 0.073438 0.068519
