0 14705 0.572656 0.534722 0.036979 0.043519
0 14706 0.432292 0.137963 0.021875 0.025926
0 14707 0.545312 0.623148 0.069792 0.066667
0 14708 0.406771 0.538426 0.059375 0.049074
0 14709 0.396354 0.400000 0.036458 0.037037
0 14710 0.564323 0.226852 0.026562 0.038889
0 14711 0.296875 0.727315 0.118750 0.095370
0 14712 0.516667 0.664352 0.107292 0.087963
0 14713 0.385156 0.549074 0.055729 0.055556
0 14714 0.452344 0.508333 0.041146 0.042593
0 14715 0.434635 0.414815 0.043229 0.038889
0 14716 0.451302 0.735648 0.157812 0.117593
0 14717 0.431250 0.210185 0.022917 0.031481
0 14718 0.596354 0.157870 0.021875 0.028704
0 14719 0.350000 0.582870 0.082292 0.065741
0 14720 0.321354 0.661111 0.092708 0.072222
0 14721 0.553906 0.257870 0.036979 0.034259
0 14722 0.255208 0.786574 0.154167 0.108333
0 14723 0.401302 0.300463 0.032813 0.032407
0 14724 0.557031 0.445370 0.038021 0.038889
0 14725 0.558854 0.312500 0.034375 0.036111
0 14726 0.524219 0.758796 0.128646 0.115741
0 14727 0.552865 0.526852 0.073438 0.068519
