0 13371 0.586719 0.495370 0.040104 0.040741
0 13372 0.427604 0.087500 0.018750 0.023148
0 13373 0.538802 0.537963 0.065104 0.059259
0 13374 0.417187 0.480093 0.058333 0.043519
0 13375 0.378906 0.351389 0.035937 0.036111
0 13376 0.559896 0.168056 0.025000 0.036111
0 13377 0.297917 0.643056 0.104167 0.097222
0 13378 0.525260 0.578704 0.101562 0.081481
0 13379 0.396094 0.503704 0.040104 0.050000
0 13380 0.455990 0.448148 0.040104 0.038889
0 13381 0.423177 0.375463 0.041146 0.039815
0 13382 0.464583 0.706019 0.143750 0.115741
0 13383 0.419010 0.148148 0.022396 0.025926
0 13384 0.600260 0.118981 0.016146 0.023148
0 13385 0.364583 0.507407 0.076042 0.062963
0 13386 0.339323 0.568519 0.083854 0.066667
0 13387 0.554688 0.229167 0.034375 0.036111
0 13388 0.272135 0.707870 0.141146 0.102778
0 13389 0.396354 0.253704 0.032292 0.031481
0 13390 0.553385 0.375463 0.036979 0.036111
0 13391 0.543750 0.285185 0.035417 0.033333
0 13392 0.522917 0.681944 0.133333 0.100926
0 13393 0.554427 0.459722 0.069271 0.056481
