0 13233 0.590365 0.492130 0.040104 0.037963
0 13234 0.425781 0.082407 0.019271 0.024074
0 13235 0.542969 0.529167 0.065104 0.058333
0 13236 0.421615 0.476852 0.057813 0.042593
0 13237 0.378385 0.345833 0.035937 0.036111
0 13238 0.558854 0.161574 0.025000 0.034259
0 13239 0.303125 0.635648 0.106250 0.093519
0 13240 0.525260 0.569444 0.099479 0.081481
0 13241 0.396354 0.498148 0.040625 0.050000
0 13242 0.453385 0.438426 0.040104 0.039815
0 13243 0.418750 0.369444 0.040625 0.038889
0 13244 0.468229 0.694907 0.146875 0.115741
0 13245 0.415885 0.140741 0.022396 0.025926
0 13246 0.600260 0.115278 0.016146 0.023148
0 13247 0.364063 0.499074 0.075000 0.061111
0 13248 0.343750 0.557870 0.079167 0.063889
0 13249 0.555208 0.227315 0.034375 0.037963
0 13250 0.275521 0.695833 0.138542 0.100926
0 13251 0.395313 0.247222 0.032292 0.031481
0 13252 0.554948 0.375463 0.036979 0.036111
0 13253 0.543750 0.279630 0.035417 0.033333
0 13254 0.522917 0.667130 0.133333 0.100926
0 13255 0.555469 0.454630 0.069271 0.055556
