0 13647 0.582031 0.506944 0.041146 0.041667
0 13648 0.428125 0.099537 0.019792 0.023148
0 13649 0.532552 0.547222 0.065104 0.068519
0 13650 0.412760 0.488426 0.058854 0.045370
0 13651 0.383333 0.364352 0.036458 0.036111
0 13652 0.560156 0.184259 0.023438 0.037037
0 13653 0.297135 0.662037 0.110937 0.096296
0 13654 0.525521 0.598611 0.103125 0.082407
0 13655 0.396094 0.515278 0.040104 0.049074
0 13656 0.456510 0.464352 0.040104 0.039815
0 13657 0.429948 0.386111 0.041146 0.040741
0 13658 0.468229 0.722222 0.153125 0.116667
0 13659 0.422656 0.162963 0.021354 0.025926
0 13660 0.601562 0.128241 0.016667 0.023148
0 13661 0.365625 0.522222 0.076042 0.064815
0 13662 0.337500 0.585648 0.087500 0.069444
0 13663 0.552865 0.233796 0.034896 0.036111
0 13664 0.271094 0.729167 0.138021 0.102778
0 13665 0.400000 0.266667 0.032292 0.031481
0 13666 0.553125 0.383796 0.037500 0.036111
0 13667 0.545312 0.292593 0.035417 0.033333
0 13668 0.521094 0.708796 0.139063 0.100926
0 13669 0.549740 0.469907 0.070312 0.056481
