0 15418 0.565104 0.558796 0.047917 0.043519
0 15419 0.436979 0.154630 0.019792 0.025926
0 15420 0.547917 0.687963 0.069792 0.068519
0 15421 0.405208 0.567593 0.059375 0.050000
0 15422 0.403385 0.411574 0.035937 0.037963
0 15423 0.569531 0.229630 0.024479 0.038889
0 15424 0.292708 0.745370 0.132292 0.092593
0 15425 0.507812 0.695370 0.106250 0.088889
0 15426 0.381510 0.583796 0.066146 0.058333
0 15427 0.450781 0.528241 0.042188 0.041667
0 15428 0.433854 0.442593 0.043750 0.038889
0 15429 0.450000 0.761574 0.153125 0.110185
0 15430 0.438281 0.216204 0.022396 0.032407
0 15431 0.591146 0.185648 0.021875 0.028704
0 15432 0.341927 0.621296 0.084896 0.072222
0 15433 0.310677 0.691204 0.096354 0.078704
0 15434 0.559115 0.268981 0.038021 0.037963
0 15435 0.232813 0.799074 0.139583 0.109259
0 15436 0.405208 0.323148 0.033333 0.035185
0 15437 0.558073 0.479167 0.040104 0.041667
0 15438 0.570833 0.332870 0.035417 0.037963
0 15439 0.521875 0.778241 0.132292 0.110185
0 15440 0.552865 0.569444 0.074479 0.068519
