0 13509 0.583594 0.501389 0.040104 0.041667
0 13510 0.428125 0.093981 0.018750 0.023148
0 13511 0.535156 0.544444 0.065104 0.062963
0 13512 0.414323 0.483796 0.058854 0.043519
0 13513 0.380729 0.356944 0.036458 0.036111
0 13514 0.560156 0.175926 0.024479 0.037037
0 13515 0.296094 0.651852 0.105729 0.098148
0 13516 0.525260 0.589352 0.102604 0.082407
0 13517 0.396094 0.510185 0.040104 0.050000
0 13518 0.457031 0.456481 0.040104 0.038889
0 13519 0.426823 0.381481 0.041146 0.040741
0 13520 0.464583 0.714815 0.145833 0.116667
0 13521 0.420833 0.155556 0.021875 0.025926
0 13522 0.600781 0.123611 0.016146 0.023148
0 13523 0.364583 0.514815 0.076042 0.064815
0 13524 0.336979 0.577778 0.086458 0.068519
0 13525 0.553906 0.231944 0.034896 0.036111
0 13526 0.271094 0.718519 0.141146 0.103704
0 13527 0.397917 0.260185 0.032292 0.031481
0 13528 0.553125 0.378241 0.037500 0.036111
0 13529 0.544271 0.288889 0.035417 0.033333
0 13530 0.522396 0.695833 0.135417 0.100926
0 13531 0.552344 0.464352 0.069271 0.056481
