0 14360 0.570833 0.530093 0.031250 0.039815
0 14361 0.430990 0.128704 0.021354 0.024074
0 14362 0.542188 0.596296 0.069792 0.066667
0 14363 0.406250 0.523148 0.059375 0.048148
0 14364 0.392969 0.395833 0.036979 0.036111
0 14365 0.562760 0.220370 0.024479 0.035185
0 14366 0.292969 0.714352 0.109896 0.095370
0 14367 0.520573 0.641204 0.113021 0.089815
0 14368 0.386979 0.532870 0.053125 0.050926
0 14369 0.452865 0.497222 0.040104 0.040741
0 14370 0.435417 0.403241 0.042708 0.041667
0 14371 0.453646 0.738426 0.158333 0.117593
0 14372 0.429167 0.200000 0.020833 0.027778
0 14373 0.598958 0.146759 0.021875 0.028704
0 14374 0.355469 0.562037 0.077604 0.064815
0 14375 0.324740 0.630093 0.089063 0.069444
0 14376 0.553646 0.255093 0.036458 0.036111
0 14377 0.261458 0.771296 0.146875 0.101852
0 14378 0.396615 0.287963 0.032813 0.031481
0 14379 0.553906 0.426389 0.038021 0.037963
0 14380 0.553906 0.308796 0.034896 0.034259
0 14381 0.525000 0.749074 0.128125 0.114815
0 14382 0.548958 0.506944 0.071875 0.065741
