0 14245 0.576823 0.521296 0.040104 0.040741
0 14246 0.430990 0.124074 0.021354 0.024074
0 14247 0.538542 0.584722 0.069792 0.065741
0 14248 0.407813 0.515278 0.059375 0.047222
0 14249 0.391667 0.391667 0.036458 0.035185
0 14250 0.563281 0.216204 0.023438 0.036111
0 14251 0.294531 0.703704 0.114062 0.096296
0 14252 0.519792 0.632870 0.106250 0.089815
0 14253 0.387240 0.529167 0.052604 0.049074
0 14254 0.452865 0.493519 0.040104 0.040741
0 14255 0.435417 0.399537 0.042708 0.041667
0 14256 0.457292 0.734722 0.156250 0.117593
0 14257 0.428646 0.193981 0.020833 0.026852
0 14258 0.599740 0.143056 0.021354 0.028704
0 14259 0.358073 0.555556 0.076563 0.064815
0 14260 0.327344 0.621759 0.089063 0.069444
0 14261 0.553385 0.250463 0.035937 0.036111
0 14262 0.263281 0.764352 0.145313 0.100926
0 14263 0.397135 0.284722 0.032813 0.032407
0 14264 0.553646 0.418981 0.037500 0.037963
0 14265 0.551302 0.305556 0.034896 0.033333
0 14266 0.525521 0.744907 0.126042 0.112037
0 14267 0.548438 0.500463 0.071875 0.063889
