0 15326 0.563802 0.556019 0.041146 0.043519
0 15327 0.436979 0.153704 0.019792 0.025926
0 15328 0.547917 0.681481 0.069792 0.068519
0 15329 0.405729 0.564352 0.059375 0.049074
0 15330 0.402344 0.409259 0.035937 0.037037
0 15331 0.569271 0.227778 0.023958 0.038889
0 15332 0.292708 0.740741 0.130208 0.090741
0 15333 0.510938 0.690741 0.112500 0.088889
0 15334 0.381771 0.579630 0.063542 0.057407
0 15335 0.450781 0.525463 0.042188 0.043519
0 15336 0.434375 0.438889 0.043750 0.038889
0 15337 0.446875 0.758796 0.156250 0.110185
0 15338 0.436979 0.216204 0.022917 0.032407
0 15339 0.592187 0.181944 0.021875 0.028704
0 15340 0.344010 0.616667 0.084896 0.072222
0 15341 0.312240 0.685185 0.096354 0.075926
0 15342 0.559115 0.266667 0.038021 0.038889
0 15343 0.235937 0.795833 0.138542 0.110185
0 15344 0.405729 0.320370 0.033333 0.035185
0 15345 0.557813 0.474537 0.039583 0.041667
0 15346 0.569271 0.329167 0.035417 0.037963
0 15347 0.520312 0.774537 0.133333 0.110185
0 15348 0.553646 0.563889 0.073958 0.068519
