0 14728 0.572917 0.536574 0.037500 0.043519
0 14729 0.432292 0.138889 0.021875 0.025926
0 14730 0.545833 0.625000 0.069792 0.066667
0 14731 0.406771 0.539352 0.059375 0.049074
0 14732 0.396354 0.400000 0.036458 0.037037
0 14733 0.564323 0.226852 0.026562 0.038889
0 14734 0.296875 0.727315 0.118750 0.095370
0 14735 0.515885 0.665278 0.105729 0.087963
0 14736 0.385156 0.550463 0.055729 0.056481
0 14737 0.452344 0.509259 0.041146 0.042593
0 14738 0.434896 0.415278 0.043750 0.037963
0 14739 0.450781 0.735648 0.157812 0.117593
0 14740 0.431250 0.210185 0.022917 0.031481
0 14741 0.595833 0.158796 0.021875 0.028704
0 14742 0.349740 0.583796 0.081771 0.065741
0 14743 0.321094 0.662963 0.093229 0.072222
0 14744 0.553906 0.257870 0.036979 0.034259
0 14745 0.254167 0.787500 0.154167 0.108333
0 14746 0.401302 0.300463 0.032813 0.032407
0 14747 0.557031 0.446296 0.038021 0.038889
0 14748 0.558854 0.312500 0.034375 0.036111
0 14749 0.523698 0.758796 0.128646 0.115741
0 14750 0.553385 0.528704 0.073438 0.068519
