0 13302 0.588281 0.493519 0.040104 0.038889
0 13303 0.426823 0.085185 0.019271 0.024074
0 13304 0.540885 0.533796 0.065104 0.058333
0 13305 0.419531 0.478704 0.057813 0.042593
0 13306 0.378385 0.348611 0.035937 0.036111
0 13307 0.559375 0.164815 0.025000 0.035185
0 13308 0.300521 0.639352 0.105208 0.095370
0 13309 0.525260 0.574074 0.100521 0.081481
0 13310 0.396094 0.500926 0.040104 0.050000
0 13311 0.454948 0.443056 0.040104 0.039815
0 13312 0.421094 0.372222 0.041146 0.038889
0 13313 0.466406 0.700463 0.145313 0.115741
0 13314 0.417448 0.144444 0.022396 0.025926
0 13315 0.600260 0.117130 0.016146 0.023148
0 13316 0.364323 0.503241 0.075521 0.062037
0 13317 0.341927 0.562963 0.081771 0.064815
0 13318 0.554688 0.228704 0.034375 0.037037
0 13319 0.273698 0.701852 0.140104 0.101852
0 13320 0.395833 0.250000 0.032292 0.031481
0 13321 0.554427 0.375463 0.036979 0.036111
0 13322 0.543750 0.282407 0.035417 0.033333
0 13323 0.522917 0.674537 0.133333 0.100926
0 13324 0.554948 0.457407 0.069271 0.055556
