0 14406 0.571615 0.530093 0.032813 0.039815
0 14407 0.430990 0.129630 0.021354 0.024074
0 14408 0.542188 0.599074 0.069792 0.066667
0 14409 0.406250 0.525000 0.059375 0.048148
0 14410 0.393750 0.395833 0.036458 0.036111
0 14411 0.562760 0.221296 0.024479 0.035185
0 14412 0.293229 0.716204 0.111458 0.095370
0 14413 0.520052 0.644444 0.113021 0.088889
0 14414 0.386458 0.535648 0.053125 0.050926
0 14415 0.452865 0.498148 0.040104 0.040741
0 14416 0.435417 0.403704 0.042708 0.040741
0 14417 0.453385 0.737500 0.157812 0.117593
0 14418 0.429427 0.201389 0.021354 0.028704
0 14419 0.598437 0.148611 0.021875 0.028704
0 14420 0.353906 0.563889 0.078646 0.064815
0 14421 0.324219 0.634259 0.089063 0.070370
0 14422 0.553646 0.254630 0.036458 0.035185
0 14423 0.260417 0.773611 0.147917 0.102778
0 14424 0.397656 0.289815 0.032813 0.031481
0 14425 0.554427 0.429167 0.038021 0.037963
0 14426 0.554167 0.308796 0.034375 0.034259
0 14427 0.525260 0.750000 0.128646 0.114815
0 14428 0.548958 0.509722 0.071875 0.065741
