0 15372 0.564583 0.557870 0.044792 0.043519
0 15373 0.436979 0.153704 0.019792 0.025926
0 15374 0.547917 0.684259 0.069792 0.068519
0 15375 0.405208 0.565741 0.059375 0.050000
0 15376 0.402865 0.410648 0.035937 0.037963
0 15377 0.569531 0.228704 0.024479 0.038889
0 15378 0.292708 0.743056 0.131250 0.091667
0 15379 0.509375 0.692593 0.109375 0.088889
0 15380 0.381771 0.581481 0.064583 0.057407
0 15381 0.450781 0.526852 0.042188 0.042593
0 15382 0.434375 0.440741 0.043750 0.038889
0 15383 0.448698 0.759722 0.154688 0.110185
0 15384 0.437500 0.216204 0.022917 0.032407
0 15385 0.591667 0.183796 0.021875 0.028704
0 15386 0.342969 0.619444 0.084896 0.072222
0 15387 0.311719 0.687963 0.096354 0.077778
0 15388 0.559115 0.267593 0.038021 0.038889
0 15389 0.234635 0.797685 0.139063 0.110185
0 15390 0.405729 0.322222 0.033333 0.035185
0 15391 0.558073 0.477315 0.040104 0.041667
0 15392 0.569792 0.331019 0.035417 0.037963
0 15393 0.521094 0.776389 0.132812 0.110185
0 15394 0.553125 0.566667 0.073958 0.068519
