0 14843 0.572917 0.542130 0.038542 0.043519
0 14844 0.432031 0.142130 0.021354 0.025000
0 14845 0.547917 0.635648 0.069792 0.067593
0 14846 0.406771 0.544907 0.059375 0.049074
0 14847 0.396875 0.400926 0.036458 0.037037
0 14848 0.564844 0.227778 0.026562 0.038889
0 14849 0.296354 0.730093 0.119792 0.095370
0 14850 0.512760 0.671296 0.100521 0.088889
0 14851 0.384635 0.556944 0.056771 0.060185
0 14852 0.451823 0.512963 0.041146 0.042593
0 14853 0.433333 0.419907 0.043750 0.037963
0 14854 0.449219 0.736574 0.157812 0.117593
0 14855 0.431771 0.210648 0.022917 0.030556
0 14856 0.594792 0.162500 0.021875 0.028704
0 14857 0.349479 0.592130 0.081250 0.067593
0 14858 0.319792 0.670370 0.095833 0.072222
0 14859 0.554427 0.258796 0.038021 0.034259
0 14860 0.251563 0.791204 0.152083 0.110185
0 14861 0.401562 0.304167 0.032292 0.032407
0 14862 0.557031 0.451852 0.038021 0.038889
0 14863 0.560937 0.314815 0.034375 0.037037
0 14864 0.523177 0.761574 0.128646 0.115741
0 14865 0.554427 0.535185 0.073438 0.068519
