0 13831 0.581250 0.510648 0.039583 0.039815
0 13832 0.428646 0.106481 0.020833 0.024074
0 13833 0.532813 0.551852 0.065625 0.066667
0 13834 0.410677 0.496296 0.058854 0.046296
0 13835 0.384375 0.373611 0.036458 0.036111
0 13836 0.561458 0.194444 0.021875 0.037037
0 13837 0.297656 0.673148 0.111979 0.096296
0 13838 0.523958 0.606944 0.106250 0.082407
0 13839 0.395833 0.520370 0.044792 0.048148
0 13840 0.456510 0.475926 0.040104 0.040741
0 13841 0.433333 0.390278 0.041667 0.041667
0 13842 0.464844 0.730556 0.154688 0.116667
0 13843 0.425000 0.173148 0.020833 0.025926
0 13844 0.602083 0.132870 0.018750 0.023148
0 13845 0.364323 0.532407 0.075521 0.064815
0 13846 0.335938 0.593981 0.088542 0.069444
0 13847 0.552865 0.238889 0.034896 0.035185
0 13848 0.268750 0.738426 0.142708 0.100926
0 13849 0.398438 0.272685 0.032292 0.032407
0 13850 0.553646 0.392130 0.037500 0.036111
0 13851 0.545833 0.296296 0.035417 0.033333
0 13852 0.517708 0.724537 0.139583 0.106481
0 13853 0.548698 0.478241 0.071354 0.060185
