0 14107 0.579688 0.516667 0.041667 0.040741
0 14108 0.430990 0.117593 0.021354 0.024074
0 14109 0.534635 0.570370 0.069271 0.064815
0 14110 0.408854 0.507870 0.059375 0.047222
0 14111 0.389583 0.385648 0.036458 0.034259
0 14112 0.563542 0.210185 0.021875 0.037037
0 14113 0.295833 0.691204 0.117708 0.097222
0 14114 0.519792 0.623148 0.100000 0.088889
0 14115 0.387760 0.524537 0.051562 0.047222
0 14116 0.453385 0.487963 0.040104 0.040741
0 14117 0.435417 0.396296 0.042708 0.042593
0 14118 0.461198 0.731481 0.154688 0.116667
0 14119 0.428125 0.187037 0.020833 0.025926
0 14120 0.600260 0.137963 0.020313 0.027778
0 14121 0.360677 0.547222 0.075521 0.064815
0 14122 0.330469 0.611574 0.089063 0.069444
0 14123 0.553125 0.245370 0.035417 0.035185
0 14124 0.265104 0.756481 0.143750 0.100000
0 14125 0.397656 0.280093 0.032813 0.032407
0 14126 0.553646 0.409722 0.037500 0.037963
0 14127 0.548698 0.301852 0.034896 0.033333
0 14128 0.525260 0.740278 0.125521 0.108333
0 14129 0.548438 0.493056 0.071875 0.062037
