0 13440 0.584115 0.499537 0.040104 0.041667
0 13441 0.428646 0.091204 0.018750 0.023148
0 13442 0.536719 0.543056 0.065104 0.060185
0 13443 0.415365 0.481944 0.058854 0.043519
0 13444 0.379167 0.354630 0.036458 0.037037
0 13445 0.560417 0.172222 0.025000 0.037037
0 13446 0.295833 0.646759 0.103125 0.099074
0 13447 0.525781 0.584722 0.102604 0.082407
0 13448 0.396094 0.506481 0.040104 0.050000
0 13449 0.457031 0.452778 0.040104 0.038889
0 13450 0.425260 0.379630 0.041146 0.040741
0 13451 0.462760 0.712037 0.142187 0.116667
0 13452 0.420573 0.151852 0.022396 0.025926
0 13453 0.600781 0.120833 0.016146 0.023148
0 13454 0.364844 0.512037 0.076563 0.064815
0 13455 0.337500 0.574537 0.086458 0.067593
0 13456 0.554427 0.231019 0.034896 0.036111
0 13457 0.270833 0.714352 0.142708 0.104630
0 13458 0.397396 0.257407 0.032292 0.031481
0 13459 0.553125 0.375463 0.037500 0.036111
0 13460 0.543750 0.287963 0.035417 0.033333
0 13461 0.522917 0.689352 0.133333 0.100926
0 13462 0.554427 0.461574 0.069271 0.056481
