0 13785 0.581771 0.509722 0.039583 0.039815
0 13786 0.428646 0.104630 0.020833 0.024074
0 13787 0.532813 0.551389 0.065625 0.067593
0 13788 0.411198 0.493981 0.058854 0.045370
0 13789 0.383854 0.371759 0.036458 0.036111
0 13790 0.561198 0.192593 0.022396 0.037037
0 13791 0.297656 0.670370 0.111979 0.096296
0 13792 0.524479 0.605093 0.105208 0.082407
0 13793 0.395573 0.519444 0.043229 0.048148
0 13794 0.456510 0.473148 0.040104 0.040741
0 13795 0.432812 0.389352 0.041667 0.041667
0 13796 0.465885 0.728704 0.154688 0.116667
0 13797 0.424479 0.170370 0.020833 0.025926
0 13798 0.602344 0.131019 0.018229 0.023148
0 13799 0.364844 0.530556 0.075521 0.064815
0 13800 0.336458 0.592130 0.088542 0.069444
0 13801 0.552865 0.237037 0.034896 0.035185
0 13802 0.269531 0.737037 0.141146 0.101852
0 13803 0.398958 0.271759 0.032292 0.032407
0 13804 0.553646 0.390278 0.037500 0.036111
0 13805 0.545833 0.295370 0.035417 0.033333
0 13806 0.518750 0.720833 0.139583 0.104630
0 13807 0.549219 0.475926 0.071354 0.059259
