0 13325 0.587760 0.493981 0.040104 0.039815
0 13326 0.427344 0.086111 0.019271 0.024074
0 13327 0.540365 0.535185 0.065104 0.059259
0 13328 0.418750 0.478704 0.058333 0.042593
0 13329 0.378385 0.349537 0.035937 0.036111
0 13330 0.559375 0.165741 0.025000 0.035185
0 13331 0.299740 0.640741 0.104688 0.096296
0 13332 0.525521 0.575926 0.101042 0.081481
0 13333 0.396094 0.501852 0.040104 0.050000
0 13334 0.454948 0.444907 0.040104 0.039815
0 13335 0.421615 0.373611 0.041146 0.039815
0 13336 0.465625 0.702315 0.144792 0.115741
0 13337 0.417969 0.145370 0.022396 0.025926
0 13338 0.600260 0.118056 0.016146 0.023148
0 13339 0.364323 0.504630 0.075521 0.062963
0 13340 0.341146 0.565278 0.082292 0.065741
0 13341 0.554688 0.228704 0.034375 0.037037
0 13342 0.273438 0.704167 0.140625 0.102778
0 13343 0.396354 0.251852 0.032292 0.031481
0 13344 0.553906 0.375463 0.036979 0.036111
0 13345 0.543750 0.283333 0.035417 0.033333
0 13346 0.522917 0.677315 0.133333 0.100926
0 13347 0.554948 0.457407 0.069271 0.055556
