0 15510 0.566146 0.562500 0.053125 0.043519
0 15511 0.437240 0.155556 0.020313 0.025926
0 15512 0.547917 0.694907 0.069792 0.069444
0 15513 0.404687 0.570833 0.059375 0.050926
0 15514 0.404427 0.415278 0.035937 0.039815
0 15515 0.570573 0.231481 0.025521 0.038889
0 15516 0.293229 0.750463 0.134375 0.095370
0 15517 0.505469 0.700000 0.100521 0.088889
0 15518 0.381250 0.587500 0.068750 0.058333
0 15519 0.450260 0.531481 0.042188 0.040741
0 15520 0.433854 0.447222 0.043750 0.038889
0 15521 0.453906 0.764352 0.150521 0.110185
0 15522 0.439583 0.217130 0.021875 0.032407
0 15523 0.590625 0.189352 0.021875 0.028704
0 15524 0.340365 0.626852 0.084896 0.072222
0 15525 0.309635 0.696759 0.096354 0.080556
0 15526 0.559896 0.271759 0.038542 0.037963
0 15527 0.230208 0.802778 0.140625 0.109259
0 15528 0.405208 0.325926 0.033333 0.035185
0 15529 0.558594 0.483796 0.041146 0.041667
0 15530 0.572396 0.336574 0.035417 0.037963
0 15531 0.523438 0.781944 0.131250 0.110185
0 15532 0.552083 0.574074 0.075000 0.068519
