0 15188 0.565625 0.553241 0.037500 0.043519
0 15189 0.435937 0.151389 0.019792 0.025000
0 15190 0.548438 0.669444 0.069792 0.068519
0 15191 0.406250 0.559259 0.059375 0.048148
0 15192 0.400521 0.406481 0.036458 0.037037
0 15193 0.567969 0.227778 0.024479 0.038889
0 15194 0.293229 0.735185 0.128125 0.092593
0 15195 0.510677 0.685185 0.109896 0.088889
0 15196 0.382292 0.573148 0.060417 0.057407
0 15197 0.451042 0.522222 0.041667 0.044444
0 15198 0.433854 0.433333 0.043750 0.038889
0 15199 0.447656 0.750000 0.157812 0.112963
0 15200 0.434896 0.215741 0.022917 0.031481
0 15201 0.592708 0.176389 0.021875 0.028704
0 15202 0.346094 0.610185 0.084896 0.072222
0 15203 0.313542 0.679630 0.095833 0.074074
0 15204 0.557031 0.264815 0.038021 0.038889
0 15205 0.241927 0.794907 0.138021 0.110185
0 15206 0.404948 0.316204 0.032813 0.034259
0 15207 0.557813 0.468519 0.038542 0.040741
0 15208 0.566667 0.325000 0.035417 0.037037
0 15209 0.521094 0.770370 0.131771 0.111111
0 15210 0.554688 0.556481 0.073958 0.068519
