0 13394 0.585677 0.495370 0.040104 0.040741
0 13395 0.427604 0.088426 0.018750 0.023148
0 13396 0.537760 0.539815 0.065104 0.059259
0 13397 0.416667 0.481019 0.058333 0.043519
0 13398 0.378906 0.352315 0.035937 0.036111
0 13399 0.559896 0.168981 0.025000 0.036111
0 13400 0.297135 0.643981 0.103646 0.097222
0 13401 0.525260 0.580556 0.101562 0.081481
0 13402 0.396094 0.504630 0.040104 0.050000
0 13403 0.456510 0.449074 0.040104 0.038889
0 13404 0.423698 0.376389 0.041146 0.039815
0 13405 0.463802 0.707870 0.143229 0.115741
0 13406 0.419531 0.149074 0.022396 0.025926
0 13407 0.600260 0.119907 0.016146 0.023148
0 13408 0.364583 0.508796 0.076042 0.063889
0 13409 0.338802 0.570370 0.084896 0.066667
0 13410 0.554167 0.230093 0.034375 0.036111
0 13411 0.271875 0.710185 0.141667 0.103704
0 13412 0.396875 0.254630 0.032292 0.031481
0 13413 0.553385 0.375463 0.036979 0.036111
0 13414 0.543750 0.286111 0.035417 0.033333
0 13415 0.522917 0.684722 0.133333 0.100926
0 13416 0.554427 0.460648 0.069271 0.056481
