0 16545 0.577344 0.606944 0.060937 0.045370
0 16546 0.446875 0.168056 0.025000 0.030556
0 16547 0.545833 0.751389 0.068750 0.076852
0 16548 0.396615 0.601852 0.060937 0.050000
0 16549 0.404167 0.444444 0.037500 0.042593
0 16550 0.581510 0.248148 0.028646 0.040741
0 16551 0.281771 0.785185 0.130208 0.103704
0 16552 0.503385 0.749537 0.119271 0.087963
0 16553 0.378646 0.651389 0.069792 0.063889
0 16554 0.444271 0.555093 0.043750 0.041667
0 16555 0.432292 0.489352 0.044792 0.043519
0 16556 0.459375 0.789815 0.161458 0.112963
0 16557 0.435156 0.225463 0.021354 0.036111
0 16558 0.597917 0.208796 0.025000 0.036111
0 16559 0.331250 0.666204 0.086458 0.073148
0 16560 0.307031 0.730556 0.101562 0.087037
0 16561 0.568229 0.294444 0.040625 0.037037
0 16562 0.224219 0.838889 0.142187 0.103704
0 16563 0.406250 0.343519 0.033333 0.035185
0 16564 0.553646 0.522222 0.042708 0.040741
0 16565 0.572917 0.383796 0.036458 0.037963
0 16566 0.495573 0.797222 0.131771 0.107407
0 16567 0.550260 0.635648 0.078646 0.073148
