0 16407 0.578646 0.601389 0.060417 0.043519
0 16408 0.444531 0.166204 0.024479 0.028704
0 16409 0.546354 0.740278 0.069792 0.076852
0 16410 0.398698 0.596759 0.059896 0.049074
0 16411 0.404687 0.441204 0.037500 0.041667
0 16412 0.580990 0.246759 0.028646 0.039815
0 16413 0.284896 0.779167 0.130208 0.104630
0 16414 0.505990 0.742130 0.124479 0.086111
0 16415 0.378646 0.643519 0.069792 0.061111
0 16416 0.446354 0.552778 0.043750 0.040741
0 16417 0.434375 0.483333 0.044792 0.042593
0 16418 0.457031 0.785648 0.160938 0.113889
0 16419 0.438021 0.220833 0.020833 0.036111
0 16420 0.596875 0.208333 0.023958 0.035185
0 16421 0.331510 0.659259 0.085938 0.072222
0 16422 0.305990 0.728241 0.098437 0.089815
0 16423 0.567448 0.290741 0.040104 0.038889
0 16424 0.226823 0.835185 0.142187 0.103704
0 16425 0.406250 0.340741 0.033333 0.035185
0 16426 0.553906 0.518519 0.042188 0.042593
0 16427 0.573958 0.376389 0.036458 0.037963
0 16428 0.494010 0.797685 0.138021 0.110185
0 16429 0.550000 0.625926 0.078125 0.072222
