0 15740 0.566927 0.573148 0.054688 0.042593
0 15741 0.437240 0.157407 0.022396 0.025926
0 15742 0.547917 0.709722 0.069792 0.069444
0 15743 0.404687 0.576389 0.059375 0.052778
0 15744 0.404687 0.420833 0.036458 0.041667
0 15745 0.573698 0.235185 0.026562 0.038889
0 15746 0.290365 0.762500 0.128646 0.095370
0 15747 0.502083 0.709722 0.109375 0.089815
0 15748 0.382552 0.601389 0.069271 0.060185
0 15749 0.449479 0.537963 0.042708 0.040741
0 15750 0.434115 0.457870 0.044271 0.041667
0 15751 0.444271 0.771296 0.151042 0.111111
0 15752 0.440625 0.215278 0.021875 0.034259
0 15753 0.590625 0.195833 0.021875 0.028704
0 15754 0.339844 0.635185 0.084896 0.072222
0 15755 0.308594 0.701389 0.096354 0.089815
0 15756 0.562760 0.276852 0.039062 0.038889
0 15757 0.230208 0.814815 0.140625 0.103704
0 15758 0.405208 0.329630 0.033333 0.035185
0 15759 0.557813 0.496759 0.041667 0.041667
0 15760 0.572917 0.347222 0.035417 0.038889
0 15761 0.505208 0.785648 0.139583 0.110185
0 15762 0.551562 0.591667 0.075000 0.068519
