0 16775 0.579167 0.617130 0.061458 0.047222
0 16776 0.449740 0.169444 0.024479 0.033333
0 16777 0.543750 0.766667 0.067708 0.081481
0 16778 0.394271 0.611111 0.062500 0.051852
0 16779 0.402604 0.448148 0.038542 0.042593
0 16780 0.582292 0.249537 0.028125 0.039815
0 16781 0.277083 0.792593 0.130208 0.103704
0 16782 0.501042 0.759259 0.114583 0.088889
0 16783 0.378906 0.663889 0.070312 0.064815
0 16784 0.438281 0.558796 0.044271 0.041667
0 16785 0.429167 0.498611 0.044792 0.043519
0 16786 0.464062 0.793056 0.161458 0.112037
0 16787 0.428385 0.234259 0.022396 0.035185
0 16788 0.600000 0.208796 0.025000 0.036111
0 16789 0.328125 0.676852 0.086458 0.074074
0 16790 0.307292 0.737037 0.106250 0.083333
0 16791 0.568490 0.300926 0.041146 0.037037
0 16792 0.222135 0.845370 0.142187 0.103704
0 16793 0.406250 0.346296 0.033333 0.035185
0 16794 0.553125 0.529167 0.043750 0.039815
0 16795 0.571354 0.393056 0.036458 0.037963
0 16796 0.498958 0.798611 0.122917 0.100926
0 16797 0.549740 0.649074 0.078646 0.075926
