0 15809 0.570312 0.576852 0.056250 0.040741
0 15810 0.437240 0.158333 0.022396 0.025926
0 15811 0.547917 0.711111 0.069792 0.070370
0 15812 0.404687 0.577315 0.059375 0.050926
0 15813 0.404687 0.422685 0.036458 0.041667
0 15814 0.574740 0.236111 0.026562 0.038889
0 15815 0.290365 0.763889 0.128646 0.098148
0 15816 0.501823 0.713426 0.111979 0.089815
0 15817 0.382031 0.606944 0.069271 0.060185
0 15818 0.449479 0.539815 0.042708 0.040741
0 15819 0.434115 0.459722 0.044271 0.041667
0 15820 0.444531 0.772222 0.151562 0.111111
0 15821 0.440625 0.215278 0.021875 0.034259
0 15822 0.590625 0.197222 0.021875 0.029630
0 15823 0.338021 0.635185 0.085417 0.072222
0 15824 0.307552 0.704167 0.096354 0.089815
0 15825 0.563281 0.277315 0.039062 0.037963
0 15826 0.228906 0.817593 0.141146 0.103704
0 15827 0.405208 0.330556 0.033333 0.035185
0 15828 0.557292 0.498611 0.041667 0.041667
0 15829 0.573438 0.350000 0.035417 0.038889
0 15830 0.505990 0.788426 0.138021 0.110185
0 15831 0.551042 0.594444 0.075000 0.068519
