0 16315 0.578906 0.598148 0.059896 0.042593
0 16316 0.444010 0.165278 0.024479 0.028704
0 16317 0.546875 0.733796 0.069792 0.076852
0 16318 0.400260 0.593056 0.059896 0.049074
0 16319 0.404687 0.438426 0.037500 0.041667
0 16320 0.579948 0.245833 0.028646 0.039815
0 16321 0.285417 0.777778 0.130208 0.105556
0 16322 0.504948 0.739352 0.122396 0.086111
0 16323 0.379167 0.637037 0.069792 0.061111
0 16324 0.446875 0.550926 0.043750 0.040741
0 16325 0.434375 0.479630 0.044792 0.042593
0 16326 0.452865 0.785648 0.158854 0.113889
0 16327 0.439583 0.218519 0.020833 0.035185
0 16328 0.595313 0.207870 0.023958 0.034259
0 16329 0.331510 0.655556 0.085938 0.072222
0 16330 0.305990 0.724537 0.098437 0.089815
0 16331 0.566927 0.287963 0.040104 0.038889
0 16332 0.227604 0.835185 0.142708 0.103704
0 16333 0.406250 0.339352 0.033333 0.036111
0 16334 0.554427 0.516667 0.042188 0.042593
0 16335 0.575000 0.371759 0.036458 0.037963
0 16336 0.501563 0.795833 0.128125 0.110185
0 16337 0.550521 0.619444 0.078125 0.072222
