0 17120 0.578646 0.633796 0.062500 0.047222
0 17121 0.450260 0.174074 0.024479 0.033333
0 17122 0.542708 0.782870 0.067708 0.087963
0 17123 0.393750 0.633796 0.064583 0.052778
0 17124 0.402083 0.458333 0.039583 0.042593
0 17125 0.582812 0.254630 0.030208 0.038889
0 17126 0.275000 0.797685 0.130208 0.099074
0 17127 0.508854 0.769444 0.121875 0.083333
0 17128 0.378646 0.681481 0.070833 0.066667
0 17129 0.430990 0.567130 0.045312 0.043519
0 17130 0.426823 0.509259 0.046354 0.050000
0 17131 0.470052 0.792130 0.165104 0.112037
0 17132 0.409115 0.250926 0.025521 0.033333
0 17133 0.601823 0.208796 0.025521 0.036111
0 17134 0.320573 0.698611 0.086979 0.075000
0 17135 0.302083 0.754630 0.108333 0.090741
0 17136 0.567969 0.312037 0.041146 0.038889
0 17137 0.222917 0.850000 0.141667 0.103704
0 17138 0.405208 0.346759 0.033333 0.034259
0 17139 0.553646 0.545833 0.045833 0.041667
0 17140 0.570312 0.408796 0.036458 0.037963
0 17141 0.497396 0.807870 0.123958 0.097222
0 17142 0.547135 0.665278 0.078646 0.069444
