0 16269 0.578906 0.596759 0.059896 0.041667
0 16270 0.443490 0.164352 0.024479 0.028704
0 16271 0.546875 0.730093 0.069792 0.076852
0 16272 0.400521 0.591204 0.059375 0.049074
0 16273 0.404687 0.436574 0.037500 0.041667
0 16274 0.579427 0.244907 0.028646 0.039815
0 16275 0.285417 0.776852 0.130208 0.105556
0 16276 0.504427 0.737500 0.121354 0.086111
0 16277 0.379167 0.634259 0.069792 0.061111
0 16278 0.446875 0.550000 0.043750 0.040741
0 16279 0.434375 0.477315 0.044792 0.041667
0 16280 0.450781 0.785648 0.157812 0.113889
0 16281 0.440104 0.217593 0.020833 0.035185
0 16282 0.594792 0.207407 0.023958 0.033333
0 16283 0.331510 0.652778 0.085938 0.072222
0 16284 0.305990 0.722685 0.098437 0.089815
0 16285 0.566406 0.287037 0.040104 0.038889
0 16286 0.227865 0.835185 0.143229 0.103704
0 16287 0.405729 0.338426 0.033333 0.036111
0 16288 0.554427 0.515741 0.042188 0.042593
0 16289 0.575000 0.368981 0.036458 0.037963
0 16290 0.505469 0.794907 0.123438 0.110185
0 16291 0.550260 0.615741 0.077604 0.072222
