0 15556 0.565625 0.564352 0.053125 0.043519
0 15557 0.436719 0.155556 0.020313 0.025926
0 15558 0.547917 0.697685 0.069792 0.069444
0 15559 0.404687 0.571759 0.059375 0.050926
0 15560 0.404427 0.416204 0.035937 0.039815
0 15561 0.571094 0.231481 0.025521 0.038889
0 15562 0.292448 0.752315 0.132812 0.095370
0 15563 0.504687 0.701852 0.102083 0.088889
0 15564 0.381771 0.590741 0.068750 0.059259
0 15565 0.450260 0.532407 0.042188 0.040741
0 15566 0.434115 0.449074 0.044271 0.038889
0 15567 0.451823 0.765278 0.150521 0.110185
0 15568 0.439583 0.216667 0.021875 0.033333
0 15569 0.590625 0.191204 0.021875 0.028704
0 15570 0.339844 0.627778 0.084896 0.072222
0 15571 0.309115 0.697685 0.096354 0.082407
0 15572 0.560417 0.272685 0.038542 0.037963
0 15573 0.230208 0.804630 0.140625 0.107407
0 15574 0.405208 0.326852 0.033333 0.035185
0 15575 0.558073 0.486574 0.041146 0.041667
0 15576 0.572396 0.338426 0.035417 0.037963
0 15577 0.519792 0.782870 0.133333 0.110185
0 15578 0.551562 0.577778 0.075000 0.068519
