0 16223 0.578906 0.594444 0.059896 0.040741
0 16224 0.442969 0.163426 0.024479 0.028704
0 16225 0.546875 0.726389 0.069792 0.076852
0 16226 0.401042 0.589352 0.059375 0.049074
0 16227 0.404687 0.434722 0.037500 0.041667
0 16228 0.578906 0.244907 0.028646 0.039815
0 16229 0.285417 0.775926 0.130208 0.105556
0 16230 0.503906 0.735648 0.120313 0.086111
0 16231 0.379167 0.631019 0.069792 0.060185
0 16232 0.447396 0.549074 0.043750 0.040741
0 16233 0.434375 0.475463 0.044792 0.041667
0 16234 0.448698 0.785648 0.156771 0.113889
0 16235 0.440625 0.216204 0.020833 0.034259
0 16236 0.593750 0.206944 0.023958 0.032407
0 16237 0.331510 0.650926 0.085938 0.072222
0 16238 0.305990 0.720833 0.098437 0.089815
0 16239 0.565885 0.285185 0.040104 0.038889
0 16240 0.227865 0.835185 0.143229 0.103704
0 16241 0.405729 0.336574 0.033333 0.036111
0 16242 0.554427 0.514815 0.042188 0.042593
0 16243 0.575521 0.366204 0.036458 0.037963
0 16244 0.509115 0.793981 0.118229 0.110185
0 16245 0.550260 0.612963 0.077604 0.072222
