0 16016 0.579427 0.587037 0.059896 0.037037
0 16017 0.438542 0.162037 0.023958 0.027778
0 16018 0.547396 0.716667 0.069792 0.074074
0 16019 0.403125 0.583333 0.059375 0.048148
0 16020 0.404948 0.429167 0.036979 0.041667
0 16021 0.577865 0.240741 0.027604 0.038889
0 16022 0.289583 0.771759 0.129167 0.106481
0 16023 0.503385 0.726389 0.119271 0.089815
0 16024 0.381250 0.619907 0.069792 0.060185
0 16025 0.449479 0.543519 0.043750 0.040741
0 16026 0.434375 0.467130 0.044792 0.041667
0 16027 0.446094 0.777778 0.153646 0.111111
0 16028 0.441146 0.216204 0.020833 0.034259
0 16029 0.592187 0.202315 0.021875 0.032407
0 16030 0.333854 0.639815 0.086458 0.072222
0 16031 0.305990 0.712500 0.097396 0.089815
0 16032 0.565885 0.281019 0.040104 0.037963
0 16033 0.226562 0.827778 0.143750 0.103704
0 16034 0.405208 0.333333 0.033333 0.035185
0 16035 0.556510 0.506019 0.042188 0.041667
0 16036 0.576042 0.357870 0.036458 0.037963
0 16037 0.508594 0.793981 0.130729 0.110185
0 16038 0.550000 0.603704 0.076042 0.070370
