0 16384 0.579167 0.601389 0.060417 0.043519
0 16385 0.444531 0.166204 0.024479 0.028704
0 16386 0.546354 0.738426 0.069792 0.076852
0 16387 0.399219 0.595833 0.059896 0.049074
0 16388 0.404687 0.440278 0.037500 0.041667
0 16389 0.580990 0.246759 0.028646 0.039815
0 16390 0.284896 0.779167 0.130208 0.104630
0 16391 0.505729 0.741204 0.123958 0.086111
0 16392 0.379167 0.641667 0.069792 0.061111
0 16393 0.446354 0.551852 0.043750 0.040741
0 16394 0.434375 0.482407 0.044792 0.042593
0 16395 0.456250 0.785648 0.160417 0.113889
0 16396 0.438542 0.220833 0.020833 0.036111
0 16397 0.596354 0.208333 0.023958 0.035185
0 16398 0.331510 0.658333 0.085938 0.072222
0 16399 0.305990 0.727315 0.098437 0.089815
0 16400 0.567448 0.289815 0.040104 0.038889
0 16401 0.226823 0.835185 0.142187 0.103704
0 16402 0.406250 0.340741 0.033333 0.035185
0 16403 0.553906 0.518519 0.042188 0.042593
0 16404 0.573958 0.375463 0.036458 0.037963
0 16405 0.495833 0.797685 0.135417 0.110185
0 16406 0.550000 0.624074 0.078125 0.072222
