0 16890 0.579688 0.622685 0.061458 0.047222
0 16891 0.451302 0.169444 0.024479 0.033333
0 16892 0.542708 0.772685 0.067708 0.086111
0 16893 0.393229 0.618056 0.063542 0.052778
0 16894 0.402083 0.450000 0.039583 0.042593
0 16895 0.583854 0.250926 0.028125 0.038889
0 16896 0.275000 0.794444 0.130208 0.103704
0 16897 0.502083 0.762500 0.115625 0.087963
0 16898 0.378646 0.669907 0.070833 0.063889
0 16899 0.433854 0.560185 0.044792 0.042593
0 16900 0.428125 0.502315 0.044792 0.043519
0 16901 0.467187 0.792130 0.161458 0.112037
0 16902 0.423958 0.239352 0.022917 0.034259
0 16903 0.602083 0.207870 0.025000 0.036111
0 16904 0.325000 0.682870 0.086458 0.075000
0 16905 0.306250 0.741667 0.108333 0.083333
0 16906 0.568490 0.304167 0.041146 0.037963
0 16907 0.223177 0.850000 0.142187 0.103704
0 16908 0.406250 0.348148 0.033333 0.035185
0 16909 0.553125 0.532870 0.044792 0.039815
0 16910 0.570833 0.397685 0.036458 0.037963
0 16911 0.498177 0.800463 0.122396 0.097222
0 16912 0.549219 0.653704 0.078646 0.077778
