0 17235 0.576042 0.638426 0.062500 0.047222
0 17236 0.449479 0.175000 0.025000 0.033333
0 17237 0.541146 0.782407 0.066667 0.088889
0 17238 0.392708 0.637037 0.064583 0.051852
0 17239 0.402083 0.461111 0.039583 0.040741
0 17240 0.582812 0.256481 0.030208 0.038889
0 17241 0.275000 0.795833 0.127083 0.099074
0 17242 0.507812 0.769444 0.119792 0.083333
0 17243 0.378646 0.691667 0.070833 0.068519
0 17244 0.427344 0.568981 0.045312 0.043519
0 17245 0.425000 0.513426 0.046875 0.047222
0 17246 0.470052 0.791204 0.165104 0.112037
0 17247 0.400000 0.254167 0.027083 0.034259
0 17248 0.602083 0.210185 0.026042 0.037037
0 17249 0.318229 0.703241 0.092708 0.075000
0 17250 0.299219 0.761574 0.108854 0.091667
0 17251 0.566146 0.315741 0.041667 0.038889
0 17252 0.222917 0.850000 0.141667 0.103704
0 17253 0.404687 0.344907 0.033333 0.034259
0 17254 0.553125 0.549537 0.045833 0.041667
0 17255 0.569271 0.411574 0.036458 0.037963
0 17256 0.497135 0.808796 0.124479 0.100926
0 17257 0.542708 0.671296 0.079167 0.072222
