0 15878 0.574219 0.580556 0.057813 0.038889
0 15879 0.437500 0.159722 0.022917 0.026852
0 15880 0.547917 0.712963 0.069792 0.072222
0 15881 0.404167 0.579630 0.059375 0.050000
0 15882 0.404687 0.424537 0.036458 0.041667
0 15883 0.576042 0.237963 0.027083 0.038889
0 15884 0.290365 0.766667 0.128646 0.101852
0 15885 0.502344 0.718056 0.115104 0.089815
0 15886 0.382031 0.611574 0.069271 0.060185
0 15887 0.449740 0.540741 0.043229 0.040741
0 15888 0.434115 0.461574 0.044271 0.041667
0 15889 0.444792 0.774074 0.152083 0.111111
0 15890 0.440885 0.215278 0.021354 0.034259
0 15891 0.591146 0.198611 0.021875 0.030556
0 15892 0.336719 0.636111 0.085938 0.072222
0 15893 0.306771 0.706944 0.096875 0.089815
0 15894 0.564583 0.279167 0.039583 0.037963
0 15895 0.227344 0.821296 0.142187 0.103704
0 15896 0.405208 0.331481 0.033333 0.035185
0 15897 0.556771 0.501389 0.041667 0.041667
0 15898 0.574740 0.352778 0.035937 0.038889
0 15899 0.506771 0.790278 0.136458 0.110185
0 15900 0.550781 0.597685 0.075521 0.069444
