0 17258 0.575521 0.640278 0.062500 0.047222
0 17259 0.449740 0.176389 0.025521 0.034259
0 17260 0.541146 0.782870 0.066667 0.089815
0 17261 0.392188 0.637963 0.064583 0.051852
0 17262 0.402083 0.462037 0.039583 0.040741
0 17263 0.582812 0.257407 0.030208 0.038889
0 17264 0.275000 0.795370 0.130208 0.094444
0 17265 0.508594 0.770370 0.121354 0.083333
0 17266 0.378646 0.693056 0.070833 0.067593
0 17267 0.426302 0.568981 0.045312 0.043519
0 17268 0.425000 0.515278 0.046875 0.047222
0 17269 0.470052 0.792130 0.165104 0.112037
0 17270 0.398438 0.255093 0.027083 0.034259
0 17271 0.602344 0.210648 0.026562 0.037963
0 17272 0.318490 0.705093 0.094271 0.075000
0 17273 0.298958 0.763426 0.109375 0.091667
0 17274 0.566406 0.316667 0.042188 0.038889
0 17275 0.222917 0.850000 0.141667 0.103704
0 17276 0.404687 0.344907 0.033333 0.034259
0 17277 0.553385 0.550463 0.046354 0.041667
0 17278 0.569271 0.412500 0.036458 0.037963
0 17279 0.497396 0.809259 0.123958 0.100000
0 17280 0.542448 0.672685 0.079687 0.073148
