0 16568 0.577344 0.608333 0.060937 0.046296
0 16569 0.447396 0.168519 0.025000 0.031481
0 16570 0.545573 0.753241 0.068229 0.076852
0 16571 0.396094 0.601852 0.060937 0.050000
0 16572 0.404167 0.444444 0.037500 0.042593
0 16573 0.581510 0.248148 0.028646 0.040741
0 16574 0.281250 0.786111 0.130208 0.103704
0 16575 0.502604 0.750463 0.117708 0.087963
0 16576 0.378646 0.652315 0.069792 0.063889
0 16577 0.443750 0.555093 0.043750 0.041667
0 16578 0.431771 0.490278 0.044792 0.043519
0 16579 0.459896 0.790741 0.161458 0.112963
0 16580 0.434635 0.225463 0.021354 0.036111
0 16581 0.597917 0.208796 0.025000 0.036111
0 16582 0.331250 0.667130 0.086458 0.073148
0 16583 0.307292 0.731019 0.102083 0.086111
0 16584 0.568229 0.294444 0.040625 0.037037
0 16585 0.223177 0.838889 0.142187 0.103704
0 16586 0.406250 0.343519 0.033333 0.035185
0 16587 0.553125 0.522222 0.042708 0.040741
0 16588 0.572396 0.384722 0.036458 0.037963
0 16589 0.496354 0.796759 0.130208 0.106481
0 16590 0.550260 0.637500 0.078646 0.073148
