0 15763 0.568229 0.573611 0.055208 0.041667
0 15764 0.437240 0.157407 0.022396 0.025926
0 15765 0.547917 0.709722 0.069792 0.069444
0 15766 0.404687 0.575926 0.059375 0.051852
0 15767 0.404687 0.420833 0.036458 0.041667
0 15768 0.573698 0.235185 0.026562 0.038889
0 15769 0.290365 0.762963 0.128646 0.096296
0 15770 0.502083 0.710648 0.110417 0.089815
0 15771 0.382552 0.603241 0.069271 0.060185
0 15772 0.449479 0.538889 0.042708 0.040741
0 15773 0.434115 0.457870 0.044271 0.041667
0 15774 0.444271 0.771296 0.151042 0.111111
0 15775 0.440625 0.215278 0.021875 0.034259
0 15776 0.590625 0.196759 0.021875 0.028704
0 15777 0.338802 0.635185 0.084896 0.072222
0 15778 0.308073 0.702315 0.096354 0.089815
0 15779 0.562760 0.276389 0.039062 0.037963
0 15780 0.229687 0.815741 0.140625 0.103704
0 15781 0.405208 0.329630 0.033333 0.035185
0 15782 0.557292 0.497685 0.041667 0.041667
0 15783 0.572917 0.348148 0.035417 0.038889
0 15784 0.505469 0.786574 0.139063 0.110185
0 15785 0.551042 0.592593 0.075000 0.068519
