0 16338 0.578906 0.599074 0.059896 0.042593
0 16339 0.444010 0.165278 0.024479 0.028704
0 16340 0.546354 0.734722 0.069792 0.076852
0 16341 0.399740 0.593981 0.059896 0.049074
0 16342 0.404687 0.438426 0.037500 0.041667
0 16343 0.580469 0.245833 0.028646 0.039815
0 16344 0.284896 0.778241 0.130208 0.104630
0 16345 0.505208 0.739352 0.122917 0.086111
0 16346 0.379167 0.638889 0.069792 0.061111
0 16347 0.446875 0.550926 0.043750 0.040741
0 16348 0.434375 0.480556 0.044792 0.042593
0 16349 0.454167 0.785648 0.159375 0.113889
0 16350 0.439063 0.219444 0.020833 0.035185
0 16351 0.595833 0.207870 0.023958 0.034259
0 16352 0.331510 0.656481 0.085938 0.072222
0 16353 0.305990 0.725463 0.098437 0.089815
0 16354 0.566927 0.288889 0.040104 0.038889
0 16355 0.227083 0.835185 0.142708 0.103704
0 16356 0.406250 0.338889 0.033333 0.035185
0 16357 0.553906 0.517593 0.042188 0.042593
0 16358 0.574479 0.372685 0.036458 0.037963
0 16359 0.499740 0.796759 0.130729 0.110185
0 16360 0.550000 0.621296 0.078125 0.072222
