0 16131 0.578906 0.591204 0.059896 0.039815
0 16132 0.441146 0.162037 0.023958 0.027778
0 16133 0.547396 0.722222 0.069792 0.075926
0 16134 0.402083 0.586574 0.059375 0.049074
0 16135 0.404948 0.431944 0.036979 0.041667
0 16136 0.578125 0.242593 0.028125 0.038889
0 16137 0.287240 0.774537 0.129688 0.106481
0 16138 0.503385 0.731481 0.119271 0.087037
0 16139 0.380208 0.626389 0.069792 0.060185
0 16140 0.448437 0.547222 0.043750 0.040741
0 16141 0.434375 0.471759 0.044792 0.041667
0 16142 0.446875 0.782407 0.155208 0.112963
0 16143 0.441146 0.216204 0.020833 0.034259
0 16144 0.592708 0.205093 0.022917 0.032407
0 16145 0.332031 0.646296 0.085938 0.072222
0 16146 0.306250 0.717130 0.097917 0.089815
0 16147 0.565885 0.282870 0.040104 0.037963
0 16148 0.227604 0.832407 0.143750 0.103704
0 16149 0.405729 0.335648 0.033333 0.036111
0 16150 0.555469 0.511111 0.042188 0.042593
0 16151 0.576042 0.362500 0.036458 0.037963
0 16152 0.510156 0.793981 0.121354 0.110185
0 16153 0.550521 0.608796 0.077083 0.071296
