0 15970 0.579427 0.587037 0.059896 0.037037
0 15971 0.438021 0.162037 0.023958 0.027778
0 15972 0.547917 0.715741 0.069792 0.074074
0 15973 0.403646 0.582407 0.059375 0.048148
0 15974 0.404948 0.428241 0.036979 0.041667
0 15975 0.577865 0.239815 0.027604 0.038889
0 15976 0.291146 0.770833 0.129167 0.106481
0 15977 0.503385 0.724074 0.119271 0.090741
0 15978 0.381250 0.617130 0.069792 0.060185
0 15979 0.449479 0.542593 0.043750 0.040741
0 15980 0.434635 0.465278 0.044271 0.041667
0 15981 0.445833 0.776852 0.153125 0.111111
0 15982 0.441667 0.216204 0.020833 0.034259
0 15983 0.592187 0.200463 0.021875 0.032407
0 15984 0.335156 0.637963 0.086979 0.072222
0 15985 0.305990 0.711574 0.097396 0.089815
0 15986 0.565885 0.281019 0.040104 0.037963
0 15987 0.226042 0.826852 0.143750 0.103704
0 15988 0.405208 0.332407 0.033333 0.035185
0 15989 0.557031 0.504167 0.042188 0.041667
0 15990 0.576562 0.356481 0.036458 0.038889
0 15991 0.508333 0.793981 0.134375 0.110185
0 15992 0.550521 0.601852 0.076042 0.070370
