0 17166 0.577604 0.635648 0.062500 0.047222
0 17167 0.449740 0.174074 0.024479 0.033333
0 17168 0.541927 0.781944 0.067187 0.087963
0 17169 0.393750 0.634722 0.064583 0.052778
0 17170 0.402083 0.458796 0.039583 0.041667
0 17171 0.582812 0.254630 0.030208 0.038889
0 17172 0.273177 0.796759 0.123438 0.099074
0 17173 0.504167 0.769444 0.109375 0.083333
0 17174 0.378646 0.687500 0.070833 0.071296
0 17175 0.429427 0.568056 0.045312 0.043519
0 17176 0.426042 0.510648 0.046875 0.049074
0 17177 0.470052 0.791204 0.165104 0.112037
0 17178 0.405469 0.251852 0.026562 0.035185
0 17179 0.601823 0.209722 0.025521 0.036111
0 17180 0.319792 0.699537 0.089583 0.075000
0 17181 0.300521 0.757870 0.108333 0.091667
0 17182 0.565885 0.312963 0.041146 0.038889
0 17183 0.222917 0.850000 0.141667 0.103704
0 17184 0.405208 0.345833 0.033333 0.034259
0 17185 0.553125 0.547685 0.045833 0.041667
0 17186 0.569792 0.409722 0.036458 0.037963
0 17187 0.497135 0.806944 0.124479 0.100926
0 17188 0.545052 0.667593 0.078646 0.070370
