0 16453 0.578125 0.603704 0.060417 0.044444
0 16454 0.445312 0.167130 0.025000 0.028704
0 16455 0.546094 0.743981 0.069271 0.076852
0 16456 0.397917 0.598611 0.060417 0.049074
0 16457 0.404687 0.442593 0.037500 0.042593
0 16458 0.581510 0.247685 0.028646 0.039815
0 16459 0.283854 0.780556 0.130208 0.103704
0 16460 0.505469 0.744444 0.123438 0.087037
0 16461 0.378646 0.646759 0.069792 0.062037
0 16462 0.445833 0.553241 0.043750 0.041667
0 16463 0.433854 0.485648 0.044792 0.043519
0 16464 0.458333 0.786574 0.161458 0.113889
0 16465 0.436979 0.221759 0.020833 0.036111
0 16466 0.597656 0.208796 0.024479 0.036111
0 16467 0.331250 0.662037 0.086458 0.072222
0 16468 0.305729 0.729167 0.098958 0.089815
0 16469 0.567969 0.291204 0.040104 0.037963
0 16470 0.226302 0.836111 0.142187 0.103704
0 16471 0.406250 0.341667 0.033333 0.035185
0 16472 0.553385 0.520370 0.042188 0.042593
0 16473 0.573438 0.379167 0.036458 0.037963
0 16474 0.492708 0.798611 0.138542 0.110185
0 16475 0.550260 0.628704 0.078646 0.072222
