0 16476 0.578125 0.604630 0.060417 0.044444
0 16477 0.445833 0.167593 0.025000 0.029630
0 16478 0.546094 0.745833 0.069271 0.076852
0 16479 0.397917 0.599537 0.060417 0.049074
0 16480 0.404687 0.442593 0.037500 0.042593
0 16481 0.581510 0.247685 0.028646 0.039815
0 16482 0.283333 0.781481 0.130208 0.103704
0 16483 0.504948 0.745370 0.122396 0.087037
0 16484 0.378646 0.647685 0.069792 0.062037
0 16485 0.445312 0.554167 0.043750 0.041667
0 16486 0.433333 0.486574 0.044792 0.043519
0 16487 0.458854 0.787500 0.161458 0.113889
0 16488 0.436719 0.222685 0.021354 0.036111
0 16489 0.597656 0.208796 0.024479 0.036111
0 16490 0.331250 0.662963 0.086458 0.072222
0 16491 0.305990 0.729630 0.099479 0.088889
0 16492 0.567969 0.292130 0.040104 0.037963
0 16493 0.225781 0.837037 0.142187 0.103704
0 16494 0.406250 0.342593 0.033333 0.035185
0 16495 0.553385 0.519907 0.042188 0.041667
0 16496 0.573438 0.380093 0.036458 0.037963
0 16497 0.493490 0.798148 0.136979 0.109259
0 16498 0.550260 0.630556 0.078646 0.072222
