0 16729 0.578646 0.615278 0.061458 0.047222
0 16730 0.449219 0.169444 0.024479 0.033333
0 16731 0.544271 0.764815 0.067708 0.079630
0 16732 0.394531 0.607870 0.061979 0.050926
0 16733 0.402865 0.447222 0.038021 0.042593
0 16734 0.581771 0.249074 0.028125 0.040741
0 16735 0.277604 0.791667 0.130208 0.103704
0 16736 0.500781 0.757407 0.114062 0.088889
0 16737 0.378646 0.661574 0.069792 0.065741
0 16738 0.439583 0.557870 0.043750 0.041667
0 16739 0.429688 0.496759 0.044792 0.043519
0 16740 0.462500 0.793981 0.161458 0.112037
0 16741 0.429688 0.231481 0.021875 0.035185
0 16742 0.598958 0.208796 0.025000 0.036111
0 16743 0.329167 0.675000 0.086458 0.074074
0 16744 0.307552 0.735185 0.105729 0.083333
0 16745 0.568490 0.298611 0.041146 0.036111
0 16746 0.221615 0.843519 0.142187 0.103704
0 16747 0.406250 0.346296 0.033333 0.035185
0 16748 0.552865 0.527315 0.043229 0.039815
0 16749 0.571354 0.391204 0.036458 0.037963
0 16750 0.499219 0.797222 0.123438 0.101852
0 16751 0.549740 0.646759 0.078646 0.075000
