0 17143 0.578125 0.634722 0.062500 0.047222
0 17144 0.450260 0.174074 0.024479 0.033333
0 17145 0.541927 0.781944 0.067187 0.087963
0 17146 0.394271 0.634722 0.064583 0.052778
0 17147 0.402083 0.457870 0.039583 0.041667
0 17148 0.582812 0.254630 0.030208 0.038889
0 17149 0.275000 0.798611 0.130208 0.099074
0 17150 0.505469 0.769444 0.115104 0.083333
0 17151 0.378906 0.685185 0.071354 0.072222
0 17152 0.430469 0.567130 0.045312 0.043519
0 17153 0.426302 0.509722 0.046354 0.049074
0 17154 0.470052 0.791204 0.165104 0.112037
0 17155 0.407292 0.250926 0.026042 0.035185
0 17156 0.601823 0.208796 0.025521 0.036111
0 17157 0.320312 0.698611 0.088542 0.075000
0 17158 0.301042 0.755556 0.108333 0.090741
0 17159 0.566406 0.312963 0.041146 0.038889
0 17160 0.222917 0.850000 0.141667 0.103704
0 17161 0.405208 0.346759 0.033333 0.034259
0 17162 0.553125 0.546759 0.045833 0.041667
0 17163 0.569792 0.408796 0.036458 0.037963
0 17164 0.497135 0.806944 0.124479 0.100926
0 17165 0.546615 0.667130 0.078646 0.071296
