0 15648 0.565365 0.568981 0.053646 0.043519
0 15649 0.436719 0.156481 0.021354 0.025926
0 15650 0.547917 0.703241 0.069792 0.069444
0 15651 0.404687 0.574074 0.059375 0.051852
0 15652 0.404427 0.418519 0.035937 0.040741
0 15653 0.572396 0.233333 0.026042 0.038889
0 15654 0.291406 0.756944 0.130729 0.095370
0 15655 0.503385 0.705556 0.105729 0.088889
0 15656 0.382292 0.596759 0.068750 0.060185
0 15657 0.449740 0.535185 0.042188 0.040741
0 15658 0.434115 0.453241 0.044271 0.039815
0 15659 0.447656 0.768056 0.150521 0.110185
0 15660 0.440104 0.215741 0.021875 0.033333
0 15661 0.590625 0.193981 0.021875 0.028704
0 15662 0.339844 0.631481 0.084896 0.072222
0 15663 0.308594 0.699537 0.096354 0.086111
0 15664 0.561458 0.274537 0.038542 0.037963
0 15665 0.230208 0.809259 0.140625 0.105556
0 15666 0.405208 0.327778 0.033333 0.035185
0 15667 0.557552 0.491204 0.041146 0.041667
0 15668 0.572396 0.342130 0.035417 0.037963
0 15669 0.512500 0.783796 0.136458 0.110185
0 15670 0.551562 0.585185 0.075000 0.068519
