0 16821 0.579688 0.618981 0.061458 0.047222
0 16822 0.450260 0.169444 0.024479 0.033333
0 16823 0.543229 0.768519 0.067708 0.083333
0 16824 0.393750 0.613889 0.062500 0.051852
0 16825 0.402604 0.448148 0.038542 0.042593
0 16826 0.582812 0.250000 0.028125 0.038889
0 16827 0.276042 0.792593 0.130208 0.103704
0 16828 0.501042 0.759722 0.114583 0.087963
0 16829 0.378906 0.666667 0.070312 0.064815
0 16830 0.436198 0.558796 0.044271 0.041667
0 16831 0.428646 0.499537 0.044792 0.043519
0 16832 0.465104 0.792130 0.161458 0.112037
0 16833 0.426302 0.236111 0.022396 0.035185
0 16834 0.600521 0.208796 0.025000 0.036111
0 16835 0.326562 0.678704 0.086458 0.074074
0 16836 0.306510 0.738889 0.106771 0.083333
0 16837 0.568490 0.301852 0.041146 0.037037
0 16838 0.222656 0.847222 0.142187 0.103704
0 16839 0.406250 0.347222 0.033333 0.035185
0 16840 0.552865 0.530093 0.044271 0.039815
0 16841 0.570833 0.394907 0.036458 0.037963
0 16842 0.498437 0.798611 0.122917 0.099074
0 16843 0.549219 0.650926 0.078646 0.075926
