0 15924 0.576823 0.583796 0.058854 0.037963
0 15925 0.437760 0.160648 0.023438 0.026852
0 15926 0.547917 0.714352 0.069792 0.073148
0 15927 0.404167 0.581019 0.059375 0.049074
0 15928 0.404687 0.426389 0.036458 0.041667
0 15929 0.576562 0.238889 0.027083 0.038889
0 15930 0.290365 0.768519 0.128646 0.103704
0 15931 0.502865 0.720833 0.117188 0.089815
0 15932 0.381510 0.614352 0.069271 0.060185
0 15933 0.449740 0.541667 0.043229 0.040741
0 15934 0.434115 0.463426 0.044271 0.041667
0 15935 0.445052 0.775000 0.152604 0.111111
0 15936 0.441406 0.215278 0.021354 0.034259
0 15937 0.591667 0.200000 0.021875 0.031481
0 15938 0.335938 0.637037 0.086458 0.072222
0 15939 0.306250 0.708796 0.096875 0.089815
0 15940 0.565104 0.280093 0.039583 0.037963
0 15941 0.226562 0.824074 0.142708 0.103704
0 15942 0.405208 0.331481 0.033333 0.035185
0 15943 0.556771 0.502315 0.041667 0.041667
0 15944 0.575260 0.354630 0.035937 0.038889
0 15945 0.507292 0.792130 0.135417 0.110185
0 15946 0.550260 0.599537 0.075521 0.069444
