0 16200 0.578906 0.593519 0.059896 0.040741
0 16201 0.442969 0.163426 0.024479 0.028704
0 16202 0.547396 0.725463 0.069792 0.076852
0 16203 0.401562 0.588426 0.059375 0.049074
0 16204 0.404687 0.434722 0.037500 0.041667
0 16205 0.578906 0.244907 0.028646 0.039815
0 16206 0.285938 0.776389 0.130208 0.106481
0 16207 0.503646 0.735648 0.119792 0.086111
0 16208 0.379167 0.629167 0.069792 0.060185
0 16209 0.447396 0.549074 0.043750 0.040741
0 16210 0.434375 0.474537 0.044792 0.041667
0 16211 0.448177 0.785648 0.156771 0.113889
0 16212 0.441146 0.216204 0.020833 0.034259
0 16213 0.593750 0.206944 0.023958 0.032407
0 16214 0.331510 0.650000 0.085938 0.072222
0 16215 0.306510 0.719907 0.098437 0.089815
0 16216 0.565885 0.285185 0.040104 0.038889
0 16217 0.228125 0.835185 0.143750 0.103704
0 16218 0.405729 0.336574 0.033333 0.036111
0 16219 0.554948 0.513889 0.042188 0.042593
0 16220 0.576042 0.365278 0.036458 0.037963
0 16221 0.510938 0.793981 0.115625 0.110185
0 16222 0.550781 0.611111 0.077604 0.072222
