0 16798 0.579167 0.618056 0.061458 0.047222
0 16799 0.450260 0.169444 0.024479 0.033333
0 16800 0.543750 0.768056 0.067708 0.082407
0 16801 0.393750 0.612037 0.062500 0.051852
0 16802 0.402604 0.448148 0.038542 0.042593
0 16803 0.582812 0.249537 0.028125 0.039815
0 16804 0.276562 0.792593 0.130208 0.103704
0 16805 0.501042 0.758796 0.114583 0.087963
0 16806 0.378906 0.664815 0.070312 0.064815
0 16807 0.437240 0.558796 0.044271 0.041667
0 16808 0.429167 0.498611 0.044792 0.043519
0 16809 0.464583 0.793056 0.161458 0.112037
0 16810 0.427344 0.235185 0.022396 0.035185
0 16811 0.600000 0.208796 0.025000 0.036111
0 16812 0.327083 0.677778 0.086458 0.074074
0 16813 0.307031 0.737963 0.106771 0.083333
0 16814 0.568490 0.300926 0.041146 0.037037
0 16815 0.222135 0.846296 0.142187 0.103704
0 16816 0.406250 0.347222 0.033333 0.035185
0 16817 0.552604 0.529167 0.043750 0.039815
0 16818 0.570833 0.393981 0.036458 0.037963
0 16819 0.498437 0.799074 0.122917 0.100000
0 16820 0.549219 0.650000 0.078646 0.075926
