0 17212 0.576562 0.637500 0.062500 0.047222
0 17213 0.449479 0.175000 0.025000 0.033333
0 17214 0.541146 0.782407 0.066667 0.088889
0 17215 0.393229 0.636111 0.064583 0.051852
0 17216 0.402083 0.460185 0.039583 0.040741
0 17217 0.582812 0.255556 0.030208 0.038889
0 17218 0.273698 0.797685 0.126562 0.099074
0 17219 0.507812 0.769444 0.118750 0.083333
0 17220 0.378646 0.690278 0.070833 0.069444
0 17221 0.427865 0.568056 0.045312 0.043519
0 17222 0.425521 0.512963 0.046875 0.048148
0 17223 0.470052 0.791204 0.165104 0.112037
0 17224 0.402083 0.253704 0.027083 0.035185
0 17225 0.602083 0.210185 0.026042 0.037037
0 17226 0.318750 0.702315 0.091667 0.075000
0 17227 0.299740 0.760648 0.108854 0.091667
0 17228 0.566146 0.314815 0.041667 0.038889
0 17229 0.222917 0.850000 0.141667 0.103704
0 17230 0.404687 0.345833 0.033333 0.034259
0 17231 0.553125 0.548611 0.045833 0.041667
0 17232 0.569271 0.410648 0.036458 0.037963
0 17233 0.497135 0.808796 0.124479 0.100926
0 17234 0.543750 0.669907 0.079167 0.071296
