0 15993 0.579427 0.587037 0.059896 0.037037
0 15994 0.438021 0.162037 0.023958 0.027778
0 15995 0.547396 0.715741 0.069792 0.074074
0 15996 0.403646 0.582407 0.059375 0.048148
0 15997 0.404948 0.428241 0.036979 0.041667
0 15998 0.577865 0.239815 0.027604 0.038889
0 15999 0.290104 0.770833 0.129167 0.106481
0 16000 0.503385 0.724537 0.119271 0.089815
0 16001 0.381250 0.618981 0.069792 0.060185
0 16002 0.449479 0.543519 0.043750 0.040741
0 16003 0.434635 0.466204 0.044271 0.041667
0 16004 0.445833 0.776852 0.153125 0.111111
0 16005 0.441146 0.216204 0.020833 0.034259
0 16006 0.592187 0.201389 0.021875 0.032407
0 16007 0.334375 0.638889 0.086458 0.072222
0 16008 0.305990 0.711574 0.097396 0.089815
0 16009 0.565885 0.281019 0.040104 0.037963
0 16010 0.226042 0.826852 0.143750 0.103704
0 16011 0.405208 0.332407 0.033333 0.035185
0 16012 0.556510 0.505093 0.042188 0.041667
0 16013 0.576042 0.357407 0.036458 0.038889
0 16014 0.508594 0.793981 0.132812 0.110185
0 16015 0.550000 0.602778 0.076042 0.070370
