0 15717 0.565625 0.571759 0.054167 0.043519
0 15718 0.436979 0.156481 0.021875 0.025926
0 15719 0.547917 0.707870 0.069792 0.069444
0 15720 0.404687 0.575463 0.059375 0.052778
0 15721 0.404427 0.419444 0.035937 0.040741
0 15722 0.572917 0.234259 0.026042 0.038889
0 15723 0.290625 0.760648 0.129167 0.095370
0 15724 0.502083 0.708333 0.108333 0.088889
0 15725 0.382552 0.600463 0.069271 0.060185
0 15726 0.449740 0.537037 0.042188 0.040741
0 15727 0.434115 0.456481 0.044271 0.040741
0 15728 0.444531 0.769907 0.150521 0.110185
0 15729 0.440104 0.215278 0.021875 0.034259
0 15730 0.590625 0.195833 0.021875 0.028704
0 15731 0.339844 0.634259 0.084896 0.072222
0 15732 0.308594 0.700926 0.096354 0.088889
0 15733 0.561979 0.275463 0.038542 0.037963
0 15734 0.230208 0.812963 0.140625 0.103704
0 15735 0.405208 0.328704 0.033333 0.035185
0 15736 0.557552 0.495833 0.041146 0.041667
0 15737 0.572396 0.345370 0.035417 0.038889
0 15738 0.507031 0.784722 0.139063 0.110185
0 15739 0.551562 0.589815 0.075000 0.068519
