0 16844 0.580208 0.620833 0.061458 0.047222
0 16845 0.450781 0.169444 0.024479 0.033333
0 16846 0.543229 0.769907 0.067708 0.084259
0 16847 0.393490 0.614815 0.063021 0.051852
0 16848 0.402344 0.449074 0.039062 0.042593
0 16849 0.583333 0.250000 0.028125 0.038889
0 16850 0.275521 0.793519 0.130208 0.103704
0 16851 0.501302 0.760648 0.115104 0.087963
0 16852 0.378906 0.667593 0.070312 0.064815
0 16853 0.435677 0.558796 0.044271 0.041667
0 16854 0.428646 0.500463 0.044792 0.043519
0 16855 0.465625 0.792130 0.161458 0.112037
0 16856 0.425521 0.236574 0.022917 0.034259
0 16857 0.601042 0.208796 0.025000 0.036111
0 16858 0.326042 0.679630 0.086458 0.074074
0 16859 0.306250 0.739815 0.107292 0.083333
0 16860 0.568490 0.301852 0.041146 0.037037
0 16861 0.222656 0.848148 0.142187 0.103704
0 16862 0.406250 0.347222 0.033333 0.035185
0 16863 0.552865 0.531019 0.044271 0.039815
0 16864 0.570833 0.395833 0.036458 0.037963
0 16865 0.498437 0.799537 0.122917 0.099074
0 16866 0.549219 0.652315 0.078646 0.076852
