0 17189 0.577083 0.636574 0.062500 0.047222
0 17190 0.449740 0.174074 0.024479 0.033333
0 17191 0.541927 0.782407 0.067187 0.088889
0 17192 0.393750 0.635185 0.064583 0.051852
0 17193 0.402083 0.459722 0.039583 0.041667
0 17194 0.582812 0.255556 0.030208 0.038889
0 17195 0.273438 0.798611 0.125000 0.099074
0 17196 0.507812 0.769444 0.117708 0.083333
0 17197 0.378646 0.688889 0.070833 0.070370
0 17198 0.428906 0.568056 0.045312 0.043519
0 17199 0.426042 0.512037 0.046875 0.048148
0 17200 0.470052 0.791204 0.165104 0.112037
0 17201 0.403385 0.252778 0.026562 0.035185
0 17202 0.601823 0.209722 0.025521 0.036111
0 17203 0.319271 0.700463 0.090625 0.075000
0 17204 0.300260 0.758796 0.108854 0.091667
0 17205 0.565885 0.313889 0.041146 0.038889
0 17206 0.222917 0.850000 0.141667 0.103704
0 17207 0.405208 0.345833 0.033333 0.034259
0 17208 0.553125 0.548611 0.045833 0.041667
0 17209 0.569792 0.410648 0.036458 0.037963
0 17210 0.497135 0.807870 0.124479 0.100926
0 17211 0.544010 0.668981 0.078646 0.071296
