0 17028 0.579427 0.629167 0.061979 0.047222
0 17029 0.450260 0.172222 0.024479 0.033333
0 17030 0.542708 0.778704 0.067708 0.087037
0 17031 0.393490 0.627315 0.064062 0.052778
0 17032 0.402083 0.454630 0.039583 0.042593
0 17033 0.582812 0.252778 0.029167 0.038889
0 17034 0.275000 0.795833 0.130208 0.100926
0 17035 0.505990 0.766667 0.119271 0.085185
0 17036 0.378646 0.677315 0.070833 0.065741
0 17037 0.432292 0.563889 0.044792 0.042593
0 17038 0.427083 0.506019 0.045833 0.047222
0 17039 0.468750 0.792130 0.163542 0.112037
0 17040 0.414844 0.245833 0.024479 0.034259
0 17041 0.601562 0.208796 0.025000 0.036111
0 17042 0.321875 0.692130 0.086458 0.075000
0 17043 0.303646 0.749537 0.108333 0.087963
0 17044 0.567969 0.307870 0.041146 0.037963
0 17045 0.221094 0.850000 0.139063 0.103704
0 17046 0.405729 0.346759 0.033333 0.034259
0 17047 0.553385 0.540741 0.045312 0.040741
0 17048 0.570312 0.404167 0.036458 0.037963
0 17049 0.496094 0.803241 0.123438 0.100926
0 17050 0.547656 0.661111 0.078646 0.072222
