0 15625 0.565885 0.567130 0.053646 0.043519
0 15626 0.437240 0.156481 0.021354 0.025926
0 15627 0.547917 0.702315 0.069792 0.069444
0 15628 0.404687 0.573148 0.059375 0.051852
0 15629 0.404427 0.417593 0.035937 0.040741
0 15630 0.571875 0.233333 0.026042 0.038889
0 15631 0.291667 0.756019 0.131250 0.095370
0 15632 0.503385 0.704630 0.104688 0.088889
0 15633 0.381771 0.594444 0.068750 0.059259
0 15634 0.449740 0.535185 0.042188 0.040741
0 15635 0.434115 0.452315 0.044271 0.039815
0 15636 0.448698 0.767130 0.150521 0.110185
0 15637 0.440104 0.215741 0.021875 0.033333
0 15638 0.590625 0.193056 0.021875 0.028704
0 15639 0.339844 0.630556 0.084896 0.072222
0 15640 0.309115 0.699074 0.096354 0.085185
0 15641 0.560937 0.273611 0.038542 0.037963
0 15642 0.230208 0.808796 0.140625 0.106481
0 15643 0.405208 0.327778 0.033333 0.035185
0 15644 0.558073 0.490278 0.041146 0.041667
0 15645 0.572396 0.341204 0.035417 0.037963
0 15646 0.514062 0.783796 0.135417 0.110185
0 15647 0.551562 0.583333 0.075000 0.068519
