0 16361 0.578906 0.600000 0.059896 0.042593
0 16362 0.444010 0.165278 0.024479 0.028704
0 16363 0.546354 0.736574 0.069792 0.076852
0 16364 0.399219 0.594907 0.059896 0.049074
0 16365 0.404687 0.439352 0.037500 0.041667
0 16366 0.580469 0.246759 0.028646 0.039815
0 16367 0.284896 0.778241 0.130208 0.104630
0 16368 0.505469 0.740278 0.123438 0.086111
0 16369 0.379167 0.640741 0.069792 0.061111
0 16370 0.446354 0.551852 0.043750 0.040741
0 16371 0.434375 0.481481 0.044792 0.042593
0 16372 0.454948 0.785648 0.159896 0.113889
0 16373 0.438542 0.219907 0.020833 0.036111
0 16374 0.595833 0.207870 0.023958 0.034259
0 16375 0.331510 0.657407 0.085938 0.072222
0 16376 0.305990 0.726389 0.098437 0.089815
0 16377 0.566927 0.289815 0.040104 0.038889
0 16378 0.226823 0.835185 0.142187 0.103704
0 16379 0.406250 0.339815 0.033333 0.035185
0 16380 0.553906 0.517593 0.042188 0.042593
0 16381 0.574479 0.373611 0.036458 0.037963
0 16382 0.497656 0.796759 0.132812 0.110185
0 16383 0.550000 0.622222 0.078125 0.072222
