0 16292 0.578906 0.596759 0.059896 0.041667
0 16293 0.443490 0.164352 0.024479 0.028704
0 16294 0.546875 0.731944 0.069792 0.076852
0 16295 0.400000 0.592130 0.059375 0.049074
0 16296 0.404687 0.437500 0.037500 0.041667
0 16297 0.579948 0.245833 0.028646 0.039815
0 16298 0.285417 0.777778 0.130208 0.105556
0 16299 0.504687 0.738426 0.121875 0.086111
0 16300 0.379167 0.636111 0.069792 0.061111
0 16301 0.446875 0.550926 0.043750 0.040741
0 16302 0.434375 0.478241 0.044792 0.041667
0 16303 0.452083 0.785648 0.158333 0.113889
0 16304 0.439583 0.218519 0.020833 0.035185
0 16305 0.594792 0.207407 0.023958 0.033333
0 16306 0.331510 0.653704 0.085938 0.072222
0 16307 0.305990 0.723611 0.098437 0.089815
0 16308 0.566406 0.287037 0.040104 0.038889
0 16309 0.227604 0.835185 0.142708 0.103704
0 16310 0.405729 0.338426 0.033333 0.036111
0 16311 0.554427 0.515741 0.042188 0.042593
0 16312 0.575000 0.369907 0.036458 0.037963
0 16313 0.503385 0.795833 0.125521 0.110185
0 16314 0.550260 0.617593 0.077604 0.072222
