0 17051 0.579427 0.630093 0.061979 0.047222
0 17052 0.450260 0.172222 0.024479 0.033333
0 17053 0.542708 0.779630 0.067708 0.087037
0 17054 0.393490 0.628241 0.064062 0.052778
0 17055 0.402083 0.455556 0.039583 0.042593
0 17056 0.582812 0.252778 0.029167 0.038889
0 17057 0.275000 0.796296 0.130208 0.100000
0 17058 0.506250 0.767130 0.119792 0.084259
0 17059 0.378646 0.678241 0.070833 0.065741
0 17060 0.431771 0.564815 0.044792 0.042593
0 17061 0.427083 0.506019 0.045833 0.047222
0 17062 0.468750 0.792130 0.163542 0.112037
0 17063 0.413542 0.247685 0.025000 0.034259
0 17064 0.601562 0.208796 0.025000 0.036111
0 17065 0.321354 0.693056 0.086458 0.075000
0 17066 0.303125 0.750926 0.108333 0.088889
0 17067 0.567969 0.308796 0.041146 0.037963
0 17068 0.220833 0.850000 0.138542 0.103704
0 17069 0.405729 0.346759 0.033333 0.034259
0 17070 0.553385 0.541667 0.045312 0.040741
0 17071 0.570312 0.405093 0.036458 0.037963
0 17072 0.495833 0.803704 0.123958 0.101852
0 17073 0.547656 0.661574 0.078646 0.071296
