0 16867 0.579688 0.621759 0.061458 0.047222
0 16868 0.450781 0.169444 0.024479 0.033333
0 16869 0.542708 0.771296 0.067708 0.085185
0 16870 0.393490 0.616204 0.063021 0.052778
0 16871 0.402344 0.449074 0.039062 0.042593
0 16872 0.583333 0.250000 0.028125 0.038889
0 16873 0.275000 0.793519 0.130208 0.103704
0 16874 0.501302 0.761574 0.115104 0.087963
0 16875 0.378385 0.669444 0.070312 0.064815
0 16876 0.434635 0.559722 0.044271 0.041667
0 16877 0.428125 0.501389 0.044792 0.043519
0 16878 0.466146 0.792130 0.161458 0.112037
0 16879 0.424479 0.237500 0.022917 0.034259
0 16880 0.601562 0.207870 0.025000 0.036111
0 16881 0.325521 0.680556 0.086458 0.074074
0 16882 0.305990 0.740741 0.107813 0.083333
0 16883 0.568490 0.302778 0.041146 0.037037
0 16884 0.223177 0.849074 0.142187 0.103704
0 16885 0.406250 0.347222 0.033333 0.035185
0 16886 0.552865 0.531944 0.044271 0.039815
0 16887 0.570833 0.396759 0.036458 0.037963
0 16888 0.498437 0.800000 0.122917 0.098148
0 16889 0.549219 0.652315 0.078646 0.076852
