0 17097 0.579167 0.632870 0.062500 0.047222
0 17098 0.450260 0.173148 0.024479 0.033333
0 17099 0.542708 0.781481 0.067708 0.087037
0 17100 0.393490 0.631944 0.064062 0.052778
0 17101 0.402083 0.457407 0.039583 0.042593
0 17102 0.582552 0.253704 0.029687 0.038889
0 17103 0.275000 0.796759 0.130208 0.099074
0 17104 0.507812 0.768519 0.120833 0.083333
0 17105 0.378646 0.680556 0.070833 0.066667
0 17106 0.431250 0.565741 0.044792 0.042593
0 17107 0.426823 0.507870 0.046354 0.049074
0 17108 0.469271 0.792130 0.164583 0.112037
0 17109 0.410677 0.249074 0.025521 0.033333
0 17110 0.601562 0.208796 0.025000 0.036111
0 17111 0.320312 0.696759 0.086458 0.075000
0 17112 0.302083 0.753241 0.108333 0.089815
0 17113 0.567969 0.310648 0.041146 0.037963
0 17114 0.220312 0.850000 0.137500 0.103704
0 17115 0.405208 0.346759 0.033333 0.034259
0 17116 0.553385 0.544907 0.045312 0.041667
0 17117 0.570312 0.406944 0.036458 0.037963
0 17118 0.495312 0.804167 0.123958 0.102778
0 17119 0.547135 0.664352 0.078646 0.069444
