0 16522 0.577865 0.606019 0.060937 0.045370
0 16523 0.446354 0.168056 0.025000 0.030556
0 16524 0.545833 0.749537 0.068750 0.076852
0 16525 0.396875 0.600926 0.060417 0.050000
0 16526 0.404167 0.443519 0.037500 0.042593
0 16527 0.581510 0.247685 0.028646 0.039815
0 16528 0.282292 0.783333 0.130208 0.103704
0 16529 0.503906 0.747685 0.120313 0.087963
0 16530 0.378646 0.650000 0.069792 0.062963
0 16531 0.444792 0.555093 0.043750 0.041667
0 16532 0.432812 0.488426 0.044792 0.043519
0 16533 0.459375 0.788889 0.161458 0.112963
0 16534 0.435677 0.224537 0.021354 0.036111
0 16535 0.597656 0.208796 0.024479 0.036111
0 16536 0.331250 0.664815 0.086458 0.072222
0 16537 0.306510 0.729630 0.100521 0.087037
0 16538 0.567969 0.293519 0.040104 0.037037
0 16539 0.224740 0.837963 0.142187 0.103704
0 16540 0.406250 0.342593 0.033333 0.035185
0 16541 0.553385 0.521759 0.042188 0.041667
0 16542 0.572917 0.381944 0.036458 0.037963
0 16543 0.495052 0.797685 0.133854 0.108333
0 16544 0.550260 0.633333 0.078646 0.072222
