0 16660 0.577604 0.612500 0.061458 0.047222
0 16661 0.448958 0.169444 0.025000 0.033333
0 16662 0.545312 0.762037 0.067708 0.077778
0 16663 0.394792 0.605093 0.061458 0.050926
0 16664 0.403125 0.446296 0.037500 0.042593
0 16665 0.581510 0.249537 0.028646 0.041667
0 16666 0.279427 0.790741 0.130729 0.103704
0 16667 0.500521 0.756019 0.113542 0.089815
0 16668 0.378646 0.656944 0.069792 0.065741
0 16669 0.442188 0.556944 0.043750 0.041667
0 16670 0.430729 0.494907 0.044792 0.043519
0 16671 0.460938 0.794907 0.161458 0.112037
0 16672 0.432552 0.228704 0.021354 0.035185
0 16673 0.598177 0.208796 0.025521 0.036111
0 16674 0.331250 0.672222 0.086458 0.074074
0 16675 0.308594 0.732407 0.104688 0.083333
0 16676 0.568490 0.297685 0.041146 0.036111
0 16677 0.221094 0.841667 0.142187 0.103704
0 16678 0.406250 0.345370 0.033333 0.035185
0 16679 0.553385 0.524537 0.043229 0.039815
0 16680 0.571875 0.389352 0.036458 0.037963
0 16681 0.499740 0.796296 0.123438 0.103704
0 16682 0.550260 0.643519 0.078646 0.074074
