0 15533 0.565625 0.563426 0.053125 0.043519
0 15534 0.436719 0.155556 0.020313 0.025926
0 15535 0.547917 0.695833 0.069792 0.069444
0 15536 0.404687 0.570833 0.059375 0.050926
0 15537 0.404427 0.415278 0.035937 0.039815
0 15538 0.570573 0.231481 0.025521 0.038889
0 15539 0.292708 0.751389 0.133333 0.095370
0 15540 0.504687 0.700926 0.101042 0.088889
0 15541 0.381771 0.589815 0.068750 0.059259
0 15542 0.450260 0.532407 0.042188 0.040741
0 15543 0.433854 0.448148 0.043750 0.038889
0 15544 0.452865 0.764352 0.150521 0.110185
0 15545 0.439583 0.216204 0.021875 0.032407
0 15546 0.590625 0.190278 0.021875 0.028704
0 15547 0.339844 0.626852 0.084896 0.072222
0 15548 0.309115 0.697222 0.096354 0.081481
0 15549 0.559896 0.271759 0.038542 0.037963
0 15550 0.230208 0.803241 0.140625 0.108333
0 15551 0.405208 0.325926 0.033333 0.035185
0 15552 0.558073 0.484722 0.041146 0.041667
0 15553 0.572396 0.337500 0.035417 0.037963
0 15554 0.521354 0.781944 0.132292 0.110185
0 15555 0.551562 0.575926 0.075000 0.068519
