0 16154 0.578906 0.592593 0.059896 0.040741
0 16155 0.441667 0.162037 0.023958 0.027778
0 16156 0.547396 0.723148 0.069792 0.075926
0 16157 0.402083 0.586574 0.059375 0.049074
0 16158 0.404948 0.432870 0.036979 0.041667
0 16159 0.578125 0.243519 0.028125 0.038889
0 16160 0.286719 0.774537 0.129688 0.106481
0 16161 0.503385 0.733333 0.119271 0.087037
0 16162 0.379688 0.627315 0.069792 0.060185
0 16163 0.447917 0.548148 0.043750 0.040741
0 16164 0.434375 0.472685 0.044792 0.041667
0 16165 0.447135 0.783333 0.155729 0.112963
0 16166 0.441146 0.216204 0.020833 0.034259
0 16167 0.592969 0.206019 0.023438 0.032407
0 16168 0.332031 0.647222 0.085938 0.072222
0 16169 0.306250 0.718056 0.097917 0.089815
0 16170 0.565885 0.283796 0.040104 0.037963
0 16171 0.227604 0.833333 0.143750 0.103704
0 16172 0.405729 0.335648 0.033333 0.036111
0 16173 0.554948 0.512037 0.042188 0.042593
0 16174 0.576042 0.363426 0.036458 0.037963
0 16175 0.510417 0.793981 0.119792 0.110185
0 16176 0.550521 0.609722 0.077083 0.071296
