0 16913 0.579688 0.623611 0.061458 0.047222
0 16914 0.450781 0.169444 0.024479 0.033333
0 16915 0.542708 0.773611 0.067708 0.086111
0 16916 0.393229 0.618981 0.063542 0.052778
0 16917 0.402083 0.450000 0.039583 0.042593
0 16918 0.583333 0.250926 0.028125 0.038889
0 16919 0.275000 0.793981 0.130208 0.102778
0 16920 0.502344 0.762963 0.116146 0.087037
0 16921 0.378646 0.672222 0.070833 0.064815
0 16922 0.433854 0.561111 0.044792 0.042593
0 16923 0.427865 0.502315 0.045312 0.043519
0 16924 0.467187 0.792130 0.161458 0.112037
0 16925 0.422135 0.240278 0.023438 0.034259
0 16926 0.601562 0.207870 0.025000 0.036111
0 16927 0.324479 0.683796 0.086458 0.075000
0 16928 0.305729 0.743056 0.108333 0.084259
0 16929 0.568490 0.304167 0.041146 0.037963
0 16930 0.222917 0.850000 0.141667 0.103704
0 16931 0.406250 0.348148 0.033333 0.035185
0 16932 0.553125 0.533796 0.044792 0.039815
0 16933 0.570312 0.398611 0.036458 0.037963
0 16934 0.497917 0.800926 0.122917 0.098148
0 16935 0.548698 0.655093 0.078646 0.076852
