0 16108 0.578906 0.589815 0.059896 0.038889
0 16109 0.440625 0.162037 0.023958 0.027778
0 16110 0.547396 0.720833 0.069792 0.075000
0 16111 0.402604 0.585185 0.059375 0.048148
0 16112 0.404948 0.431944 0.036979 0.041667
0 16113 0.578125 0.242593 0.028125 0.038889
0 16114 0.287760 0.773611 0.129688 0.106481
0 16115 0.503385 0.731019 0.119271 0.087963
0 16116 0.380208 0.624537 0.069792 0.060185
0 16117 0.448437 0.546296 0.043750 0.040741
0 16118 0.434375 0.470833 0.044792 0.041667
0 16119 0.446875 0.781019 0.155208 0.112037
0 16120 0.441146 0.216204 0.020833 0.034259
0 16121 0.592708 0.205093 0.022917 0.032407
0 16122 0.332552 0.644444 0.085938 0.072222
0 16123 0.306250 0.716204 0.097917 0.089815
0 16124 0.565885 0.282870 0.040104 0.037963
0 16125 0.227083 0.831481 0.143750 0.103704
0 16126 0.405729 0.334722 0.033333 0.036111
0 16127 0.555469 0.509722 0.042188 0.041667
0 16128 0.576042 0.361574 0.036458 0.037963
0 16129 0.509635 0.793981 0.123438 0.110185
0 16130 0.550260 0.607870 0.076563 0.071296
