0 16591 0.576823 0.609259 0.060937 0.046296
0 16592 0.447396 0.168519 0.025000 0.031481
0 16593 0.545573 0.755093 0.068229 0.076852
0 16594 0.396094 0.602778 0.060937 0.050000
0 16595 0.403646 0.444444 0.037500 0.042593
0 16596 0.581510 0.248148 0.028646 0.040741
0 16597 0.280729 0.787037 0.130208 0.103704
0 16598 0.502083 0.751852 0.116667 0.088889
0 16599 0.378646 0.653704 0.069792 0.064815
0 16600 0.443229 0.556019 0.043750 0.041667
0 16601 0.431771 0.491204 0.044792 0.043519
0 16602 0.459896 0.791204 0.161458 0.112037
0 16603 0.434115 0.226389 0.021354 0.036111
0 16604 0.597917 0.208796 0.025000 0.036111
0 16605 0.331250 0.668056 0.086458 0.073148
0 16606 0.307552 0.730556 0.102604 0.085185
0 16607 0.568229 0.294907 0.040625 0.036111
0 16608 0.222656 0.839815 0.142187 0.103704
0 16609 0.406250 0.344444 0.033333 0.035185
0 16610 0.553125 0.523148 0.042708 0.040741
0 16611 0.572396 0.385648 0.036458 0.037963
0 16612 0.497135 0.797222 0.128646 0.105556
0 16613 0.550260 0.638426 0.078646 0.073148
