0 15832 0.571615 0.578241 0.056771 0.039815
0 15833 0.437500 0.158333 0.022917 0.025926
0 15834 0.547917 0.711574 0.069792 0.071296
0 15835 0.404167 0.578241 0.059375 0.050926
0 15836 0.404687 0.423611 0.036458 0.041667
0 15837 0.574740 0.237037 0.026562 0.038889
0 15838 0.290365 0.765278 0.128646 0.099074
0 15839 0.502344 0.715278 0.113021 0.089815
0 15840 0.382031 0.607870 0.069271 0.060185
0 15841 0.449479 0.539815 0.042708 0.040741
0 15842 0.434115 0.460648 0.044271 0.041667
0 15843 0.444531 0.773148 0.151562 0.111111
0 15844 0.441146 0.215278 0.021875 0.034259
0 15845 0.591146 0.198148 0.021875 0.029630
0 15846 0.337500 0.636111 0.085417 0.072222
0 15847 0.307031 0.705093 0.096354 0.089815
0 15848 0.563802 0.278241 0.039062 0.037963
0 15849 0.228646 0.819444 0.141667 0.103704
0 15850 0.405208 0.330556 0.033333 0.035185
0 15851 0.557292 0.499537 0.041667 0.041667
0 15852 0.573958 0.350926 0.035417 0.038889
0 15853 0.506250 0.788426 0.137500 0.110185
0 15854 0.550521 0.595370 0.075000 0.068519
