0 16499 0.577865 0.605556 0.060937 0.044444
0 16500 0.446354 0.167593 0.025000 0.029630
0 16501 0.545833 0.747685 0.068750 0.076852
0 16502 0.397396 0.599537 0.060417 0.049074
0 16503 0.404167 0.443519 0.037500 0.042593
0 16504 0.581510 0.247685 0.028646 0.039815
0 16505 0.282813 0.782407 0.130208 0.103704
0 16506 0.504427 0.746296 0.121354 0.087037
0 16507 0.378646 0.649074 0.069792 0.062963
0 16508 0.444792 0.554167 0.043750 0.041667
0 16509 0.433333 0.487500 0.044792 0.043519
0 16510 0.458854 0.788426 0.161458 0.113889
0 16511 0.436198 0.223611 0.021354 0.036111
0 16512 0.597656 0.208796 0.024479 0.036111
0 16513 0.331250 0.663889 0.086458 0.072222
0 16514 0.306250 0.730093 0.100000 0.087963
0 16515 0.567969 0.293056 0.040104 0.037963
0 16516 0.225260 0.837037 0.142187 0.103704
0 16517 0.406250 0.342593 0.033333 0.035185
0 16518 0.553385 0.520833 0.042188 0.041667
0 16519 0.572917 0.381019 0.036458 0.037963
0 16520 0.494271 0.797685 0.135417 0.108333
0 16521 0.550260 0.631481 0.078646 0.072222
