0 15671 0.565365 0.569907 0.053646 0.043519
0 15672 0.436719 0.156481 0.021354 0.025926
0 15673 0.547917 0.705093 0.069792 0.069444
0 15674 0.404687 0.574074 0.059375 0.051852
0 15675 0.404427 0.418519 0.035937 0.040741
0 15676 0.572396 0.233333 0.026042 0.038889
0 15677 0.291146 0.758796 0.130208 0.095370
0 15678 0.502865 0.706481 0.106771 0.088889
0 15679 0.382292 0.597685 0.068750 0.060185
0 15680 0.449740 0.536111 0.042188 0.040741
0 15681 0.434115 0.454630 0.044271 0.040741
0 15682 0.446615 0.768056 0.150521 0.110185
0 15683 0.440104 0.215278 0.021875 0.034259
0 15684 0.590625 0.193981 0.021875 0.028704
0 15685 0.339844 0.632407 0.084896 0.072222
0 15686 0.308594 0.700000 0.096354 0.087037
0 15687 0.561458 0.274537 0.038542 0.037963
0 15688 0.230208 0.810648 0.140625 0.104630
0 15689 0.405208 0.328704 0.033333 0.035185
0 15690 0.557552 0.493056 0.041146 0.041667
0 15691 0.572396 0.343056 0.035417 0.037963
0 15692 0.510417 0.784722 0.137500 0.110185
0 15693 0.551562 0.587037 0.075000 0.068519
