0 17074 0.579688 0.631944 0.062500 0.047222
0 17075 0.450260 0.173148 0.024479 0.033333
0 17076 0.542708 0.780556 0.067708 0.087037
0 17077 0.393490 0.630093 0.064062 0.052778
0 17078 0.402083 0.456481 0.039583 0.042593
0 17079 0.582552 0.253704 0.029687 0.038889
0 17080 0.275000 0.796296 0.130208 0.100000
0 17081 0.507031 0.768056 0.120313 0.084259
0 17082 0.378646 0.679630 0.070833 0.066667
0 17083 0.431771 0.565741 0.044792 0.042593
0 17084 0.426823 0.507407 0.046354 0.048148
0 17085 0.469010 0.792130 0.164062 0.112037
0 17086 0.411979 0.248148 0.025000 0.033333
0 17087 0.601562 0.208796 0.025000 0.036111
0 17088 0.320833 0.694907 0.086458 0.075000
0 17089 0.302604 0.752315 0.108333 0.089815
0 17090 0.567969 0.309722 0.041146 0.037963
0 17091 0.220573 0.850000 0.138021 0.103704
0 17092 0.405208 0.346759 0.033333 0.034259
0 17093 0.553385 0.542593 0.045312 0.040741
0 17094 0.570312 0.406019 0.036458 0.037963
0 17095 0.495833 0.804167 0.123958 0.102778
0 17096 0.547135 0.662963 0.078646 0.070370
