0 16752 0.578646 0.616204 0.061458 0.047222
0 16753 0.449740 0.169444 0.024479 0.033333
0 16754 0.544271 0.765278 0.067708 0.080556
0 16755 0.394010 0.610185 0.061979 0.051852
0 16756 0.402865 0.447222 0.038021 0.042593
0 16757 0.582292 0.249537 0.028125 0.039815
0 16758 0.277083 0.791667 0.130208 0.103704
0 16759 0.500781 0.758333 0.114062 0.088889
0 16760 0.378646 0.662500 0.069792 0.065741
0 16761 0.439063 0.557870 0.043750 0.041667
0 16762 0.429688 0.497685 0.044792 0.043519
0 16763 0.463021 0.793056 0.161458 0.112037
0 16764 0.428906 0.232407 0.022396 0.035185
0 16765 0.599479 0.208796 0.025000 0.036111
0 16766 0.328646 0.675926 0.086458 0.074074
0 16767 0.307031 0.736111 0.105729 0.083333
0 16768 0.568490 0.299537 0.041146 0.036111
0 16769 0.222135 0.844444 0.142187 0.103704
0 16770 0.406250 0.346296 0.033333 0.035185
0 16771 0.553125 0.528241 0.043750 0.039815
0 16772 0.571354 0.392130 0.036458 0.037963
0 16773 0.499219 0.798148 0.123438 0.101852
0 16774 0.549740 0.647685 0.078646 0.075000
