0 15579 0.565625 0.565278 0.053125 0.043519
0 15580 0.436979 0.155556 0.020833 0.025926
0 15581 0.547917 0.698611 0.069792 0.069444
0 15582 0.404687 0.571759 0.059375 0.050926
0 15583 0.404427 0.416204 0.035937 0.039815
0 15584 0.571094 0.232407 0.025521 0.038889
0 15585 0.292187 0.753241 0.132292 0.095370
0 15586 0.504167 0.702778 0.103125 0.088889
0 15587 0.381771 0.592593 0.068750 0.059259
0 15588 0.450260 0.533333 0.042188 0.040741
0 15589 0.434115 0.450000 0.044271 0.038889
0 15590 0.450781 0.766204 0.150521 0.110185
0 15591 0.439583 0.216667 0.021875 0.033333
0 15592 0.590625 0.191204 0.021875 0.028704
0 15593 0.339844 0.628704 0.084896 0.072222
0 15594 0.309115 0.698148 0.096354 0.083333
0 15595 0.560417 0.272685 0.038542 0.037963
0 15596 0.230208 0.805556 0.140625 0.107407
0 15597 0.405208 0.326852 0.033333 0.035185
0 15598 0.558073 0.487500 0.041146 0.041667
0 15599 0.572396 0.339352 0.035417 0.037963
0 15600 0.517969 0.782870 0.133854 0.110185
0 15601 0.551562 0.579630 0.075000 0.068519
