0 15602 0.565885 0.566204 0.053646 0.043519
0 15603 0.436979 0.155556 0.020833 0.025926
0 15604 0.547917 0.700463 0.069792 0.069444
0 15605 0.404687 0.573148 0.059375 0.051852
0 15606 0.404427 0.417130 0.035937 0.039815
0 15607 0.571615 0.232407 0.025521 0.038889
0 15608 0.291927 0.755093 0.131771 0.095370
0 15609 0.503906 0.703704 0.103646 0.088889
0 15610 0.381771 0.593519 0.068750 0.059259
0 15611 0.450260 0.534259 0.042188 0.040741
0 15612 0.434115 0.451389 0.044271 0.039815
0 15613 0.449740 0.766204 0.150521 0.110185
0 15614 0.439583 0.215741 0.021875 0.033333
0 15615 0.590625 0.192130 0.021875 0.028704
0 15616 0.339844 0.629630 0.084896 0.072222
0 15617 0.309115 0.698611 0.096354 0.084259
0 15618 0.560937 0.273611 0.038542 0.037963
0 15619 0.230208 0.806944 0.140625 0.106481
0 15620 0.405208 0.326852 0.033333 0.035185
0 15621 0.558073 0.489352 0.041146 0.041667
0 15622 0.572396 0.340278 0.035417 0.037963
0 15623 0.515885 0.782870 0.134896 0.110185
0 15624 0.551562 0.581481 0.075000 0.068519
