0 16936 0.579688 0.624537 0.061458 0.047222
0 16937 0.450781 0.170370 0.024479 0.033333
0 16938 0.542708 0.774537 0.067708 0.086111
0 16939 0.393229 0.620833 0.063542 0.052778
0 16940 0.402083 0.450926 0.039583 0.042593
0 16941 0.583333 0.250926 0.028125 0.038889
0 16942 0.275000 0.794907 0.130208 0.102778
0 16943 0.503125 0.763889 0.116667 0.087037
0 16944 0.378646 0.673148 0.070833 0.064815
0 16945 0.433333 0.561111 0.044792 0.042593
0 16946 0.427865 0.502778 0.045312 0.044444
0 16947 0.467448 0.792130 0.161979 0.112037
0 16948 0.420573 0.241204 0.023438 0.034259
0 16949 0.601562 0.208796 0.025000 0.036111
0 16950 0.323958 0.685648 0.086458 0.075000
0 16951 0.305208 0.744444 0.108333 0.085185
0 16952 0.567969 0.305093 0.041146 0.037963
0 16953 0.222656 0.850000 0.141146 0.103704
0 16954 0.406250 0.348148 0.033333 0.035185
0 16955 0.553125 0.535648 0.044792 0.039815
0 16956 0.570312 0.399537 0.036458 0.037963
0 16957 0.497396 0.801389 0.122917 0.099074
0 16958 0.548698 0.656481 0.078646 0.075926
