0 16062 0.578906 0.587037 0.059896 0.037037
0 16063 0.439583 0.162037 0.023958 0.027778
0 16064 0.547396 0.718981 0.069792 0.075000
0 16065 0.403125 0.584259 0.059375 0.048148
0 16066 0.404948 0.430093 0.036979 0.041667
0 16067 0.577865 0.241667 0.027604 0.038889
0 16068 0.288542 0.772685 0.129167 0.106481
0 16069 0.503385 0.728704 0.119271 0.088889
0 16070 0.380729 0.622685 0.069792 0.060185
0 16071 0.448958 0.545370 0.043750 0.040741
0 16072 0.434375 0.468981 0.044792 0.041667
0 16073 0.446354 0.780093 0.154167 0.112037
0 16074 0.441146 0.216204 0.020833 0.034259
0 16075 0.592448 0.203241 0.022396 0.032407
0 16076 0.333333 0.642593 0.086458 0.072222
0 16077 0.305990 0.714352 0.097396 0.089815
0 16078 0.565885 0.281944 0.040104 0.037963
0 16079 0.227083 0.829630 0.143750 0.103704
0 16080 0.405208 0.333333 0.033333 0.035185
0 16081 0.555990 0.507870 0.042188 0.041667
0 16082 0.576042 0.359722 0.036458 0.037963
0 16083 0.509375 0.793981 0.127083 0.110185
0 16084 0.550260 0.605556 0.076563 0.070370
