0 15901 0.575521 0.581944 0.058333 0.037963
0 15902 0.437760 0.159722 0.023438 0.026852
0 15903 0.547917 0.712963 0.069792 0.072222
0 15904 0.404167 0.580093 0.059375 0.049074
0 15905 0.404687 0.425463 0.036458 0.041667
0 15906 0.576042 0.237963 0.027083 0.038889
0 15907 0.290365 0.768056 0.128646 0.102778
0 15908 0.502865 0.718981 0.116146 0.089815
0 15909 0.381510 0.612500 0.069271 0.060185
0 15910 0.449740 0.541667 0.043229 0.040741
0 15911 0.434115 0.462500 0.044271 0.041667
0 15912 0.444792 0.775000 0.152083 0.111111
0 15913 0.441406 0.215278 0.021354 0.034259
0 15914 0.591667 0.198611 0.021875 0.030556
0 15915 0.336198 0.637037 0.085938 0.072222
0 15916 0.306250 0.707870 0.096875 0.089815
0 15917 0.564583 0.279167 0.039583 0.037963
0 15918 0.227083 0.823148 0.142708 0.103704
0 15919 0.405208 0.331481 0.033333 0.035185
0 15920 0.556771 0.502315 0.041667 0.041667
0 15921 0.575260 0.353704 0.035937 0.038889
0 15922 0.507031 0.791204 0.135937 0.110185
0 15923 0.550260 0.598611 0.075521 0.069444
