0 16430 0.578646 0.602315 0.060417 0.043519
0 16431 0.445312 0.167130 0.025000 0.028704
0 16432 0.546354 0.742130 0.069792 0.076852
0 16433 0.398438 0.598611 0.060417 0.049074
0 16434 0.404687 0.442593 0.037500 0.042593
0 16435 0.581510 0.247685 0.028646 0.039815
0 16436 0.284896 0.780093 0.130208 0.104630
0 16437 0.506250 0.743519 0.125000 0.087037
0 16438 0.378646 0.644444 0.069792 0.061111
0 16439 0.445833 0.553241 0.043750 0.041667
0 16440 0.434375 0.484722 0.044792 0.043519
0 16441 0.458333 0.786111 0.161458 0.114815
0 16442 0.438021 0.221759 0.020833 0.036111
0 16443 0.597656 0.208796 0.024479 0.036111
0 16444 0.331771 0.661111 0.086458 0.072222
0 16445 0.305990 0.729167 0.098437 0.089815
0 16446 0.567969 0.291667 0.040104 0.038889
0 16447 0.226823 0.836111 0.142187 0.103704
0 16448 0.406250 0.341667 0.033333 0.035185
0 16449 0.553906 0.519444 0.042188 0.042593
0 16450 0.573958 0.378241 0.036458 0.037963
0 16451 0.491927 0.798611 0.140104 0.110185
0 16452 0.550260 0.626852 0.078646 0.072222
