0 16177 0.578906 0.592593 0.059896 0.040741
0 16178 0.442188 0.162037 0.023958 0.027778
0 16179 0.547396 0.724074 0.069792 0.075926
0 16180 0.402083 0.587500 0.059375 0.049074
0 16181 0.404427 0.433796 0.036979 0.041667
0 16182 0.578125 0.243519 0.028125 0.038889
0 16183 0.286198 0.775463 0.129688 0.106481
0 16184 0.503646 0.733796 0.119792 0.086111
0 16185 0.379688 0.628241 0.069792 0.060185
0 16186 0.447917 0.548148 0.043750 0.040741
0 16187 0.434375 0.473611 0.044792 0.041667
0 16188 0.447396 0.784259 0.156250 0.112963
0 16189 0.441146 0.216204 0.020833 0.034259
0 16190 0.592969 0.206944 0.023438 0.032407
0 16191 0.331510 0.648148 0.085938 0.072222
0 16192 0.306250 0.718981 0.097917 0.089815
0 16193 0.565885 0.283796 0.040104 0.037963
0 16194 0.228125 0.834259 0.143750 0.103704
0 16195 0.405729 0.335648 0.033333 0.036111
0 16196 0.554948 0.512963 0.042188 0.042593
0 16197 0.576042 0.364352 0.036458 0.037963
0 16198 0.510417 0.793981 0.117708 0.110185
0 16199 0.550521 0.609722 0.077083 0.071296
