0 16959 0.579948 0.626389 0.061979 0.047222
0 16960 0.450781 0.170370 0.024479 0.033333
0 16961 0.542708 0.775463 0.067708 0.086111
0 16962 0.393229 0.622685 0.063542 0.052778
0 16963 0.402083 0.451852 0.039583 0.042593
0 16964 0.583073 0.251852 0.028646 0.038889
0 16965 0.275000 0.794444 0.130208 0.101852
0 16966 0.503906 0.764352 0.117188 0.086111
0 16967 0.378646 0.674074 0.070833 0.064815
0 16968 0.433333 0.562037 0.044792 0.042593
0 16969 0.427344 0.504167 0.045312 0.045370
0 16970 0.467708 0.792130 0.162500 0.112037
0 16971 0.419271 0.242130 0.023958 0.034259
0 16972 0.601562 0.208796 0.025000 0.036111
0 16973 0.323437 0.687500 0.086458 0.075000
0 16974 0.304688 0.745833 0.108333 0.086111
0 16975 0.567969 0.306019 0.041146 0.037963
0 16976 0.222396 0.850000 0.140625 0.103704
0 16977 0.405729 0.347222 0.033333 0.035185
0 16978 0.553125 0.536574 0.044792 0.039815
0 16979 0.570312 0.400463 0.036458 0.037963
0 16980 0.496875 0.801389 0.122917 0.099074
0 16981 0.548177 0.656944 0.078646 0.075000
