0 15947 0.578125 0.585185 0.059375 0.037037
0 15948 0.437760 0.160648 0.023438 0.026852
0 15949 0.547917 0.714352 0.069792 0.073148
0 15950 0.403646 0.581481 0.059375 0.048148
0 15951 0.404687 0.427315 0.036458 0.041667
0 15952 0.577083 0.238889 0.027083 0.038889
0 15953 0.290365 0.768981 0.128646 0.104630
0 15954 0.502865 0.721759 0.118229 0.089815
0 15955 0.381771 0.616204 0.069792 0.060185
0 15956 0.449219 0.542593 0.043229 0.040741
0 15957 0.434635 0.464352 0.044271 0.041667
0 15958 0.445052 0.775926 0.152604 0.111111
0 15959 0.441406 0.215278 0.021354 0.034259
0 15960 0.591667 0.200000 0.021875 0.031481
0 15961 0.335417 0.637037 0.086458 0.072222
0 15962 0.305729 0.709722 0.096875 0.089815
0 15963 0.565104 0.280093 0.039583 0.037963
0 15964 0.226302 0.825000 0.143229 0.103704
0 15965 0.405208 0.331481 0.033333 0.035185
0 15966 0.556771 0.503241 0.041667 0.041667
0 15967 0.575781 0.355556 0.035937 0.038889
0 15968 0.507552 0.793056 0.134896 0.110185
0 15969 0.550260 0.600463 0.075521 0.069444
